# GCAM population data interpolated to all historical and future years
iso,year,value
abw,1971,59.6826583554507
afg,1971,11739.241934726566
ago,1971,6163.744237390553
aia,1971,6.8859971568250495
alb,1971,2192.11215175244
and,1971,25.502567995344098
ant,1971,161.65525958800225
are,1971,278.2903038139847
arg,1971,24358.598435669854
arm,1971,2579.104222606061
asm,1971,28.627294741196373
atg,1971,64.61973155756631
aus,1971,12912.948020255948
aut,1971,7533.6695190721985
aze,1971,5266.9606526673915
bdi,1971,3601.8543089334275
bel,1971,9641.988237843441
ben,1971,3037.1636814565536
bfa,1971,5839.887262373795
bgd,1971,67038.07078197936
bgr,1971,8519.8663068092
bhr,1971,220.9625273050755
bhs,1971,174.59888591472017
bih,1971,3787.874643641208
blr,1971,8957.150343389429
blz,1971,125.302455991786
bmu,1971,53.044623020011855
bol,1971,4600.44453387454
bra,1971,97880.88509171826
brb,1971,241.0741617630145
brn,1971,138.78979791426718
btn,1971,314.01126562621255
bwa,1971,659.5041658721505
caf,1971,1877.9839441703587
can,1971,21738.6813758454
che,1971,6189.253438872868
chi,1971,122.14272295528218
chl,1971,9983.317272249587
chn,1971,844060.2688655485
civ,1971,5437.216954462892
cmr,1971,6825.8380672868025
cod,1971,20982.673167468896
cog,1971,1393.7035070335355
cok,1971,21.200678435295394
col,1971,22093.809232842705
com,1971,239.4204591293916
cpv,1971,276.8318190362256
cri,1971,1903.8175606767816
cub,1971,8904.28613655418
cym,1971,9.619109472496934
cyp,1971,619.4881984045282
cze,1971,9802.156787873819
deu,1971,78615.97780415954
dji,1971,172.81976953880482
dma,1971,71.86016980455747
dnk,1971,4950.806869662918
dom,1971,4646.100160984608
dza,1971,15174.992428048852
ecu,1971,6272.922511737771
egy,1971,36030.726142308165
eri,1971,1374.5993779857881
esh,1971,77.92664336028152
esp,1971,34191.806474945886
est,1971,1368.7409408768153
eth,1971,29844.03409408153
fin,1971,4619.1587396332425
fji,1971,543.8561978178936
flk,1971,1.9690056028775038
fra,1971,51049.60558849783
fro,1971,39.37088023632722
fsm,1971,63.50913779741829
gab,1971,612.8391956286175
gbr,1971,55625.44318901553
geo,1971,4742.337771350868
gha,1971,9155.905108845995
gib,1971,28.94195732512817
gin,1971,4309.016251627301
glp,1971,325.5034351559558
gmb,1971,487.8486227523747
gnb,1971,732.987158001169
gnq,1971,304.92936759082767
grc,1971,8697.62691769158
grd,1971,94.60564860210162
grl,1971,47.081817497879676
gtm,1971,5804.078280123077
guf,1971,49.831605846612774
gum,1971,87.69666484361778
guy,1971,716.5975495584032
hkg,1971,4003.564610915216
hnd,1971,2809.546080846716
hrv,1971,4418.503725557165
hti,1971,4776.602759769511
hun,1971,10350.588719167845
idn,1971,120589.96663888905
imn,1971,56.23456432761836
ind,1971,562462.5333333333
irl,1971,2937.587714866646
irn,1971,29368.052356991684
irq,1971,10286.133009830413
isl,1971,206.63076806681866
isr,1971,2908.5830478379066
ita,1971,53769.89214670099
jam,1971,1912.0500323432746
jor,1971,1814.5240707489877
jpn,1971,106836.2
kaz,1971,13206.157842666069
ken,1971,11951.481094613979
kgz,1971,3029.6532111463116
khm,1971,7100.115963828099
kir,1971,53.17491354514678
kna,1971,44.6716263498318
kor,1971,32538
kwt,1971,801.0001939612007
lao,1971,2825.763804613022
lbn,1971,2360.9979234673146
lbr,1971,1465.9845195642927
lby,1971,2273.502575507225
lca,1971,105.67666123714874
lie,1971,21.680026503495306
lka,1971,13040.867248249453
lso,1971,1074.0412163363453
ltu,1971,3159.5379215083685
lux,1971,341.4703953509381
lva,1971,2390.4057124737124
mac,1971,254.4559762484171
mar,1971,16683.722729709883
mco,1971,23.668626136294744
mda,1971,3634.446647045497
mdg,1971,6895.414115543374
mdv,1971,122.04450819090228
mex,1971,53293.05243111487
mhl,1971,21.80294213904797
mkd,1971,1731.5612430761196
mli,1971,6167.573634192145
mlt,1971,319.6476845787573
mmr,1971,28555.42983783842
mne,1971,520.393818771255
mng,1971,1309.7577135339882
mnp,1971,13.737705155786381
moz,1971,9420.596729868537
mrt,1971,1205.7283869234443
msr,1971,11.564017097572775
mtq,1971,325.6124856850669
mus,1971,856.6890210025356
mwi,1971,4927.391899972528
mys,1971,11316.735636282778
myt,1971,39.29697815605879
nam,1971,859.5011226772452
ncl,1971,112.35476634596904
ner,1971,4732.399790306203
nga,1971,58463.33158567425
nic,1971,2491.470847348123
niu,1971,4.918224495411081
nld,1971,13118.902532499727
nor,1971,3896.6465124852084
npl,1971,12607.28505929098
nru,1971,6.831513517785498
nzl,1971,2844.348727309636
omn,1971,751.1795188216155
pak,1971,61107.654152351155
pan,1971,1569.4741839972494
per,1971,13892.852700902295
phl,1971,37696.773418463956
plw,1971,12.330073739123783
png,1971,2915.0368938847478
pol,1971,32739.882112794083
pri,1971,2564.911103654502
prk,1971,14727.523149078306
prt,1971,8680.788178402507
pry,1971,2546.2254692431343
pse,1971,1147.5394268305965
pyf,1971,117.01140748597497
qat,1971,119.76660025603819
reu,1971,479.6888342572172
rom,1971,20688.443972386485
rus,1971,130395.72464106733
rwa,1971,3950.2467690264093
sau,1971,6118.639652415908
sdn,1971,10837.684760189808
sen,1971,4476.853621863636
sgp,1971,2159.489708003149
shn,1971,5.917045577518889
slb,1971,169.98172344149057
sle,1971,2855.6953728049616
slv,1971,3785.4499205399084
smr,1971,19.346190808002138
som,1971,3543.051181388607
spm,1971,5.651957487931241
srb,1971,8150.524123742157
stp,1971,77.90113445539484
sur,1971,370.7433721489433
svk,1971,4554.625989598917
svn,1971,1673.7330714959753
swe,1971,8077.918207235446
swz,1971,453.01468259529287
syc,1971,54.80333125858588
syr,1971,6590.259129236021
tca,1971,5.995376060571942
tcd,1971,3802.0400316346836
tgo,1971,2230.153762898963
tha,1971,38835.975866494286
tjk,1971,3010.370537291782
tkl,1971,1.5733562648494759
tkm,1971,2251.454248400245
tls,1971,598.7047196462235
ton,1971,87.4644465793864
tto,1971,959.642725089112
tun,1971,5281.664672819992
tur,1971,35641.731086189604
tuv,1971,5.898548509067263
twn,1971,15619.138555577156
tza,1971,14256.105554439173
uga,1971,9868.742272699057
ukr,1971,47277.29503883774
ury,1971,2829.7863740352955
usa,1971,203356.4888963455
uzb,1971,12405.060268672374
vct,1971,91.86450362716253
ven,1971,11793.89674456451
vgb,1971,10.05789348496887
vir,1971,69.04472273139658
vnm,1971,44237.73430801101
vut,1971,90.03316931720602
wlf,1971,8.810993238857929
wsm,1971,148.75574650520252
yem,1971,6308.938905149929
zaf,1971,23126.649686811023
zmb,1971,4407.146968014044
zwe,1971,5588.4725161666765
abw,1972,60.02531454708758
afg,1972,12053.499187778883
ago,1972,6356.100093771773
aia,1972,6.969516802693259
alb,1972,2244.2306826281347
and,1972,26.85864230963677
ant,1972,163.0072479137687
are,1972,330.57485302738
arg,1972,24729.52179076531
arm,1972,2646.1471779850076
asm,1972,29.20244532028967
atg,1972,64.33160925548744
aus,1972,13131.592549680478
aut,1972,7571.713141845404
aze,1972,5376.447372352496
bdi,1972,3631.1059582018206
bel,1972,9680.82268616665
ben,1972,3095.9519091944294
bfa,1972,5925.434028801679
bgd,1972,68107.72944965345
bgr,1972,8571.139264169235
bhr,1972,228.8786443813994
bhs,1972,178.4168214778122
bih,1972,3834.3660166807695
blr,1972,9041.903215155631
blz,1972,127.54376244422103
bmu,1972,53.68532431308924
bol,1972,4696.890584594544
bra,1972,100168.63093337385
brb,1972,242.26293186563933
brn,1972,145.1811422017776
btn,1972,323.8755328153721
bwa,1972,678.5737757730748
caf,1972,1899.9296709614046
can,1972,22087.25008048758
che,1972,6243.5337039463275
chi,1972,123.46066527084041
chl,1972,10134.963401257199
chn,1972,860054.7091027369
civ,1972,5672.010996255605
cmr,1972,6985.373688135659
cod,1972,21484.89719616443
cog,1972,1430.7306102425105
cok,1972,21.124894178993326
col,1972,22586.154630696972
com,1972,243.35263688827263
cpv,1972,276.5218754346927
cri,1972,1950.189768678087
cub,1972,9053.294995337303
cym,1972,10.164380219011338
cyp,1972,627.2190113478832
cze,1972,9847.992159271074
deu,1972,78803.94568057638
dji,1972,182.30874660339737
dma,1972,71.95313900028644
dnk,1972,4984.355568339601
dom,1972,4770.185867158733
dza,1972,15549.087608200167
ecu,1972,6449.289719542771
egy,1972,36724.04650794461
eri,1972,1408.6316864378928
esh,1972,74.74980049630997
esp,1972,34621.235383889245
est,1972,1383.7980206453256
eth,1972,30659.577951940963
fin,1972,4645.402538621073
fji,1972,554.9190404119202
flk,1972,1.963060504155254
fra,1972,51509.29188513718
fro,1972,39.875475762763955
fsm,1972,63.66433619569154
gab,1972,622.2324550968877
gbr,1972,55823.087270664284
geo,1972,4785.715979991349
gha,1972,9388.488479343512
gib,1972,29.321583404964908
gin,1972,4364.381309418722
glp,1972,326.64343754246096
gmb,1972,500.9014800189961
gnb,1972,745.1309533776753
gnq,1972,294.4837993261513
grc,1972,8763.629814327689
grd,1972,94.2740497506506
grl,1972,48.01736376321609
gtm,1972,5959.967046751263
guf,1972,51.42777158279802
gum,1972,89.5352882090598
guy,1972,724.1837531189971
hkg,1972,4062.5991733314395
hnd,1972,2891.038425555653
hrv,1972,4434.573289065364
hti,1972,4852.312414249538
hun,1972,10380.639212565986
idn,1972,123709.22725149036
imn,1972,57.09508947912746
ind,1972,573382.4
irl,1972,2982.861368738757
irn,1972,30039.026888909117
irq,1972,10586.885046073177
isl,1972,209.66859740516654
isr,1972,2992.868312161045
ita,1972,54191.43673546866
jam,1972,1941.092683490461
jor,1972,1881.663018056214
jpn,1972,107994.4
kaz,1972,13441.944576271097
ken,1972,12355.122267328225
kgz,1972,3100.44427827705
khm,1972,7222.905500451409
kir,1972,53.954040116389145
kna,1972,44.45725168327075
kor,1972,33223
kwt,1972,850.8886090498755
lao,1972,2904.0327638931994
lbn,1972,2414.920145825076
lbr,1972,1499.9467791854431
lby,1972,2367.550019148894
lca,1972,106.6392244234773
lie,1972,22.123523196518082
lka,1972,13291.453068900315
lso,1972,1095.6336172766275
ltu,1972,3198.3916763533857
lux,1972,344.6749232850877
lva,1972,2414.3153069642763
mac,1972,254.3005816148878
mar,1972,16984.272588400807
mco,1972,24.021166376211294
mda,1972,3692.1720369210716
mdg,1972,7066.183018625254
mdv,1972,126.09789057440445
mex,1972,54859.30867542264
mhl,1972,22.837953964385182
mkd,1972,1747.3062345666397
mli,1972,6253.266095930389
mlt,1972,320.03852101482846
mmr,1972,29205.611210063078
mne,1972,526.9032000773873
mng,1972,1341.9542931211824
mnp,1972,14.190791680479617
moz,1972,9608.82568470114
mrt,1972,1238.4002941420779
msr,1972,11.557681721449585
mtq,1972,326.89400669136234
mus,1972,867.0712382534477
mwi,1972,5043.893971574842
mys,1972,11576.174603014455
myt,1972,40.88784079403519
nam,1972,883.9142292940398
ncl,1972,117.54170800952805
ner,1972,4850.2962097178815
nga,1972,59675.545267126974
nic,1972,2566.622866081525
niu,1972,4.683844931078778
nld,1972,13275.38533884124
nor,1972,3928.845482651938
npl,1972,12863.03979443238
nru,1972,6.9543261635429205
nzl,1972,2904.783006086466
omn,1972,775.4437037150874
pak,1972,62747.37000798933
pan,1972,1612.7750773320395
per,1972,14266.004052496864
phl,1972,38766.96531136248
plw,1972,12.614491379997007
png,1972,2983.0501832360687
pol,1972,33002.58557093698
pri,1972,2608.5528545784678
prk,1972,15042.813346100249
prt,1972,8778.19971890946
pry,1972,2605.1969548333345
pse,1972,1178.8406289723896
pyf,1972,121.07458339115443
qat,1972,130.34262002475452
reu,1972,483.6566903637747
rom,1972,20919.55050464729
rus,1972,131324.30478873715
rwa,1972,4055.850833967462
sau,1972,6385.260226357507
sdn,1972,11163.51371058603
sen,1972,4600.739598777395
sgp,1972,2198.339884169294
shn,1972,6.020875949345562
slb,1972,176.39025256087876
sle,1972,2904.0091507450697
slv,1972,3879.2854140338027
smr,1972,19.46981902365236
som,1972,3539.683041015914
spm,1972,5.749919512418279
srb,1972,8224.617348763755
stp,1972,79.27537527222457
sur,1972,369.0463469096817
svk,1972,4595.7108235226215
svn,1972,1687.5856931047585
swe,1972,8116.952969070971
swz,1972,464.90541020661374
syc,1972,56.075828427027005
syr,1972,6791.940187568997
tca,1972,6.176067206992283
tcd,1972,3880.9270441797858
tgo,1972,2286.266668015205
tha,1972,39927.423894507716
tjk,1972,3106.188859030212
tkl,1972,1.5596291440700507
tkm,1972,2320.210608109165
tls,1972,613.5426912757831
ton,1972,88.24317175003902
tto,1972,971.1341564899597
tun,1972,5382.410830217647
tur,1972,36541.87700016076
tuv,1972,5.918792957065047
twn,1972,15932.843739860895
tza,1972,14676.676008613036
uga,1972,10100.5417432262
ukr,1972,47704.78464568141
ury,1972,2830.19859637935
usa,1972,205602.24714542154
uzb,1972,12776.03145752537
vct,1972,92.79949740465766
ven,1972,12135.158550207458
vgb,1972,10.239612481561998
vir,1972,73.50091741516204
vnm,1972,45054.4177575903
vut,1972,92.8289584867219
wlf,1972,8.856075978915255
wsm,1972,150.57245723728033
yem,1972,6382.867115877973
zaf,1972,23682.221926287602
zmb,1972,4543.044369351659
zwe,1972,5771.568555267314
abw,1973,60.35831725450707
afg,1973,12367.669950082061
ago,1973,6583.481019422299
aia,1973,7.041453009721887
alb,1973,2296.3245368955154
and,1973,28.2296845814728
ant,1973,164.10753475731173
are,1973,392.005803471396
arg,1973,25104.441153404987
arm,1973,2712.9101099992395
asm,1973,29.721718990089247
atg,1973,63.77183893978346
aus,1973,13345.380470063154
aut,1973,7606.441114365308
aze,1973,5483.332851081823
bdi,1973,3653.134894990279
bel,1973,9719.963761755529
ben,1973,3155.139319446493
bfa,1973,6009.458307822427
bgd,1973,69082.59999462993
bgr,1973,8618.307741406044
bhr,1973,237.93781951450768
bhs,1973,181.86446015448033
bih,1973,3880.415983836928
blr,1973,9123.868398016899
blz,1973,129.54149479780614
bmu,1973,54.32454426278108
bol,1973,4795.084222061354
bra,1973,102455.24230553446
brb,1973,243.53428309904513
brn,1973,151.6849460706575
btn,1973,333.96794222740067
bwa,1973,699.0994494152308
caf,1973,1920.0864588857685
can,1973,22435.814321278252
che,1973,6292.016924359194
chi,1973,124.71477080703437
chl,1973,10285.479867578291
chn,1973,876029.5054126701
civ,1973,5919.296415130869
cmr,1973,7146.770679026835
cod,1973,21979.291212317585
cog,1973,1467.9282707106584
cok,1973,20.920536093514368
col,1973,23068.59057015406
com,1973,247.4600794634601
cpv,1973,274.6777698519344
cri,1973,1996.328073735486
cub,1973,9196.374082448392
cym,1973,10.802638922996781
cyp,1973,635.054912350717
cze,1973,9903.212581949716
deu,1973,78925.98143565087
dji,1973,193.10576403390826
dma,1973,71.87532100333362
dnk,1973,5016.836515550624
dom,1973,4893.8108436709135
dza,1973,15919.030264598427
ecu,1973,6627.505143879875
egy,1973,37387.89959693314
eri,1973,1442.7210009376245
esh,1973,71.34155897655052
esp,1973,35066.55481658133
est,1973,1398.5349800687363
eth,1973,31449.9723383368
fin,1973,4675.072547270986
fji,1973,565.9771105749167
flk,1973,1.9316905809254123
fra,1973,51975.26395239971
fro,1973,40.38368770161312
fsm,1973,63.60039317913599
gab,1973,631.2153275051537
gbr,1973,56001.70270106976
geo,1973,4822.39161439389
gha,1973,9619.980189636737
gib,1973,29.647568285657005
gin,1973,4415.383236710772
glp,1973,327.19011128625897
gmb,1973,514.1893920031387
gnb,1973,756.1096682888704
gnq,1973,281.34336804163604
grc,1973,8839.589970631294
grd,1973,93.84830136136019
grl,1973,48.73400280291234
gtm,1973,6116.215301855087
guf,1973,52.98122298720736
gum,1973,91.37539064362008
guy,1973,731.3132064661584
hkg,1973,4124.061120545306
hnd,1973,2974.672243864709
hrv,1973,4449.727317778103
hti,1973,4928.04024045864
hun,1973,10408.484829202089
idn,1973,126853.2026003794
imn,1973,57.91424983261274
ind,1973,584302.2666666666
irl,1973,3034.0701434390044
irn,1973,30700.6581059098
irq,1973,10878.232568635634
isl,1973,212.79654627803737
isr,1973,3078.231571685784
ita,1973,54614.75745929117
jam,1973,1970.7391850234346
jor,1973,1935.514747525274
jpn,1973,109152.6
kaz,1973,13673.632540270546
ken,1973,12768.599828518845
kgz,1973,3168.4359493596626
khm,1973,7336.548172982509
kir,1973,54.69715522598794
kna,1973,44.39582019262756
kor,1973,33908
kwt,1973,899.6264186334782
lao,1973,2981.657314962909
lbn,1973,2465.4761491576974
lbr,1973,1534.5325734487087
lby,1973,2463.1249813937425
lca,1973,107.52543212910541
lie,1973,22.56114951869406
lka,1973,13535.164606135611
lso,1973,1117.5648525785475
ltu,1973,3236.8870808566653
lux,1973,348.14444494846725
lva,1973,2437.2955012037023
mac,1973,252.22300135551782
mar,1973,17275.55042838167
mco,1973,24.436995660477958
mda,1973,3749.1855174454195
mdg,1973,7237.7442385092045
mdv,1973,130.42932085063185
mex,1973,56432.119077950694
mhl,1973,23.939772213357447
mkd,1973,1761.3472021503517
mli,1973,6339.499656679003
mlt,1973,320.759691065186
mmr,1973,29862.83893749208
mne,1973,535.4343514093451
mng,1973,1376.1660062816024
mnp,1973,14.631052389451149
moz,1973,9797.412982068317
mrt,1973,1270.8584111890466
msr,1973,11.555076488492105
mtq,1973,327.8701078638136
mus,1973,876.6903192742349
mwi,1973,5161.190512662352
mys,1973,11840.31371099073
myt,1973,42.51370812540731
nam,1973,908.2014331242118
ncl,1973,123.00501929259202
ner,1973,4967.4321725819
nga,1973,60915.16199066412
nic,1973,2643.7500021770256
niu,1973,4.42037733092921
nld,1973,13430.080455382365
nor,1973,3960.477158885896
npl,1973,13126.792272671439
nru,1973,7.076016122451486
nzl,1973,2970.1766186729055
omn,1973,801.631921323001
pak,1973,64447.5193667887
pan,1973,1656.3765812618583
per,1973,14643.822675708392
phl,1973,39856.485051193384
plw,1973,12.897796130819481
png,1973,3053.0660429076543
pol,1973,33267.217755515696
pri,1973,2656.1217268071755
prk,1973,15357.459486423306
prt,1973,8907.195425584465
pry,1973,2664.511668265167
pse,1973,1219.14138650358
pyf,1973,125.26325711689054
qat,1973,141.24264406722327
reu,1973,485.28756902249586
rom,1973,21140.874991827997
rus,1973,132281.78261663095
rwa,1973,4161.091375095446
sau,1973,6667.391665111961
sdn,1973,11494.99127541936
sen,1973,4722.7911405741625
sgp,1973,2236.3877646987057
shn,1973,6.108273926348595
slb,1973,183.13583585972344
sle,1973,2952.1405430796485
slv,1973,3971.8584124715685
smr,1973,19.564395314575542
som,1973,3559.4000471122063
spm,1973,5.852345388413957
srb,1973,8301.051552390512
stp,1973,80.52220956923769
sur,1973,365.613520922405
svk,1973,4639.147283414721
svn,1973,1702.5872055563032
swe,1973,8150.929455049748
swz,1973,476.8253600711129
syc,1973,57.35981318428808
syr,1973,6991.157243266927
tca,1973,6.393214521205942
tcd,1973,3959.929742163982
tgo,1973,2334.01828249592
tha,1973,41017.58800561671
tjk,1973,3203.1755386236714
tkl,1973,1.5628800947519994
tkm,1973,2390.3253524170145
tls,1973,627.376462364924
ton,1973,88.81993562942064
tto,1973,983.8897652357698
tun,1973,5481.378368542848
tur,1973,37469.26274479202
tuv,1973,5.946386527845346
twn,1973,16224.62371838379
tza,1973,15100.714088667783
uga,1973,10322.106416460396
ukr,1973,48128.043757976506
ury,1973,2827.5191012289847
usa,1973,207844.0782731928
uzb,1973,13141.398191655251
vct,1973,93.75011376959115
ven,1973,12477.55692847576
vgb,1973,10.411892384324112
vir,1973,78.132275193105
vnm,1973,45898.52092164254
vut,1973,95.74989656920606
wlf,1973,8.939117744744907
wsm,1973,152.04446652029708
yem,1973,6457.685288527072
zaf,1973,24231.54597211225
zmb,1973,4681.063766318504
zwe,1973,5955.998751164769
abw,1974,60.55846588563357
afg,1974,12660.835544841208
ago,1974,6819.743456526134
aia,1974,7.105574688074436
alb,1974,2348.30836696701
and,1974,29.560550137426006
ant,1974,165.0930553758326
are,1974,461.26180164793027
arg,1974,25475.118078190244
arm,1974,2778.618779908192
asm,1974,30.187029576782344
atg,1974,63.1517705310136
aus,1974,13562.24880010401
aut,1974,7636.76585052678
aze,1974,5588.869008165111
bdi,1974,3677.9065740905035
bel,1974,9760.408990531641
ben,1974,3214.925374739015
bfa,1974,6092.177941026768
bgd,1974,70115.0094859124
bgr,1974,8660.314317474986
bhr,1974,248.57561908078446
bhs,1974,185.21317745090676
bih,1974,3924.613964610882
blr,1974,9204.596197294783
blz,1974,131.37309146254438
bmu,1974,54.95839001329102
bol,1974,4894.755464297909
bra,1974,104758.90033699102
brb,1974,244.7671379877897
brn,1974,158.16877451448818
btn,1974,344.22454644953336
bwa,1974,720.8813119955847
caf,1974,1940.999096459216
can,1974,22784.385287224304
che,1974,6330.697230892919
chi,1974,125.85464303428098
chl,1974,10434.047183306298
chn,1974,892012.5945703094
civ,1974,6174.123229914836
cmr,1974,7309.844750009157
cod,1974,22474.472841849652
cog,1974,1504.9342475984342
cok,1974,20.621130972664258
col,1974,23550.23370314358
com,1974,252.26286903723977
cpv,1974,272.56259436047924
cri,1974,2043.268932208931
cub,1974,9325.636561663474
cym,1974,11.496783827184366
cyp,1974,643.214339121718
cze,1974,9962.571659894931
deu,1974,79018.20142812024
dji,1974,206.95209885459607
dma,1974,71.83814048903417
dnk,1974,5048.344143403525
dom,1974,5016.71281887092
dza,1974,16288.421531259439
ecu,1974,6806.704331721072
egy,1974,38033.63839056999
eri,1974,1476.6199333147226
esh,1974,70.818061929608
esp,1974,35525.155175746375
est,1974,1412.9438199291246
eth,1974,32136.37553547883
fin,1974,4705.233476090258
fji,1974,576.7062889632515
flk,1974,1.9249684173268398
fra,1974,52428.71589407131
fro,1974,40.906113587867615
fsm,1974,63.702220983171415
gab,1974,640.2210201293688
gbr,1974,56169.116846368845
geo,1974,4856.374982732134
gha,1974,9833.257147356422
gib,1974,29.9270528931949
gin,1974,4462.217719455985
glp,1974,327.5868030862726
gmb,1974,527.7676426070944
gnb,1974,764.2141550511852
gnq,1974,268.06510478399485
grc,1974,8931.49591632575
grd,1974,93.23790633009645
grl,1974,49.30163026646449
gtm,1974,6271.862262201498
guf,1974,54.54744184649653
gum,1974,93.20179083787134
guy,1974,738.2183845214951
hkg,1974,4196.1460267802
hnd,1974,3060.7788233131732
hrv,1974,4464.489365883146
hti,1974,5006.228544419169
hun,1974,10439.338251181816
idn,1974,129966.82160413574
imn,1974,58.75760164003203
ind,1974,595222.1333333333
irl,1974,3089.3939234343043
irn,1974,31365.60812040126
irq,1974,11162.286739087283
isl,1974,215.8591080377358
isr,1974,3158.153975557332
ita,1974,55033.28675404234
jam,1974,1999.3148196777445
jor,1974,1981.1519567432895
jpn,1974,110310.8
kaz,1974,13894.331068235879
ken,1974,13190.223107340651
kgz,1974,3235.35842168263
khm,1974,7396.9129503658405
kir,1974,55.41802534110404
kna,1974,44.3503118520084
kor,1974,34593
kwt,1974,949.0358625202
lao,1974,3050.694314033005
lbn,1974,2503.1902609275267
lbr,1974,1569.7237167496955
lby,1974,2558.786126196083
lca,1974,108.44555702831263
lie,1974,23.014570589717536
lka,1974,13771.5674817135
lso,1974,1140.394511618845
ltu,1974,3274.3888400561746
lux,1974,351.6714106440549
lva,1974,2458.708994035467
mac,1974,249.1633504583145
mar,1974,17563.452261453625
mco,1974,24.870115962503803
mda,1974,3803.431224927192
mdg,1974,7409.187930286501
mdv,1974,134.7421055281543
mex,1974,57995.980744997476
mhl,1974,25.02088196202351
mkd,1974,1776.426588848614
mli,1974,6423.318849388925
mlt,1974,321.87854181991196
mmr,1974,30515.93009524291
mne,1974,544.1322991694357
mng,1974,1412.3762049947043
mnp,1974,14.970098428788841
moz,1974,9992.480785399346
mrt,1974,1303.0061441644411
msr,1974,11.564818053992175
mtq,1974,328.5226559852853
mus,1974,885.9368595992256
mwi,1974,5280.2615495929285
mys,1974,12108.16892678265
myt,1974,44.11150687104023
nam,1974,930.8693928248878
ncl,1974,128.15105994344125
ner,1974,5084.309590079248
nga,1974,62209.567316546934
nic,1974,2722.7847845319766
niu,1974,4.177655527937154
nld,1974,13581.068038100666
nor,1974,3991.2160116969667
npl,1974,13393.490133816022
nru,1974,7.1989476534981005
nzl,1974,3032.490470296652
omn,1974,830.8023170288968
pak,1974,66202.1652026144
pan,1974,1699.9091940399358
per,1974,15024.613615519807
phl,1974,40945.925182919505
plw,1974,13.087233967417701
png,1974,3124.2178253187453
pol,1974,33535.29309538853
pri,1974,2706.0913425001577
prk,1974,15663.197863927217
prt,1974,9052.39275842065
pry,1974,2725.182991026952
pse,1974,1259.7240567511724
pyf,1974,129.45866137327758
qat,1974,151.58700961374927
reu,1974,485.8468841908926
rom,1974,21354.58494444861
rus,1974,133265.870413198
rwa,1974,4268.104495869178
sau,1974,6961.1277761797
sdn,1974,11834.235547505976
sen,1974,4838.595767873161
sgp,1974,2270.8375573749145
shn,1974,6.189973879992085
slb,1974,190.01529514146057
sle,1974,2999.77612455271
slv,1974,4062.303672627586
smr,1974,19.691011446556402
som,1974,3664.3495529203924
spm,1974,5.94804610903062
srb,1974,8378.6502369673
stp,1974,81.8524947546224
sur,1974,361.84903980735254
svk,1974,4684.090941290847
svn,1974,1718.2526345405681
swe,1974,8185.196168215303
swz,1974,488.9332977598637
syc,1974,58.601512535039944
syr,1974,7186.745444422556
tca,1974,6.609325033711594
tcd,1974,4034.4478592197856
tgo,1974,2376.9640907633543
tha,1974,42076.129365421286
tjk,1974,3301.891050056362
tkl,1974,1.5669946289470786
tkm,1974,2461.6992357798595
tls,1974,637.0273096812846
ton,1974,89.33100501397998
tto,1974,996.9945702116813
tun,1974,5578.717741712436
tur,1974,38422.9903254988
tuv,1974,6.022922342576692
twn,1974,16498.626361982366
tza,1974,15521.771530205291
uga,1974,10543.266416260523
ukr,1974,48537.71018112243
ury,1974,2825.5164670117683
usa,1974,210083.50865749986
uzb,1974,13514.807782876698
vct,1974,94.6616225763834
ven,1974,12823.406227286552
vgb,1974,10.567316228589442
vir,1974,82.51851359452483
vnm,1974,46794.518410402765
vut,1974,98.70656846410105
wlf,1974,9.094948469792074
wsm,1974,153.1974411533165
yem,1974,6542.215726704993
zaf,1974,24764.474708727532
zmb,1974,4819.97339737515
zwe,1974,6137.599660716793
abw,1975,60.58708822974731
afg,1975,12915.35654014866
ago,1975,7046.14476745201
aia,1975,7.15074871221394
alb,1975,2400.2120769286003
and,1975,30.80311283631199
ant,1975,166.06937164986758
are,1975,536.8104812090895
arg,1975,25835.96374108315
arm,1975,2842.695811224038
asm,1975,30.58770594306854
atg,1975,62.60276233244989
aus,1975,13787.9468160099
aut,1975,7662.093993670703
aze,1975,5694.036842325127
bdi,1975,3712.5478711514515
bel,1975,9802.809514662973
ben,1975,3275.4591798999772
bfa,1975,6173.948611588543
bgd,1975,71315.30052930018
bgr,1975,8696.652037347541
bhr,1975,260.95716785655026
bhs,1975,188.67828310411574
bih,1975,3966.0696747518164
blr,1975,9285.236091556586
blz,1975,133.1064077929361
bmu,1975,55.57702169456716
bol,1975,4995.654487147972
bra,1975,107092.63023218549
brb,1975,245.87028893788383
brn,1975,164.50713964975358
btn,1975,354.6064953993513
bwa,1975,743.692291297606
caf,1975,1964.5412001424672
can,1975,23132.974801596738
che,1975,6357.27393328546
chi,1975,126.81893858337017
chl,1975,10580.098566786519
chn,1975,908019.6596632152
civ,1975,6432.619567944698
cmr,1975,7474.545152918902
cod,1975,22975.789780618346
cog,1975,1541.49865340037
cok,1975,20.255534907506785
col,1975,24037.769686971027
com,1975,258.1011656061685
cpv,1975,271.0990155138957
cri,1975,2091.774290282705
cub,1975,9435.554262676867
cym,1975,12.229887865951596
cyp,1975,651.827173701565
cze,1975,10021.854669228394
deu,1975,79108.01065434357
dji,1975,224.88978821208624
dma,1975,72.0109062241028
dnk,1975,5078.90612755802
dom,1975,5138.7074175943835
dza,1975,16660.06659701397
ecu,1975,6986.272502206199
egy,1975,38670.67699217889
eri,1975,1510.185240969275
esh,1975,75.19030963832546
esp,1975,35993.855180088605
est,1975,1427.0312721556845
eth,1975,32669.52846020409
fin,1975,4733.8269953829795
fji,1975,586.9049157170184
flk,1975,1.9008066488815656
fra,1975,52856.93377992509
fro,1975,41.43096424122616
fsm,1975,64.25331760861276
gab,1975,649.5775054294994
gbr,1975,56331.758652374716
geo,1975,4890.734852741835
gha,1975,10017.428980062403
gib,1975,30.16307421102077
gin,1975,4505.407687148248
glp,1975,328.11438702630164
gmb,1975,541.6814073724329
gnb,1975,768.4039556201307
gnq,1975,256.60646804018
grc,1975,9042.888043351486
grd,1975,92.38739368452526
grl,1975,49.74444400264995
gtm,1975,6426.312642929847
guf,1975,56.15819874937902
gum,1975,95.01608961790674
guy,1975,744.9813619592621
hkg,1975,4283.98369052336
hnd,1975,3149.618637943113
hrv,1975,4479.368076572935
hti,1975,5088.705115522385
hun,1975,10476.497590598976
idn,1975,133010.2372521768
imn,1975,59.66805228067627
ind,1975,606142
irl,1975,3147.20033595082
irn,1975,32043.86761502129
irq,1975,11439.72084791185
isl,1975,218.76680723708049
isr,1975,3227.8424877304437
ita,1975,55441.87523148764
jam,1975,2025.678558506672
jor,1975,2022.6185100266352
jpn,1975,111469
kaz,1975,14099.511676408432
ken,1975,13618.70815368239
kgz,1975,3302.6225121909715
khm,1975,7376.424334900634
kir,1975,56.09646031366562
kna,1975,44.22097317881486
kor,1975,35278
kwt,1975,1000.3082337273705
lao,1975,3105.9743091518453
lbn,1975,2521.7700864376156
lbr,1975,1605.4977911956298
lby,1975,2653.478406041179
lca,1975,109.50064660900651
lie,1975,23.512892319084205
lka,1975,14000.344770796466
lso,1975,1164.4516624288372
ltu,1975,3310.4508767018106
lux,1975,355.11409513552275
lva,1975,2478.10636727386
mac,1975,245.93525261585802
mar,1975,17852.27047968648
mco,1975,25.278516112991035
mda,1975,3853.515190106822
mdg,1975,7579.848101171889
mdv,1975,138.8487648620917
mex,1975,59539.25033558585
mhl,1975,26.031916917340638
mkd,1975,1794.3977095394657
mli,1975,6502.714864873188
mlt,1975,323.3860361980847
mmr,1975,31156.76735176812
mne,1975,551.6145020187149
mng,1975,1450.5429626336738
mnp,1975,15.190034722958696
moz,1975,10197.26316661086
mrt,1975,1334.7930147041727
msr,1975,11.566653176063339
mtq,1975,328.88555303796943
mus,1975,895.0238993612081
mwi,1975,5401.771798555203
mys,1975,12378.989737142649
myt,1975,45.62639556634677
nam,1975,950.9095378855176
ncl,1975,132.58608169066548
ner,1975,5201.287713083341
nga,1975,63574.099977739796
nic,1975,2803.6218854754416
niu,1975,3.980231629546653
nld,1975,13727.013732131327
nor,1975,4020.83801154328
npl,1975,13659.600047233884
nru,1975,7.302901309114758
nzl,1975,3085.9138251721047
omn,1975,863.5623034045784
pak,1975,68007.95240616862
pan,1975,1743.1265967503298
per,1975,15406.96581844248
phl,1975,42021.70025081174
plw,1975,13.134026270775868
png,1975,3195.917554153079
pol,1975,33808.4588199718
pri,1975,2757.1513182775584
prk,1975,15954.579543211717
prt,1975,9201.549405140766
pry,1975,2788.023884093973
pse,1975,1294.3580479138534
pyf,1975,133.57235505213336
qat,1975,160.87641326986017
reu,1975,486.30537043437965
rom,1975,21562.154494373164
rus,1975,134274.22147737493
rwa,1975,4378.466734533939
sau,1975,7264.005733452012
sdn,1975,12182.42216478941
sen,1975,4945.388467717002
sgp,1975,2300.0027106807124
shn,1975,6.25465726438828
slb,1975,196.84957755894254
sle,1975,3046.7293230418477
slv,1975,4149.903403917526
smr,1975,19.89436673691266
som,1975,3892.5255085401323
spm,1975,6.025198403261769
srb,1975,8456.582262753653
stp,1975,83.40011157124503
sur,1975,358.8119649243979
svk,1975,4729.838930729554
svn,1975,1734.29915518538
swe,1975,8223.533267468287
swz,1975,501.3386172289462
syc,1975,59.77285534860877
syr,1975,7377.7911377036935
tca,1975,6.819131367269809
tcd,1975,4101.4541336834645
tgo,1975,2418.045482648865
tha,1975,43080.81941669683
tjk,1975,3402.8358137094797
tkl,1975,1.5736730688247833
tkm,1975,2534.222524618572
tls,1975,640.4435793770525
ton,1975,89.89235370291252
tto,1975,1009.7708199651782
tun,1975,5674.748715977508
tur,1975,39402.76209330526
tuv,1975,6.168025356548493
twn,1975,16758.430235927382
tza,1975,15935.31081977889
uga,1975,10771.255120226866
ukr,1975,48926.69114066619
ury,1975,2826.9140085680683
usa,1975,212321.84868172245
uzb,1975,13906.087550945653
vct,1975,95.5517423254379
ven,1975,13174.307095472017
vgb,1975,10.686668595051955
vir,1975,86.37033679915343
vnm,1975,47759.793496038765
vut,1975,101.63908318144817
wlf,1975,9.3299192121164
wsm,1975,154.05712045244613
yem,1975,6642.510934335163
zaf,1975,25274.620592970517
zmb,1975,4958.867830934577
zwe,1975,6313.717881299404
abw,1976,60.58888699120847
afg,1976,13201.869217278376
ago,1976,7357.172940409863
aia,1976,7.206343374024499
alb,1976,2447.552082129855
and,1976,31.860599397584892
ant,1976,167.58098504238234
are,1976,632.9358451351854
arg,1976,26265.932541662107
arm,1976,2901.3197049973182
asm,1976,31.06491847670647
atg,1976,62.369971857866474
aus,1976,13994.135182493981
aut,1976,7660.850394514818
aze,1976,5792.160003215637
bdi,1976,3811.101831590054
bel,1976,9820.545242964356
ben,1976,3382.883464045515
bfa,1976,6340.973717256243
bgd,1976,73084.9545057431
bgr,1976,8710.522608453215
bhr,1976,281.53412475004654
bhs,1976,192.91819233134774
bih,1976,3996.801673450288
blr,1976,9354.174326218566
blz,1976,135.1534399069232
bmu,1976,56.031020446695216
bol,1976,5113.699661943632
bra,1976,109796.16966198091
brb,1976,247.59479760909065
brn,1976,171.54350716873427
btn,1976,366.91711974761074
bwa,1976,778.193785251704
caf,1976,2018.3198293208598
can,1976,23436.85299038618
che,1976,6352.6427733113105
chi,1976,127.23585564251873
chl,1976,10757.39057736468
chn,1976,923045.4440805346
civ,1976,6785.580080093974
cmr,1976,7746.176346167715
cod,1976,23811.826897157593
cog,1976,1599.2399294569277
cok,1976,19.774528513335355
col,1976,24609.285604329187
com,1976,268.79041086710987
cpv,1976,274.23690526334855
cri,1976,2148.779386881604
cub,1976,9554.643267830194
cym,1976,13.025620655935205
cyp,1976,659.25683167372
cze,1976,10062.860560376745
deu,1976,78988.99313844899
dji,1976,251.2078050012046
dma,1976,72.65746204501468
dnk,1976,5094.634871736413
dom,1976,5276.021396388735
dza,1976,17268.086732556792
ecu,1976,7188.129506154513
egy,1976,39843.32492659657
eri,1976,1564.4901026196903
esh,1976,86.532455689656
esp,1976,36372.18941113184
est,1976,1439.0021776488377
eth,1976,33481.58802862474
fin,1976,4746.892426286421
fji,1976,599.3042522136269
flk,1976,1.8890900129797776
fra,1976,53108.669455917276
fro,1976,41.831762849420564
fsm,1976,65.64779413183955
gab,1976,668.4583942588661
gbr,1976,56336.16912987665
geo,1976,4920.1141147920425
gha,1976,10307.978292598491
gib,1976,30.259397986566132
gin,1976,4607.883838206691
glp,1976,330.02472530092297
gmb,1976,563.7561341053804
gnb,1976,778.6405008804174
gnq,1976,250.60746770831804
grc,1976,9151.060574350247
grd,1976,91.47935888688467
grl,1976,49.910961953984824
gtm,1976,6599.528459987469
guf,1976,57.99776352713722
gum,1976,97.29206885016569
guy,1976,754.1369337628709
hkg,1976,4412.834093211202
hnd,1976,3251.299920724796
hrv,1976,4486.1526255455165
hti,1976,5191.879387118173
hun,1976,10503.149918160727
idn,1976,136645.3933786034
imn,1976,60.538848589425555
ind,1976,622366.8666666667
irl,1976,3198.2569436188796
irn,1976,33470.28808426796
irq,1976,11974.344267359851
isl,1976,220.8705447931955
isr,1976,3360.5749940106866
ita,1976,55684.066069065564
jam,1976,2055.462940459598
jor,1976,2106.584704202274
jpn,1976,112269.6
kaz,1976,14269.890644546875
ken,1976,14246.653820264632
kgz,1976,3366.2410918851515
khm,1976,7250.414349582024
kir,1976,57.042109958344255
kna,1976,44.1451034637196
kor,1976,35784.066666666666
kwt,1976,1077.3736440102984
lao,1976,3160.9319545086187
lbn,1976,2576.1118536812755
lbr,1976,1663.3951662883317
lby,1976,2784.0854198071997
lca,1976,111.07229246777395
lie,1976,23.99395802572943
lka,1976,14293.06425851463
lso,1976,1206.254488456697
ltu,1976,3340.7810633620975
lux,1976,357.5020537999327
lva,1976,2492.2714185244536
mac,1976,243.8549180725834
mar,1976,18393.00461384695
mco,1976,25.59114891348953
mda,1976,3893.8622043379414
mdg,1976,7856.382708841504
mdv,1976,143.37332991335995
mex,1976,61245.10825940179
mhl,1976,27.082864308954235
mkd,1976,1812.6427641230468
mli,1976,6667.1074569512975
mlt,1976,324.431279009048
mmr,1976,31940.420617178457
mne,1976,556.460016366628
mng,1976,1489.1792032957876
mnp,1976,15.326420574960316
moz,1976,10555.377897398355
mrt,1976,1384.9771240204852
msr,1976,11.611553277240972
mtq,1976,328.02671311043395
mus,1976,916.6048833338864
mwi,1976,5604.8166812015625
mys,1976,12717.980276346425
myt,1976,47.68942003728271
nam,1976,981.4817377193663
ncl,1976,136.85557219513845
ner,1976,5392.0041855551735
nga,1976,65917.21465800004
nic,1976,2895.109948679774
niu,1976,3.8229550096621825
nld,1976,13829.397116053187
nor,1976,4038.070540289777
npl,1976,13993.769640088605
nru,1976,7.4316717895089095
nzl,1976,3121.5979128935046
omn,1976,920.1869326795373
pak,1976,70210.5570524375
pan,1976,1791.4653612767145
per,1976,15839.326725813205
phl,1976,43295.3051961534
plw,1976,13.093655059281618
png,1976,3284.2042748205713
pol,1976,34023.7901849505
pri,1976,2809.868796666
prk,1976,16209.843384550326
prt,1976,9326.770621989337
pry,1976,2862.0033711891992
pse,1976,1351.417773596476
pyf,1976,138.2590830903298
qat,1976,172.3631540419198
reu,1976,493.55911892906744
rom,1976,21724.36990210406
rus,1976,135143.11258490966
rwa,1976,4554.18397055864
sau,1976,7741.936415952598
sdn,1976,12712.604052534587
sen,1976,5111.334373104581
sgp,1976,2334.6240949051526
shn,1976,6.394501771200942
slb,1976,204.60965266314815
sle,1976,3135.693067696203
slv,1976,4247.704398259201
smr,1976,20.13583465090151
som,1976,4324.6246921797065
spm,1976,6.080342947151786
srb,1976,8518.95987534347
stp,1976,86.39298338928842
sur,1976,357.9700568640287
svk,1976,4767.785896453765
svn,1976,1747.2852258755083
swe,1976,8244.882844056729
swz,1976,521.0998449074498
syc,1976,61.69425819810639
syr,1976,7733.7370094041535
tca,1976,7.015334272659152
tcd,1976,4217.657523148514
tgo,1976,2490.7155426724107
tha,1976,44244.5293983781
tjk,1976,3501.8227471106716
tkl,1976,1.5735672445864564
tkm,1976,2604.8540039329982
tls,1976,639.7918695637184
ton,1976,91.01808955051304
tto,1976,1025.15584750432
tun,1976,5848.213026713337
tur,1976,40295.29830221221
tuv,1976,6.449418161551582
twn,1976,17089.724956111488
tza,1976,16565.02303710527
uga,1976,11160.789758546858
ukr,1976,49231.95484099705
ury,1976,2841.507394579342
usa,1976,214609.26453666732
uzb,1976,14300.639073520726
vct,1976,96.69660748281665
ven,1976,13572.854731013362
vgb,1976,10.821515632850277
vir,1976,89.85228135850029
vnm,1976,48748.0523153706
vut,1976,105.06543842302425
wlf,1976,9.629187178263901
wsm,1976,155.41333180786498
yem,1976,6913.477863574402
zaf,1976,26112.537707969084
zmb,1976,5167.370907118211
zwe,1976,6571.943889340342
abw,1977,60.42145917147213
afg,1977,13451.703341384657
ago,1977,7660.02389112425
aia,1977,7.2616652799428545
alb,1977,2494.8943090185107
and,1977,32.85038892269253
ant,1977,169.08319674847507
are,1977,737.56116438169
arg,1977,26685.892235883923
arm,1977,2957.990482472812
asm,1977,31.494494748024238
atg,1977,62.2161064281141
aus,1977,14209.276255908102
aut,1977,7655.0758792133165
aze,1977,5890.228497271511
bdi,1977,3919.0575175559547
bel,1977,9840.477298094049
ben,1977,3490.9941441685637
bfa,1977,6506.2011044656
bgd,1977,75027.5134723081
bgr,1977,8718.764036839568
bhr,1977,304.08911476998367
bhs,1977,197.28207971633583
bih,1977,4024.813381643139
blr,1977,9422.26272189893
blz,1977,137.11485389856534
bmu,1977,56.46646144503586
bol,1977,5233.055275422713
bra,1977,112528.67893457822
brb,1977,249.16570224578007
brn,1977,178.43339890415413
btn,1977,379.3351447976245
bwa,1977,813.9483623379114
caf,1977,2074.114403540646
can,1977,23740.738213077497
che,1977,6337.129823542507
chi,1977,127.49110537837733
chl,1977,10932.8139248503
chn,1977,938088.6354384652
civ,1977,7144.281983755597
cmr,1977,8019.780101460429
cod,1977,24655.621035114425
cog,1977,1656.519623219379
cok,1977,19.227956378091992
col,1977,25187.664054039913
com,1977,280.5249443418411
cpv,1977,277.9169469433749
cri,1977,2207.6413323805873
cub,1977,9655.004058828192
cym,1977,13.865726963893641
cyp,1977,667.1372581787234
cze,1977,10104.379156036986
deu,1977,78877.94586175367
dji,1977,282.13041330565324
dma,1977,73.5074704560997
dnk,1977,5109.39277429634
dom,1977,5412.467953313712
dza,1977,17877.64829999252
ecu,1977,7390.507540658961
egy,1977,41005.63867181707
eri,1977,1618.300514365209
esh,1977,102.88219288935677
esp,1977,36755.59355795514
est,1977,1450.56294569615
eth,1977,34140.101280183146
fin,1977,4758.431612998525
fji,1977,611.0328241054514
flk,1977,1.8787244287322864
fra,1977,53337.45363016348
fro,1977,42.2360711259567
fsm,1977,67.4887866249088
gab,1977,687.5911425730038
gbr,1977,56339.75022439038
geo,1977,4950.028345734076
gha,1977,10569.71219176615
gib,1977,30.30724294921382
gin,1977,4706.471412795318
glp,1977,332.2129289779838
gmb,1977,586.4252458273551
gnb,1977,784.6737186355182
gnq,1977,246.2152896775748
grc,1977,9277.398516095422
grd,1977,90.309892930862
grl,1977,49.96474887744305
gtm,1977,6771.731583473172
guf,1977,59.927005326083886
gum,1977,99.55213906716254
guy,1977,763.1244506402688
hkg,1977,4557.399842809938
hnd,1977,3355.90529182969
hrv,1977,4493.351518620018
hti,1977,5299.483247805067
hun,1977,10536.092445590675
idn,1977,140200.50187106707
imn,1977,61.48458865955475
ind,1977,638591.7333333333
irl,1977,3250.623721768082
irn,1977,34907.98101871825
irq,1977,12499.64487342812
isl,1977,222.80444735562475
isr,1977,3482.586918436303
ita,1977,55913.00391453643
jam,1977,2082.742691403001
jor,1977,2185.9340824027577
jpn,1977,113070.2
kaz,1977,14425.98708248491
ken,1977,14884.283445003024
kgz,1977,3430.1033174279637
khm,1977,7047.277094657446
kir,1977,57.972420386433875
kna,1977,43.98237019038579
kor,1977,36290.13333333333
kwt,1977,1157.0612131069581
lao,1977,3202.5993708941505
lbn,1977,2609.5846077732576
lbr,1977,1720.505543017771
lby,1977,2913.674012065678
lca,1977,112.78852544043562
lie,1977,24.507226156723533
lka,1977,14577.356291375905
lso,1977,1249.1300943165934
ltu,1977,3369.5678393660523
lux,1977,359.8376128528605
lva,1977,2504.507348717189
mac,1977,241.71651948806277
mar,1977,18932.22382190977
mco,1977,25.87152322803001
mda,1977,3929.893474861926
mdg,1977,8132.238169398035
mdv,1977,147.70997697326328
mex,1977,62927.66254562027
mhl,1977,28.054795081659826
mkd,1977,1833.584395706722
mli,1977,6824.785525852037
mlt,1977,325.914631816797
mmr,1977,32708.54328151395
mne,1977,560.1654021880985
mng,1977,1529.9132082285948
mnp,1977,15.368349340692284
moz,1977,10918.544299159206
mrt,1977,1434.795106772547
msr,1977,11.658701196522998
mtq,1977,326.9802069724169
mus,1977,937.7809592800539
mwi,1977,5813.803722632343
mys,1977,13062.598550800678
myt,1977,49.7115823804324
nam,1977,1009.6010389050278
ncl,1977,140.39653002824085
ner,1977,5583.201847399543
nga,1977,68329.6619854934
nic,1977,2988.2318146039024
niu,1977,3.7165310545174135
nld,1977,13926.573089642878
nor,1977,4054.1275344576943
npl,1977,14327.182481823365
nru,1977,7.5565136079068465
nzl,1977,3148.268818180005
omn,1977,980.752214986556
pak,1977,72468.76194629731
pan,1977,1839.4884150901414
per,1977,16273.257769244077
phl,1977,44558.216716174386
plw,1977,12.915214364858759
png,1977,3372.9411010166523
pol,1977,34244.677283262004
pri,1977,2863.4718691297635
prk,1977,16449.339707581916
prt,1977,9453.890039871745
pry,1977,2938.409083709386
pse,1977,1402.953383481184
pyf,1977,142.86906948556518
qat,1977,182.8677141144022
reu,1977,500.5382484605567
rom,1977,21879.26081609758
rus,1977,136039.1474790854
rwa,1977,4733.421736009254
sau,1977,8232.444347423932
sdn,1977,13253.125961006781
sen,1977,5268.372332209027
sgp,1977,2364.270620913779
shn,1977,6.507283957186602
slb,1977,212.31566616404302
sle,1977,3223.65560070809
slv,1977,4342.443808006935
smr,1977,20.446412463951653
som,1977,4882.6398577262535
spm,1977,6.128453589170126
srb,1977,8581.495000197363
stp,1977,89.586998354329907
sur,1977,357.9875868172407
svk,1977,4806.661869121941
svn,1977,1760.5270523440743
swe,1977,8270.682604513582
swz,1977,541.182337351897
syc,1977,63.52430934267926
syr,1977,8084.9529772624865
tca,1977,7.204612913167286
tcd,1977,4326.57922566412
tgo,1977,2560.6741926506716
tha,1977,45351.2390657393
tjk,1977,3603.0900990957957
tkl,1977,1.5688883127588429
tkm,1977,2676.5708832213904
tls,1977,633.0109526150005
ton,1977,92.194776716661
tto,1977,1040.1667400275635
tun,1977,6019.202073688465
tur,1977,41207.883323656715
tuv,1977,6.79156852177058
twn,1977,17406.216157161274
tza,1977,17188.59810234474
uga,1977,11559.188438270461
ukr,1977,49514.90773259753
ury,1977,2859.582731199859
usa,1977,216895.79479753692
uzb,1977,14711.551750068364
vct,1977,97.79075940946889
ven,1977,13977.208289491813
vgb,1977,10.938039721463198
vir,1977,92.77215297064966
vnm,1977,49809.70121773353
vut,1977,108.46083864842642
wlf,1977,10.008216833190408
wsm,1977,156.48590904959028
yem,1977,7200.319703047457
zaf,1977,26924.815677586583
zmb,1977,5376.183792695952
zwe,1977,6825.354913198291
abw,1978,60.190635662257485
afg,1978,13633.331136344583
ago,1978,7958.536087983719
aia,1978,7.2946207371326475
alb,1978,2542.7331994047236
and,1978,33.82175212135634
ant,1978,170.5833639840046
are,1978,844.925200808222
arg,1978,27100.504477583916
arm,1978,3012.7290564485606
asm,1978,31.95369945805157
atg,1978,62.126454152767835
aus,1978,14430.533923369634
aut,1978,7646.921010743246
aze,1978,5988.360566328039
bdi,1978,4034.3419386773376
bel,1978,9861.525469718343
ben,1978,3599.8514313036253
bfa,1978,6671.50730936098
bgd,1978,77102.16657483045
bgr,1978,8724.68849540707
bhr,1978,327.1189377971701
bhs,1978,201.7717733218028
bih,1978,4052.351878829297
blr,1978,9489.648701757696
blz,1978,139.1676236594781
bmu,1978,56.90258915754768
bol,1978,5352.732409130839
bra,1978,115289.01015327024
brb,1978,250.56781882108726
brn,1978,185.17285843155312
btn,1978,391.7197159633207
bwa,1978,850.4001833922829
caf,1978,2132.635885940564
can,1978,24044.637369569475
che,1978,6317.875626934256
chi,1978,127.7100217191684
chl,1978,11105.334015168251
chn,1978,953094.7624397883
civ,1978,7508.611099278163
cmr,1978,8296.030140466992
cod,1978,25494.00082022281
cog,1978,1713.4654471705721
cok,1978,18.675414923115675
col,1978,25771.195045083816
com,1978,292.80873135687494
cpv,1978,282.12339978423216
cri,1978,2268.2484980897366
cub,1978,9738.22254409532
cym,1978,14.704409154766429
cyp,1978,674.9382917997092
cze,1978,10142.7802438679
deu,1978,78770.97397451091
dji,1978,314.6431746679331
dma,1978,74.39231285518419
dnk,1978,5122.526264841963
dom,1978,5547.66722806324
dza,1978,18492.22891263665
ecu,1978,7593.408763050514
egy,1978,42164.90679396475
eri,1978,1672.0286302890127
esh,1978,121.90063255864933
esp,1978,37133.44671988852
est,1978,1461.7020331534172
eth,1978,34725.59201086538
fin,1978,4770.205402820287
fji,1978,622.7267017444065
flk,1978,1.8757310050315004
fra,1978,53557.31842236883
fro,1978,42.64486147962937
fsm,1978,69.68724873972207
gab,1978,706.9858717781979
gbr,1978,56347.11021254172
geo,1978,4980.831848096144
gha,1978,10818.39868315758
gib,1978,30.307947065027857
gin,1978,4803.675596485471
glp,1978,334.3998756449991
gmb,1978,609.3867069806957
gnb,1978,788.7756492508221
gnq,1978,244.84119509253293
grc,1978,9412.313814234747
grd,1978,89.2309173941867
grl,1978,49.98525538046736
gtm,1978,6944.016268112094
guf,1978,62.02130105317985
gum,1978,101.81160500833663
guy,1978,771.2479125733498
hkg,1978,4707.909433001628
hnd,1978,3463.1372182831856
hrv,1978,4502.09500301186
hti,1978,5411.898553165684
hun,1978,10568.15104030865
idn,1978,143700.9337583957
imn,1978,62.418410960663024
ind,1978,654816.6
irl,1978,3302.4363989044464
irn,1978,36366.1274169132
irq,1978,13005.635651041386
isl,1978,224.7130965409498
isr,1978,3592.3367591700444
ita,1978,56129.63324863888
jam,1978,2108.9776047052173
jor,1978,2263.16736485151
jpn,1978,113870.8
kaz,1978,14574.02380366476
ken,1978,15532.931441304283
kgz,1978,3494.990126087714
khm,1978,6820.505775779903
kir,1978,58.87966533544455
kna,1978,43.77173025516115
kor,1978,36796.2
kwt,1978,1237.8637377232988
lao,1978,3238.231374580272
lbn,1978,2626.4786886123393
lbr,1978,1778.4171443074536
lby,1978,3043.269262976991
lca,1978,114.56680564634472
lie,1978,25.03774073660594
lka,1978,14851.935216236194
lso,1978,1292.4572539551516
ltu,1978,3397.0674385455736
lux,1978,361.9800665060467
lva,1978,2515.3009007944115
mac,1978,240.32055567013484
mar,1978,19470.359670010625
mco,1978,26.152534238071638
mda,1978,3963.480205303313
mdg,1978,8407.515128597852
mdv,1978,152.03784596146065
mex,1978,64588.908408299496
mhl,1978,29.028008148818735
mkd,1978,1855.708500582566
mli,1978,6978.241704197612
mlt,1978,327.80342508656184
mmr,1978,33465.88639075916
mne,1978,563.3831419320437
mng,1978,1572.3779584086624
mnp,1978,15.502178540364016
moz,1978,11279.055994377686
mrt,1978,1484.333528265812
msr,1978,11.693024674184624
mtq,1978,326.1031644943983
mus,1978,958.0237419490913
mwi,1978,6023.8965357660245
mys,1978,13410.190714202503
myt,1978,51.79014723421105
nam,1978,1035.9020342791105
ncl,1978,143.34456759343973
ner,1978,5774.4226467268445
nga,1978,70764.18755426341
nic,1978,3082.353809680878
niu,1978,3.644749108415667
nld,1978,14019.189938944612
nor,1978,4069.380242500032
npl,1978,14661.812288401246
nru,1978,7.667293710504364
nzl,1978,3168.7300892669773
omn,1978,1044.4399125676007
pak,1978,74800.0634265714
pan,1978,1887.171662266674
per,1978,16707.782002284475
phl,1978,45820.31436684751
plw,1978,12.674589349778172
png,1978,3462.8188029723947
pol,1978,34477.44309850667
pri,1978,2916.4548183665706
prk,1978,16681.499171308362
prt,1978,9576.601493952547
pry,1978,3017.675640311441
pse,1978,1449.981922791937
pyf,1978,147.43624345867494
qat,1978,194.11452340413146
reu,1978,507.6155637756724
rom,1978,22024.641356653654
rus,1978,136955.89602359856
rwa,1978,4916.551925113649
sau,1978,8744.305557795462
sdn,1978,13801.465398756889
sen,1978,5420.998664937282
sgp,1978,2392.674907402835
shn,1978,6.603248880072984
slb,1978,220.0093295219295
sle,1978,3310.6538516780406
slv,1978,4433.129496368296
smr,1978,20.812152059737304
som,1978,5490.806773765973
spm,1978,6.162630430524409
srb,1978,8644.591188965203
stp,1978,92.79995946975096
sur,1978,358.6211410415244
svk,1978,4845.806987887999
svn,1978,1774.6258646423594
swe,1978,8298.20803609819
swz,1978,561.6398238348711
syc,1978,65.22342736616645
syr,1978,8430.379664433227
tca,1978,7.395768004355382
tcd,1978,4430.725856791559
tgo,1978,2631.791037088643
tha,1978,46407.49335714135
tjk,1978,3707.2609829252797
tkl,1978,1.5616013129138535
tkm,1978,2748.865984558
tls,1978,623.412394677866
ton,1978,93.33496881899454
tto,1978,1055.094183768808
tun,1978,6190.700077942943
tur,1978,42145.60241301252
tuv,1978,7.167586043646223
twn,1978,17710.991683275133
tza,1978,17808.297205574643
uga,1978,11964.843843644994
ukr,1978,49776.29974722429
ury,1978,2879.921074018807
usa,1978,219182.94518163343
uzb,1978,15134.142581514225
vct,1978,98.8409092384378
ven,1978,14385.672083669586
vgb,1978,11.061104618565361
vir,1978,95.21362803169774
vnm,1978,50937.65465471483
vut,1978,111.80064886015327
wlf,1978,10.454222018942742
wsm,1978,157.35886400099105
yem,1978,7497.7246620904725
zaf,1978,27723.598428618498
zmb,1978,5586.060477637015
zwe,1978,7078.944314245372
abw,1979,60.079423543420056
afg,1979,13706.917741684367
ago,1979,8260.53057534802
aia,1979,7.304087303744899
alb,1979,2591.7540025051635
and,1979,34.9161692562684
ant,1979,172.07676441099065
are,1979,947.2172090045555
arg,1979,27516.57230777826
arm,1979,3065.678672797221
asm,1979,32.54753357855926
atg,1979,62.05469235348382
aus,1979,14653.286141169448
aut,1979,7639.362603211526
aze,1979,6086.537096834574
bdi,1979,4153.023588025449
bel,1979,9882.161389140052
ben,1979,3709.443550257372
bfa,1979,6839.285200309712
bgd,1979,79239.41577802268
bgr,1979,8732.74042360822
bhr,1979,348.4898959156947
bhs,1979,206.3254414666195
bih,1979,4082.504394432901
blr,1979,9556.513959087964
blz,1979,141.5392288063183
bmu,1979,57.33921321543209
bol,1979,5471.473569066773
bra,1979,118073.80762077936
brb,1979,251.76764233181356
brn,1979,191.7427379328633
btn,1979,403.91340972142336
bwa,1979,886.8105077147148
caf,1979,2194.5652553524073
can,1979,24348.549734376178
che,1979,6304.640939737281
chi,1979,128.05202724658005
chl,1979,11273.533214606483
chn,1979,967989.7417017984
civ,1979,7879.0311173408845
cmr,1979,8575.756689988108
cod,1979,26308.40453290558
cog,1979,1770.2545030376311
cok,1979,18.20045295907968
col,1979,26356.610723932496
com,1979,304.920527223904
cpv,1979,286.75837739275454
cri,1979,2330.3203736998867
cub,1979,9807.080428134674
cym,1979,15.505659827478203
cyp,1979,681.922272247366
cze,1979,10173.624675664616
deu,1979,78659.32018998617
dji,1979,344.5293292319162
dma,1979,75.07924627704318
dnk,1979,5133.1391804597
dom,1979,5681.198636467143
dza,1979,19116.352094234688
ecu,1979,7796.97496799728
egy,1979,43329.42865317886
eri,1979,1726.2489374338747
esh,1979,140.13364112255445
esp,1979,37492.22200907428
est,1979,1472.3770440279552
eth,1979,35354.324817100285
fin,1979,4784.797794245791
fji,1979,635.2978068591227
flk,1979,1.8620814999536162
fra,1979,53788.29857011163
fro,1979,43.05705793518123
fsm,1979,72.07267782569521
gab,1979,726.5967068081928
gbr,1979,56363.55307859766
geo,1979,5012.681016963891
gha,1979,11076.803738816769
gib,1979,30.254061413417233
gin,1979,4902.657941904557
glp,1979,336.149282847732
gmb,1979,632.2646512986611
gnb,1979,794.1914370427883
gnq,1979,248.05988689628842
grc,1979,9542.57561995689
grd,1979,88.74686438724603
grl,1979,50.08682261110866
gtm,1979,7117.92422834206
guf,1979,64.38755293088671
gum,1979,104.0907837894423
guy,1979,777.5407276304435
hkg,1979,4850.577990650942
hnd,1979,3572.5661270228966
hrv,1979,4513.769466983206
hti,1979,5529.337325973347
hun,1979,10589.430001998926
idn,1979,147186.85086451925
imn,1979,63.20671009401289
ind,1979,671041.4666666667
irl,1979,3351.4277740046887
irn,1979,37855.320456968846
irq,1979,13479.231005062544
isl,1979,226.7404967933268
isr,1979,3688.5424907017887
ita,1979,56336.24429804776
jam,1979,2136.320329143934
jor,1979,2341.3567310906583
jpn,1979,114671.4
kaz,1979,14722.707696259202
ken,1979,16194.704222551036
kgz,1979,3561.767983670507
khm,1979,6645.837000320257
kir,1979,59.750710018406444
kna,1979,43.527031511825925
kor,1979,37302.26666666667
kwt,1979,1317.5975798888255
lao,1979,3278.084967104831
lbn,1979,2633.9142421878864
lbr,1979,1839.3295146040653
lby,1979,3174.5361000432113
lca,1979,116.3285083801039
lie,1979,25.530781581232038
lka,1979,15115.11956456835
lso,1979,1335.3972587962944
ltu,1979,3423.6836522921844
lux,1979,363.8118825984363
lva,1979,2525.388460672616
mac,1979,240.63404948142545
mar,1979,20007.316410783624
mco,1979,26.468417811188125
mda,1979,3997.3261299258384
mdg,1979,8682.477388084391
mdv,1979,156.65742681071595
mex,1979,66233.50473832081
mhl,1979,30.0649473307238
mkd,1979,1876.8297620338008
mli,1979,7131.18560759201
mlt,1979,330.0429388470554
mmr,1979,34220.03016382603
mne,1979,567.1269754920897
mng,1979,1616.0032058825268
mnp,1979,15.982990425545918
moz,1979,11626.361258638479
mrt,1979,1533.7775100253048
msr,1979,11.688342669692709
mtq,1979,325.8451364314445
mus,1979,976.52232225292
mwi,1979,6228.145311757028
mys,1979,13756.973180748899
myt,1979,54.071273635141864
nam,1979,1061.3955440720968
ncl,1979,145.917609481669
ner,1979,5964.9627723626245
nga,1979,73154.12052504845
nic,1979,3176.664962670736
niu,1979,3.569533590622766
nld,1979,14108.259359686162
nor,1979,4084.3514402446826
npl,1979,15000.71720702246
nru,1979,7.7840168231844045
nzl,1979,3187.56706296747
omn,1979,1109.9781208094046
pak,1979,77228.0875633982
pan,1979,1934.505351902323
per,1979,17141.75535036483
phl,1979,47096.419066414644
plw,1979,12.498784365903633
png,1979,3554.8304769849888
pol,1979,34730.17734036849
pri,1979,2967.0043015576216
prk,1979,16918.57120735063
prt,1979,9687.98444706238
pry,1979,3100.2755482377274
pse,1979,1494.7057853003018
pyf,1979,152.0223800285283
qat,1979,208.57709746795936
reu,1979,515.1256019728279
rom,1979,22157.662276001854
rus,1979,137884.64006766013
rwa,1979,5103.9126452488545
sau,1979,9289.628117687671
sdn,1979,14354.11892911629
sen,1979,5575.725666507347
sgp,1979,2424.9368952997906
shn,1979,6.682793630369883
slb,1979,227.75608047248068
sle,1979,3396.757696794773
slv,1979,4518.606699733328
smr,1979,21.186567519018396
som,1979,6040.81386398685
spm,1979,6.183598957156639
srb,1979,8708.90422330773
stp,1979,95.80926146464175
sur,1979,359.4127808770073
svk,1979,4884.411777925079
svn,1979,1790.3980130112443
swe,1979,8323.404835876141
swz,1979,582.5942417615676
syc,1979,66.74695138318967
syr,1979,8768.887337188991
tca,1979,7.625619397066637
tcd,1979,4533.869015915055
tgo,1979,2709.0952593655416
tha,1979,47425.424601006336
tjk,1979,3815.0710603242096
tkl,1979,1.56872410433806
tkm,1979,2821.066569948542
tls,1979,615.6466393880924
ton,1979,94.30352734264426
tto,1979,1070.4113900540247
tun,1979,6366.804822301201
tur,1979,43115.2625816228
tuv,1979,7.520325076810773
twn,1979,18007.624852751953
tza,1979,18427.884933228248
uga,1979,12374.43947189312
ukr,1979,50018.3328611246
ury,1979,2900.4879260019825
usa,1979,221472.52903177572
uzb,1979,15561.027728410534
vct,1979,99.81417933775035
ven,1979,14795.756030070657
vgb,1979,11.236595086863725
vir,1979,97.32706348816194
vnm,1979,52118.58021798137
vut,1979,115.0319471418831
wlf,1979,10.941418542376022
wsm,1979,158.15270210119897
yem,1979,7797.020597391556
zaf,1979,28526.49744535426
zmb,1979,5798.252750680576
zwe,1979,7339.922702516007
abw,1980,60.187889987865
afg,1980,13649.700003443122
ago,1980,8571.68549071431
aia,1980,7.296139153381199
alb,1980,2642.5253583336844
and,1980,36.18510931908534
ant,1980,173.56198035188763
are,1980,1038.8143534607532
arg,1980,27939.183278544253
arm,1980,3116.9419506651207
asm,1980,33.362612909344676
atg,1980,61.959594883174724
aus,1980,14874.07146305685
aut,1980,7634.671805559883
aze,1980,6184.838446870406
bdi,1980,4272.127598884969
bel,1980,9901.313193348673
ben,1980,3819.8375930975476
bfa,1980,7011.298175680243
bgd,1980,81387.65884121298
bgr,1980,8745.859703821498
bhr,1980,366.7028148238844
bhs,1980,210.91300486612218
bih,1980,4117.275134904831
blr,1980,9622.911229648145
blz,1980,144.3754206802562
bmu,1980,57.76153544313917
bol,1980,5588.467018095005
bra,1980,120878.55657425431
brb,1980,252.7799238817425
brn,1980,198.13484127460748
btn,1980,415.8063201461011
bwa,1980,922.6682001039256
caf,1980,2260.1048727739153
can,1980,24652.47651066205
che,1980,6304.409789080508
chi,1980,128.6318583752064
chl,1980,11436.808791885418
chn,1980,982724.7173162869
civ,1980,8255.549129454334
cmr,1980,8859.539661047264
cod,1980,27086.972919254244
cog,1980,1827.0426874368761
cok,1980,17.854915562122905
col,1980,26941.63830780588
com,1980,316.33160928977463
cpv,1980,291.687197444278
cri,1980,2393.6314022485294
cub,1980,9864.519347909789
cym,1980,16.23678901230144
cyp,1980,687.6495093256352
cze,1980,10194.138817008316
deu,1980,78539.45521770288
dji,1980,368.8749093511576
dma,1980,75.42915912117387
dnk,1980,5140.724484153956
dom,1980,5812.801513804568
dza,1980,19752.5906353168
ecu,1980,8001.401891317079
egy,1980,44505.31170104906
eri,1980,1781.2950464337148
esh,1980,155.0444052211238
esp,1980,37821.64702892688
est,1980,1482.6146761313091
eth,1980,36112.368588267454
fin,1980,4803.923154167109
fji,1980,649.2526349199607
flk,1980,1.8568348648412822
fra,1980,54044.411635746605
fro,1980,43.47891653204318
fsm,1980,74.53088768849192
gab,1980,746.3900578315344
gbr,1980,56393.24028530682
geo,1980,5045.656584081129
gha,1980,11361.499295954656
gib,1980,30.16345445083596
gin,1980,5005.989926551862
glp,1980,337.1998093145022
gmb,1980,654.8475052495759
gnb,1980,803.2678641544596
gnq,1980,256.83234126149284
grc,1980,9658.527734079718
grd,1980,89.16813467451405
grl,1980,50.34332216492592
gtm,1980,7294.595797110043
guf,1980,67.07941140370797
gum,1980,106.41882527993594
guy,1980,781.3458955288678
hkg,1980,4975.615839657802
hnd,1980,3683.903284689065
hrv,1980,4529.287814065308
hti,1980,5651.8017123683785
hun,1980,10593.275207263203
idn,1980,150684.46599241978
imn,1980,63.75911171811329
ind,1980,687266.3333333334
irl,1980,3395.840127496881
irn,1980,39382.12444381469
irq,1980,13911.892987782148
isl,1980,229.00949409135933
isr,1980,3770.999351840561
ita,1980,56533.877328979186
jam,1980,2166.1531068406193
jor,1980,2423.0245524638863
jpn,1980,115472
kaz,1980,14878.217900498086
ken,1980,16870.659837238403
kgz,1980,3630.992612830964
khm,1980,6577.540387865427
kir,1980,60.60271727430767
kna,1980,43.27106274836441
kor,1980,37808.333333333336
kwt,1980,1394.5941750897769
lao,1980,3329.6635751670615
lbn,1980,2637.9527844195536
lbr,1980,1904.18312876812
lby,1980,3308.3915447658064
lca,1980,118.00215611937946
lie,1980,25.963746473746347
lka,1980,15365.885851594794
lso,1980,1377.2744640974922
ltu,1980,3449.783359151684
lux,1980,365.2301224471452
lva,1980,2535.371962397494
mac,1980,243.2969006291918
mar,1980,20542.16030874903
mco,1980,26.832582381094554
mda,1980,4033.3171766875857
mdg,1980,8957.314736264656
mdv,1980,161.74623140316731
mex,1980,67864.98275031276
mhl,1980,31.24717430362442
mkd,1980,1895.3883478633759
mli,1980,7285.96385541087
mlt,1980,332.58255979008044
mmr,1980,34975.5714852433
mne,1980,572.059079488767
mng,1980,1660.2851467763064
mnp,1980,16.99811127002175
moz,1980,11951.434024644464
mrt,1980,1583.1943401570297
msr,1980,11.624747721797608
mtq,1980,326.51977065831926
mus,1980,992.7139446049924
mwi,1980,6423.0847125162945
mys,1980,14100.967001936993
myt,1980,56.659950626517656
nam,1980,1086.9426990285042
ncl,1980,148.33005844862842
ner,1980,6154.427533997438
nga,1980,75451.68254710181
nic,1980,3270.512152643819
niu,1980,3.470656268471126
nld,1980,14194.747094762157
nor,1980,4099.456753988159
npl,1980,15346.027299427471
nru,1980,7.910922824579953
nzl,1980,3208.235298719256
omn,1980,1176.2362047857978
pak,1980,79767.71523011141
pan,1980,1981.5122121009892
per,1980,17574.441231196077
phl,1980,48397.29363380589
plw,1980,12.4463414391628
png,1980,3649.5965825802928
pol,1980,35007.62716828213
pri,1980,3013.7798532447573
prk,1980,17168.77178706017
prt,1980,9782.895674895768
pry,1980,3186.4898742452237
pse,1980,1538.9600747938305
pyf,1980,156.66611289638695
qat,1980,227.86668042472914
reu,1980,523.3315152404649
rom,1980,22277.04265212165
rus,1980,138818.64646564357
rwa,1980,5295.652710213486
sau,1980,9874.993133969789
sdn,1980,14908.181812499495
sen,1980,5737.378769967562
sgp,1980,2464.6270049044792
shn,1980,6.76380280072799
slb,1980,235.60671922433917
sle,1980,3482.0893301812202
slv,1980,4598.154088650602
smr,1980,21.529272212223148
som,1980,6454.626517919752
spm,1980,6.190156004613735
srb,1980,8774.920991427192
stp,1980,98.43994613991752
sur,1980,360.06872371783874
svk,1980,4921.921048004811
svn,1980,1808.345344081905
swe,1980,8343.571676725636
swz,1980,604.0953489562982
syc,1980,68.07373940009496
syr,1980,9099.886532354405
tca,1980,7.900061172528605
tcd,1980,4639.124016665217
tgo,1980,2795.991863951678
tha,1980,48414.38985237358
tjk,1980,3927.101464650838
tkl,1980,1.5834104538588891
tkm,1980,2892.7597284200697
tls,1980,613.073525007058
ton,1980,95.01180802532267
tto,1980,1086.4026314063601
tun,1980,6550.097666385512
tur,1980,44119.979983029545
tuv,1980,7.804639918785311
twn,1980,18298.501017537492
tza,1980,19050.30813503811
uga,1980,12786.006313702994
ukr,1980,50242.931784989276
ury,1980,2919.84678520753
usa,1980,223765.8868134219
uzb,1980,15986.914657334337
vct,1980,100.71977077541985
ven,1980,15205.82602164119
vgb,1980,11.4955504739203
vir,1980,99.23149860219755
vnm,1980,53339.352028677946
vut,1980,118.13447174176059
wlf,1980,11.450922606110227
wsm,1980,158.93893195876467
yem,1980,8092.285243309525
zaf,1980,29345.54149832
zmb,1980,6013.459484103627
zwe,1980,7613.259155384473
abw,1981,60.632908084802736
afg,1981,13456.499196455836
ago,1981,8892.137507851585
aia,1981,7.254886074769518
alb,1981,2694.047588402231
and,1981,37.644612748493884
ant,1981,175.02725495439194
are,1981,1116.8710316398194
arg,1981,28369.352539415908
arm,1981,3165.394010257079
asm,1981,34.42975538640825
atg,1981,61.86724981658013
aus,1981,15091.452193894786
aut,1981,7633.838587357
aze,1981,6283.652437478308
bdi,1981,4390.801414649076
bel,1981,9918.694921756445
ben,1981,3931.406257685547
bfa,1981,7188.633924029452
bgd,1981,83535.6677844713
bgr,1981,8765.260912828444
bhr,1981,381.0322633908949
bhs,1981,215.56031446609927
bih,1981,4156.167246729975
blr,1981,9689.101281574889
blz,1981,147.72657906850264
bmu,1981,58.2096137289111
bol,1981,5703.2954928970785
bra,1981,123704.79434345465
brb,1981,253.57363501683034
brn,1981,204.34628355671242
btn,1981,427.1522938300507
bwa,1981,957.5102806504639
caf,1981,2330.40396786861
can,1981,24956.415569337787
che,1981,6320.2042271616365
chi,1981,129.47939844069973
chl,1981,11594.617370827322
chn,1981,997265.9204896097
civ,1981,8638.194668471544
cmr,1981,9147.453205928441
cod,1981,27827.991920855056
cog,1981,1883.957317744172
cok,1981,17.671935743572423
col,1981,27526.538398864464
com,1981,326.85769060054423
cpv,1981,297.0860045134327
cri,1981,2458.2601333753455
cub,1981,9909.660819896393
cym,1981,16.878346794620406
cyp,1981,691.8306853791408
cze,1981,10202.758371577565
deu,1981,78409.06745012634
dji,1981,385.8587115504627
dma,1981,75.39095010415588
dnk,1981,5145.062891483472
dom,1981,5942.368365558032
dza,1981,20401.77214104916
ecu,1981,8206.572559763556
egy,1981,45693.46422165577
eri,1981,1836.5442944900217
esh,1981,165.75364874563095
esp,1981,38118.404832977416
est,1981,1492.0305377467027
eth,1981,37032.73779283332
fin,1981,4828.361274071243
fji,1981,665.0987739656059
flk,1981,1.8480087890195296
fra,1981,54329.72202509876
fro,1981,43.89361846474388
fsm,1981,77.05395805789352
gab,1981,766.3885907680049
gbr,1981,56437.54126695189
geo,1981,5078.875662776405
gha,1981,11678.858506475193
gib,1981,30.017312277479043
gin,1981,5114.353520862139
glp,1981,337.3076540525619
gmb,1981,676.7339197855687
gnb,1981,816.929138444663
gnq,1981,272.0750712984903
grc,1981,9757.324011251561
grd,1981,90.7055971542213
grl,1981,50.779069100528396
gtm,1981,7474.612918260481
guf,1981,70.10520448875874
gum,1981,108.78764731971403
guy,1981,782.5826688287187
hkg,1981,5079.195491759469
hnd,1981,3797.0463965542604
hrv,1981,4548.850727741078
hti,1981,5779.648488746765
hun,1981,10577.73335798067
idn,1981,154202.14255413602
imn,1981,64.02194193727857
ind,1981,703491.2
irl,1981,3435.214464756681
irn,1981,40942.64185630604
irq,1981,14303.596941720689
isl,1981,231.55351880049582
isr,1981,3840.355455952332
ita,1981,56723.382332761095
jam,1981,2199.311655894677
jor,1981,2510.4080294224445
jpn,1981,116272.6
kaz,1981,15041.10350611503
ken,1981,17560.937457271124
kgz,1981,3702.8912854745518
khm,1981,6638.308610954798
kir,1981,61.40369774619986
kna,1981,43.0067484161858
kor,1981,38314.4
kwt,1981,1465.924165237571
lao,1981,3395.2309557433323
lbn,1981,2642.2344781875477
lbr,1981,1974.7203611527489
lby,1981,3445.3000456426535
lca,1981,119.55996190281822
lie,1981,26.339182647866203
lka,1981,15603.092946439361
lso,1981,1417.933537942417
ltu,1981,3475.1326469707155
lux,1981,366.18771954688924
lva,1981,2544.926324498002
mac,1981,248.63573358821205
mar,1981,21076.277995558412
mco,1981,27.26674590598909
mda,1981,4072.1300742029184
mdg,1981,9232.675416335775
mdv,1981,167.3665542987729
mex,1981,69483.15231688129
mhl,1981,32.58265892818368
mkd,1981,1911.0429401513118
mli,1981,7445.471704574518
mlt,1981,335.4124957327406
mmr,1981,35732.798164505606
mne,1981,578.4587888771763
mng,1981,1704.830053092295
mnp,1981,18.55065126573102
moz,1981,12260.10979515833
mrt,1981,1632.7066810259544
msr,1981,11.493493448934572
mtq,1981,328.2539961724869
mus,1981,1006.5596197426488
mwi,1981,6599.173269660777
mys,1981,14439.6949514052
myt,1981,59.59379951765935
nam,1981,1112.4282253340396
ncl,1981,150.59250742510633
ner,1981,6343.250385203768
nga,1981,77638.04292571846
nic,1981,3363.7964530531317
niu,1981,3.3385088965405827
nld,1981,14278.61466563615
nor,1981,4114.780033374192
npl,1981,15699.533244315437
nru,1981,8.045290159578794
nzl,1981,3232.1218825392284
omn,1981,1243.1366011198959
pak,1981,82425.10512546038
pan,1981,2028.1756307143476
per,1981,18004.9644301031
phl,1981,49725.34661589497
plw,1981,12.544522904059432
png,1981,3747.4236210173476
pol,1981,35315.06915692449
pri,1981,3056.165143722137
prk,1981,17438.228865309102
prt,1981,9858.744621134043
pry,1981,3276.4735328751285
pse,1981,1583.3228821433902
pyf,1981,161.3685989302793
qat,1981,252.569841050415
reu,1981,532.4849601918711
rom,1981,22380.175808869742
rus,1981,139757.5838717717
rwa,1981,5484.490221684515
sau,1981,10502.295968747047
sdn,1981,15464.983587720786
sen,1981,5907.660021730542
sgp,1981,2513.7062143039525
shn,1981,6.849885671672521
slb,1981,243.58482380421748
sle,1981,3565.0135298309506
slv,1981,4671.441866069517
smr,1981,21.848933239225847
som,1981,6700.778191908156
spm,1981,6.184430662211824
srb,1981,8843.51452509707
stp,1981,100.61798709726898
sur,1981,360.53490211476736
svk,1981,4958.241672899595
svn,1981,1828.6789019206476
swe,1981,8357.598931341245
swz,1981,626.1017795871587
syc,1981,69.20586865429118
syr,1981,9423.807225886627
tca,1981,8.243961201287012
tcd,1981,4747.218790668407
tgo,1981,2894.2279783119493
tha,1981,49371.28846492807
tjk,1981,4042.9144186568265
tkl,1981,1.6095105600942057
tkm,1981,2963.9763178002204
tls,1981,616.8995683225876
ton,1981,95.42888997029786
tto,1981,1103.182161078065
tun,1981,6742.064807499525
tur,1981,45161.90461863789
tuv,1981,7.996252200510885
twn,1981,18585.11269146599
tza,1981,19677.655042763727
uga,1981,13198.669685971328
ukr,1981,50452.10793497317
ury,1981,2937.8064010676976
usa,1981,226063.63485627784
uzb,1981,16411.37968970353
vct,1981,101.54738219489384
ven,1981,15614.859381432649
vgb,1981,11.838868872667907
vir,1981,100.98176737051894
vnm,1981,54605.31198103407
vut,1981,121.10434803893715
wlf,1981,12.005968365778859
wsm,1981,159.78916799863376
yem,1981,8384.003259195288
zaf,1981,30187.560388430626
zmb,1981,6231.755528866129
zwe,1981,7899.176804765409
abw,1982,61.36898221587832
afg,1982,13153.797130248811
ago,1982,9219.058773394248
aia,1982,7.192810858784989
alb,1982,2746.1365532100617
and,1982,39.2916029672003
ant,1982,176.48396768463888
are,1982,1183.2035096122931
arg,1982,28805.804941335966
arm,1982,3210.744054735516
asm,1982,35.70432589399693
atg,1982,61.803151883849495
aus,1982,15306.469694705549
aut,1982,7636.699839873032
aze,1982,6383.461115023429
bdi,1982,4509.9026541246585
bel,1982,9934.730225072577
ben,1982,4044.457548750235
bfa,1982,7371.0200056901085
bgd,1982,85699.4971226361
bgr,1982,8789.43506955729
bhr,1982,392.0458810607642
bhs,1982,220.27007873862505
bih,1982,4197.715434752222
blr,1982,9754.900763849992
blz,1982,151.55922741389787
bmu,1982,58.65211490632314
bol,1982,5816.618060183895
bra,1982,126547.76725412978
brb,1982,254.1813308236172
brn,1982,210.40413850796375
btn,1982,437.96612111117815
bwa,1982,991.4945594951372
caf,1982,2404.7461655037855
can,1982,25260.382610600678
che,1982,6350.112303044604
chi,1982,130.5691890901909
chl,1982,11748.502164868494
chn,1982,1011639.2908884466
civ,1982,9025.511003541189
cmr,1982,9439.281518258314
cod,1982,28541.132785089994
cog,1982,1940.8991902670612
cok,1982,17.640160899039827
col,1982,28112.80512584288
com,1982,336.6638247422532
cpv,1982,303.00011954789784
cri,1982,2524.3404800776825
cub,1982,9944.20306778373
cym,1982,17.445817603108683
cyp,1982,694.8427763874413
cze,1982,10201.289440183065
deu,1982,78279.84570817823
dji,1982,396.72242028430577
dma,1982,75.03232167474972
dnk,1982,5146.612332423242
dom,1982,6070.142134159914
dza,1982,21060.824155666323
ecu,1982,8412.68456987954
egy,1982,46892.86171853943
eri,1982,1891.4189393800195
esh,1982,173.0531924493146
esp,1982,38383.189826011454
est,1982,1500.613061368383
eth,1982,38094.8587502774
fin,1982,4857.054494725934
fji,1982,682.3520621265234
flk,1982,1.8477220662275207
fra,1982,54638.443609295624
fro,1982,44.308278971142585
fsm,1982,79.65470920963419
gab,1982,786.6363119149631
gbr,1982,56496.784543097994
geo,1982,5112.300877204398
gha,1982,12023.893523757171
gib,1982,29.82581642632163
gin,1982,5227.988244694992
glp,1982,336.7405939311205
gmb,1982,698.2685709182666
gnb,1982,834.4926895886346
gnq,1982,293.0900651373241
grc,1982,9841.312967366006
grd,1982,93.15840511707589
grl,1982,51.38928600994696
gtm,1982,7657.811575136809
guf,1982,73.44870281668899
gum,1982,111.19924833595371
guy,1982,781.5514203313403
hkg,1982,5164.5478307273
hnd,1982,3912.168825702215
hrv,1982,4571.928732493109
hti,1982,5912.537544295441
hun,1982,10546.336524287524
idn,1982,157720.88733941165
imn,1982,64.0615663042465
ind,1982,719716.0666666667
irl,1982,3469.4684319086473
irn,1982,42530.53897385948
irq,1982,14660.421383446781
isl,1982,234.32819278406316
isr,1982,3898.7340139804974
ita,1982,56902.06747270682
jam,1982,2234.9303823010596
jor,1982,2604.023696487175
jpn,1982,117073.2
kaz,1982,15208.87456316869
ken,1982,18263.503294230457
kgz,1982,3777.2251285062966
khm,1982,6810.0097040410465
kir,1982,62.169105774073174
kna,1982,42.74470408541934
kor,1982,38820.46666666667
kwt,1982,1531.4574746776937
lao,1982,3472.8103377868138
lbn,1982,2647.301620473686
lbr,1982,2048.6164566616267
lby,1982,3583.9036277534346
lca,1982,121.03529905183285
lie,1982,26.656490676934787
lka,1982,15827.618007272547
lso,1982,1457.4359913685098
ltu,1982,3499.722068350912
lux,1982,366.75578207595476
lva,1982,2554.0145932696423
mac,1982,256.4466678930588
mar,1982,21607.71726329689
mco,1982,27.752444525613406
mda,1982,4112.9765966273035
mdg,1982,9508.595264365855
mdv,1982,173.42757542385246
mex,1982,71086.43367202302
mhl,1982,34.029792192722766
mkd,1982,1924.3136510588024
mli,1982,7608.281577479752
mlt,1982,338.49503998166
mmr,1982,36486.733386888845
mne,1982,585.9343216087002
mng,1982,1749.521138127495
mnp,1982,20.5916592399976
moz,1982,12552.142466263274
mrt,1982,1682.2090822883029
msr,1982,11.311420358870913
mtq,1982,330.9408942969091
mus,1982,1018.2848634851513
mwi,1982,6761.145948567236
mys,1982,14775.933242530118
myt,1982,62.85326383697124
nam,1982,1137.9510358834882
ncl,1982,152.68377867075125
ner,1982,6532.071704564218
nga,1982,79728.92703005006
nic,1982,3456.4737458745158
niu,1982,3.1953184922260065
nld,1982,14360.126570894621
nor,1982,4130.326593580557
npl,1982,16060.647750833277
nru,1982,8.186836107814782
nzl,1982,3258.201992287758
omn,1982,1310.4876374172393
pak,1982,85188.43556335004
pan,1982,2074.567714614935
per,1982,18433.618623154187
phl,1982,51076.915915433725
plw,1982,12.779551100699656
png,1982,3847.8364549870516
pol,1982,35648.56528472408
pri,1982,3094.408544253917
prk,1982,17722.835612735722
prt,1982,9915.642948190136
pry,1982,3370.0899882032936
pse,1982,1627.6166437014951
pyf,1982,166.1106799949923
qat,1982,281.60464159334475
reu,1982,542.6115192848532
rom,1982,22469.404940171193
rus,1982,140702.01479879365
rwa,1982,5668.462566667875
sau,1982,11162.416261775415
sdn,1982,16024.678459491899
sen,1982,6085.394331077484
sgp,1982,2571.0065498797717
shn,1982,6.908411787254707
slb,1982,251.6364677304353
sle,1982,3645.39456802586
slv,1982,4739.108983373462
smr,1982,22.137062294528636
som,1982,6804.4550693542615
spm,1982,6.150722732653444
srb,1982,8914.693795453537
stp,1982,102.42963865160046
sur,1982,361.0610980740859
svk,1982,4993.627795097974
svn,1982,1850.9517907357763
swe,1982,8367.246000027415
swz,1982,648.5308892745079
syc,1982,70.1467920362744
syr,1982,9741.699685937894
tca,1982,8.657383194982655
tcd,1982,4858.400055891675
tgo,1982,3002.281051595702
tha,1982,50293.088132067125
tjk,1982,4162.40515469765
tkl,1982,1.655393654431126
tkm,1982,3035.188526607987
tls,1982,626.1510353060767
ton,1982,95.61281117135
tto,1982,1120.4578606476166
tun,1982,6940.877924568815
tur,1982,46234.39626257129
tuv,1982,8.123530565449542
twn,1982,18866.57810525906
tza,1982,20309.55882972426
uga,1982,13614.988593736121
ukr,1982,50646.097481308614
ury,1982,2955.0067789768786
usa,1982,228365.52478907944
uzb,1982,16836.86121648758
vct,1982,102.29597596327092
ven,1982,16023.83491040073
vgb,1982,12.253788624375149
vir,1982,102.51406118819651
vnm,1982,55912.87598998259
vut,1982,123.95123089401044
wlf,1982,12.570773294328216
wsm,1982,160.68580343714495
yem,1982,8676.515242642905
zaf,1982,31046.610575974082
zmb,1982,6452.104444020707
zwe,1982,8194.784011061809
abw,1983,62.17214370649615
afg,1983,12791.450327814646
ago,1983,9551.363141016272
aia,1983,7.149681579597867
alb,1983,2801.041251677792
and,1983,41.08163537376486
ant,1983,177.97539531665555
are,1983,1242.768927272329
arg,1983,29248.471748528875
arm,1983,3254.947861415431
asm,1983,37.14885304886825
atg,1983,61.75833576941331
aus,1983,15520.917239906415
aut,1983,7643.0338432853505
aze,1983,6484.647877630515
bdi,1983,4629.998538676937
bel,1983,9949.864123456084
ben,1983,4158.937347725821
bfa,1983,7557.116184042723
bgd,1983,87885.72141101469
bgr,1983,8815.183975745376
bhr,1983,401.0721662610017
bhs,1983,224.97957901051396
bih,1983,4241.53489325492
blr,1983,9819.461987158902
blz,1983,155.74971104377173
bmu,1983,59.09876779855719
bol,1983,5930.057650252205
bra,1983,129388.76509226876
brb,1983,254.6697987281674
brn,1983,216.36768535625018
btn,1983,448.7224773607418
bwa,1983,1025.4689502739075
caf,1983,2479.248999545046
can,1983,25564.3425430555
che,1983,6390.130918687521
chi,1983,131.8378006125697
chl,1983,11902.435658127808
chn,1983,1025929.209908199
civ,1983,9414.276041176669
cmr,1983,9735.015485379925
cod,1983,29240.42772399835
cog,1983,1997.5947379120714
cok,1983,17.717451141239646
col,1983,28700.86891039749
com,1983,345.9950130116141
cpv,1983,309.0726541121492
cri,1983,2591.8170459288217
cub,1983,9976.673472552286
cym,1983,18.002644335263135
cyp,1983,697.7223244993907
cze,1983,10194.583595953307
deu,1983,78178.66575491296
dji,1983,405.4006239705313
dma,1983,74.44844583995358
dnk,1983,5146.495412703996
dom,1983,6196.78485271233
dza,1983,21723.387113189252
ecu,1983,8620.59287757728
egy,1983,48104.57108260862
eri,1983,1946.240478343126
esh,1983,177.99447104319634
esp,1983,38615.06551718607
est,1983,1509.0032338041897
eth,1983,39266.08762653455
fin,1983,4887.714383692008
fji,1983,699.3690903669129
flk,1983,1.8401459231147312
fra,1983,54962.52857678121
fro,1983,44.72165303320653
fsm,1983,82.26065232552997
gab,1983,807.1538961990002
gbr,1983,56572.36634543812
geo,1983,5147.667888786565
gha,1983,12387.999079730895
gib,1983,29.63684082730163
gin,1983,5348.4660941401435
glp,1983,336.5138120233768
gmb,1983,720.8219143212631
gnb,1983,854.6590312509912
gnq,1983,317.28357070675503
grc,1983,9912.528057206619
grd,1983,95.97445485690027
grl,1983,52.10120830466781
gtm,1983,7843.831400085283
guf,1983,77.1971700597067
gum,1983,113.65639150142866
guy,1983,778.586630373913
hkg,1983,5237.597529293978
hnd,1983,4029.454787344104
hrv,1983,4597.671192617219
hti,1983,6048.8145309785
hun,1983,10504.829965452987
idn,1983,161206.80709701398
imn,1983,64.02952908537337
ind,1983,735940.9333333333
irl,1983,3497.7322743125055
irn,1983,44145.148603288726
irq,1983,14988.238853682411
isl,1983,237.25858270195042
isr,1983,3949.430927258822
ita,1983,57063.38472318108
jam,1983,2270.6820960309433
jor,1983,2702.531438421107
jpn,1983,117873.8
kaz,1983,15380.581055096272
ken,1983,18974.63042411086
kgz,1983,3853.503003064892
khm,1983,7056.492420101935
kir,1983,62.98226258557024
kna,1983,42.46229174674634
kor,1983,39326.53333333333
kwt,1983,1595.337597512648
lao,1983,3560.5265764529395
lbn,1983,2652.615680841453
lbr,1983,2117.8183692541534
lby,1983,3721.15219338504
lca,1983,122.50714009811729
lie,1983,26.929697066772384
lka,1983,16042.863595620649
lso,1983,1495.5151006329627
ltu,1983,3524.2458146102445
lux,1983,367.2235987523717
lva,1983,2563.8146072330474
mac,1983,266.21134172509716
mar,1983,22128.179330476312
mco,1983,28.244566743256694
mda,1983,4154.609763741325
mdg,1983,9784.209952695175
mdv,1983,179.81056950304114
mex,1983,72675.56769548073
mhl,1983,35.59503279199066
mkd,1983,1935.6072705817285
mli,1983,7767.393269615791
mlt,1983,341.77162219357473
mmr,1983,37230.267925098604
mne,1983,593.6773373556842
mng,1983,1794.353593761416
mnp,1983,23.079791103798126
moz,1983,12806.14947827818
mrt,1983,1731.3987984645826
msr,1983,11.101847239562911
mtq,1983,334.3518568402639
mus,1983,1028.0436120596532
mwi,1983,6936.375624974017
mys,1983,15119.317929387875
myt,1983,66.39044911017093
nam,1983,1164.9618816182249
ncl,1983,154.69438625693994
ner,1983,6720.928626770797
nga,1983,81753.83997166064
nic,1983,3548.064217754218
niu,1983,3.0450113492093047
nld,1983,14440.83266630169
nor,1983,4146.247511148358
npl,1983,16426.437848212398
nru,1983,8.336352802985346
nzl,1983,3284.780711499996
omn,1983,1376.94186856404
pak,1983,88032.0641409205
pan,1983,2120.8756265183183
per,1983,18862.23836723337
phl,1983,52449.250722020195
plw,1983,13.1028979376748
png,1983,3949.837619132951
pol,1983,35992.57926500594
pri,1983,3129.1630223125476
prk,1983,18008.544270297898
prt,1983,9955.007998176703
pry,1983,3466.925876931426
pse,1983,1672.19962936505
pyf,1983,170.83962956953854
qat,1983,312.9090069907868
reu,1983,553.2280062614296
rom,1983,22554.37869296751
rus,1983,141647.41676804775
rwa,1983,5858.59605335629
sau,1983,11837.430709886297
sdn,1983,16582.03665466455
sen,1983,6268.927756876491
sgp,1983,2633.1407398676442
shn,1983,6.960131280858812
slb,1983,259.7103944651997
sle,1983,3726.4621116140997
slv,1983,4802.705894123455
smr,1983,22.416115379146564
som,1983,6813.5248297466
spm,1983,6.124123611168813
srb,1983,8987.053617585594
stp,1983,104.04269013922152
sur,1983,362.107932885558
svk,1983,5028.307737280429
svn,1983,1874.2178711881847
swe,1983,8376.205375943413
swz,1983,671.3216994848756
syc,1983,70.87165772806449
syr,1983,10054.621460312314
tca,1983,9.099776471502723
tcd,1983,4974.6470272520255
tgo,1983,3116.126233340489
tha,1983,51189.27083272228
tjk,1983,4286.810942600368
tkl,1983,1.6925809478831995
tkm,1983,3107.123190114233
tls,1983,639.3567363616255
ton,1983,95.62575105507447
tto,1983,1137.543025999514
tun,1983,7141.655746009695
tur,1983,47320.70405170749
tuv,1983,8.20372205223414
twn,1983,19139.892629079164
tza,1983,20943.753582251487
uga,1983,14040.429573148385
ukr,1983,50823.36564144127
ury,1983,2971.656748871987
usa,1983,230670.9036443541
uzb,1983,17264.400365254944
vct,1983,102.9842013853107
ven,1983,16435.5056997986
vgb,1983,12.746084091015238
vir,1983,103.77283535235986
vnm,1983,57227.866474306284
vut,1983,126.72256092351081
wlf,1983,13.113671821921857
wsm,1983,161.55649725349843
yem,1983,8972.686463676342
zaf,1983,31906.61508166958
zmb,1983,6672.827438470526
zwe,1983,8497.873511355634
abw,1984,62.75054804820014
afg,1984,12437.731007777458
ago,1984,9887.42072709655
aia,1984,7.163245291707613
alb,1984,2861.717728354678
and,1984,42.95807990918832
ant,1984,179.55548633054912
are,1984,1302.8743237712706
arg,1984,29696.652923647205
arm,1984,3300.6506405204964
asm,1984,38.67181650694062
atg,1984,61.70197596451228
aus,1984,15737.620696558912
aut,1984,7652.196426418043
aze,1984,6587.62190027299
bdi,1984,4752.153782015437
bel,1984,9964.845151221509
ben,1984,4274.7030594218795
bfa,1984,7744.821994570019
bgd,1984,90107.7182389201
bgr,1984,8837.90340102118
bhr,1984,410.0269608034149
bhs,1984,229.61032304548857
bih,1984,4287.025876669894
blr,1984,9881.64531931104
blz,1984,160.12894086009211
bmu,1984,59.53937970835144
bol,1984,6045.889875250073
bra,1984,132203.5368988505
brb,1984,255.14954444380592
brn,1984,222.3481675644803
btn,1984,460.11165944467194
bwa,1984,1060.689784401737
caf,1984,2548.666929644066
can,1984,25868.29304206285
che,1984,6433.888340792309
chi,1984,133.22778653239254
chl,1984,12061.709699060215
chn,1984,1040256.7780027081
civ,1984,9800.37320593412
cmr,1984,10034.565559879382
cod,1984,29945.483616790792
cog,1984,2053.628179660985
cok,1984,17.82822727903449
col,1984,29291.349854099462
com,1984,355.263139224065
cpv,1984,314.81777190663735
cri,1984,2660.5998690658207
cub,1984,10018.006756909715
cym,1984,18.64461028804979
cyp,1984,701.8323834065335
cze,1984,10189.577110580336
deu,1984,78140.82883293074
dji,1984,417.5313171146718
dma,1984,73.7505685261256
dnk,1984,5146.256460076855
dom,1984,6323.1533056188155
dza,1984,22380.77256586287
ecu,1984,8831.43559652798
egy,1984,49328.994289554794
eri,1984,2001.5006518369216
esh,1984,182.30032037788862
esp,1984,38814.47304117726
est,1984,1518.1239550551406
eth,1984,40490.972991208364
fin,1984,4917.057510523438
fji,1984,713.8815696577054
flk,1984,1.8434895871312218
fra,1984,55289.605847741324
fro,1984,45.155977267910195
fsm,1984,84.78632199164404
gab,1984,827.947416927811
gbr,1984,56665.41616340548
geo,1984,5187.300147300525
gha,1984,12757.474587213836
gib,1984,29.455848217598497
gin,1984,5477.413362715202
glp,1984,337.97076081387127
gmb,1984,746.2741009421151
gnb,1984,875.417505937213
gnq,1984,340.95454932183554
grc,1984,9975.01583323251
grd,1984,98.34307912888478
grl,1984,52.844091461370745
gtm,1984,8031.959301120769
guf,1984,81.45108218071327
gum,1984,116.14080221755812
guy,1984,774.1647639470632
hkg,1984,5307.452543237472
hnd,1984,4149.209721553645
hrv,1984,4624.871631363992
hti,1984,6186.262719413406
hun,1984,10461.659741680209
idn,1984,164612.90351475513
imn,1984,64.1836323880855
ind,1984,752165.8
irl,1984,3519.1807077387866
irn,1984,45785.67203138039
irq,1984,15294.912333966404
isl,1984,240.21760752478446
isr,1984,3996.4823674038
ita,1984,57198.78197754701
jam,1984,2303.2295260636442
jor,1984,2803.6218340218784
jpn,1984,118674.4
kaz,1984,15554.350010392996
ken,1984,19689.376577838746
kgz,1984,3930.9529476737716
khm,1984,7321.758410296252
kir,1984,63.94414312210727
kna,1984,42.1416127233751
kor,1984,39832.6
kwt,1984,1663.5178176471534
lao,1984,3654.9136743768845
lbn,1984,2656.2054492118414
lbr,1984,2171.5562992260334
lby,1984,3852.9688382587374
lca,1984,124.12297278641053
lie,1984,27.195584892633715
lka,1984,16253.54353100005
lso,1984,1531.9374443037423
ltu,1984,3549.666202301536
lux,1984,367.95417131975694
lva,1984,2575.8604493328526
mac,1984,277.119143017295
mar,1984,22626.620342975577
mco,1984,28.678285444924814
mda,1984,4195.063344985397
mdg,1984,10058.249700603705
mdv,1984,186.34748453839913
mex,1984,74251.51734794697
mhl,1984,37.25624824867517
mkd,1984,1945.573701209102
mli,1984,7913.074928282358
mlt,1984,345.12520996680826
mmr,1984,37953.8686180961
mne,1984,600.5287268895162
mng,1984,1839.4118337084813
mnp,1984,25.98775420141743
moz,1984,12994.46613490021
mrt,1984,1779.820344272316
msr,1984,10.91713335131014
mtq,1984,338.1512866770972
mus,1984,1036.0729218834408
mwi,1984,7162.117679545594
mys,1984,15482.890438379829
myt,1984,70.13512576699434
nam,1984,1195.240302067952
ncl,1984,156.68781353746374
ner,1984,6909.863224619828
nga,1984,83758.57649433451
nic,1984,3638.0218429950974
niu,1984,2.8989236320820164
nld,1984,14522.72599722254
nor,1984,4162.694877292111
npl,1984,16792.647771940876
nru,1984,8.487294783898209
nzl,1984,3309.1565294237016
omn,1984,1440.916650001702
pak,1984,90920.15148727526
pan,1984,2167.3735309808067
per,1984,19293.472685276316
phl,1984,53837.49532189987
plw,1984,13.447388889713844
png,1984,4052.006558574543
pol,1984,36325.45728812832
pri,1984,3161.549261110457
prk,1984,18275.400877282078
prt,1984,9979.802924092997
pry,1984,3566.415354720093
pse,1984,1717.3194767387358
pyf,1984,175.5437126839196
qat,1984,343.62016322009464
reu,1984,563.6858399883583
rom,1984,22648.229318674934
rus,1984,142588.72066586948
rwa,1984,6070.2429024181765
sau,1984,12504.283287475271
sdn,1984,17130.365383006625
sen,1984,6455.446719736494
sgp,1984,2695.079922446502
shn,1984,6.9907858383898684
slb,1984,267.711575996382
sle,1984,3812.6520158412504
slv,1984,4864.41078063474
smr,1984,22.682099561473503
som,1984,6802.303022504419
spm,1984,6.106957937150412
srb,1984,9058.634273604675
stp,1984,105.74514812824238
sur,1984,364.2369921902122
svk,1984,5062.636183931182
svn,1984,1897.1850178919804
swe,1984,8389.6709595324
swz,1984,694.3882375299407
syc,1984,71.36401501043002
syr,1984,10363.87156699768
tca,1984,9.543004601639195
tcd,1984,5098.1503764925565
tgo,1984,3229.917878400039
tha,1984,52072.191001485065
tjk,1984,4417.70764844663
tkl,1984,1.7315992269071392
tkm,1984,3180.7257585844914
tls,1984,654.1209453982184
ton,1984,95.58194082519756
tto,1984,1153.5031914225397
tun,1984,7337.6205456146035
tur,1984,48398.157524775736
tuv,1984,8.270220601745194
twn,1984,19400.587187603374
tza,1984,21576.80237203125
uga,1984,14482.254062049824
ukr,1984,50981.674841663604
ury,1984,2988.1767839301456
usa,1984,232978.65073888956
uzb,1984,17695.736168289
vct,1984,103.63786883146861
ven,1984,16853.75202903914
vgb,1984,13.303883141799643
vir,1984,104.62851979053372
vnm,1984,58505.050876005
vut,1984,129.4791444523876
wlf,1984,13.564023879361578
wsm,1984,162.29403455165973
yem,1984,9276.475737360353
zaf,1984,32744.595089169456
zmb,1984,6891.590310003418
zwe,1984,8805.06752779756
abw,1985,62.886530075218175
afg,1985,12149.730818997925
ago,1985,10226.020887938626
aia,1985,7.276861356242917
alb,1985,2929.572497717506
and,1985,44.88654835763406
ant,1985,181.24802761024625
are,1985,1369.015701217832
arg,1985,30149.413545119205
arm,1985,3349.151119903771
asm,1985,40.219203102842485
atg,1985,61.64927406510693
aus,1985,15958.297888573075
aut,1985,7663.792392802694
aze,1985,6692.847723828705
bdi,1985,4876.748948749099
bel,1985,9980.290536754486
ben,1985,4391.894576465573
bfa,1985,7932.720558141819
bgd,1985,92372.35533643472
bgr,1985,8854.166636142403
bhr,1985,420.30350494552107
bhs,1985,234.0589034998973
bih,1985,4332.824023653954
blr,1985,9940.705279372336
blz,1985,164.55604713189882
bmu,1985,59.98493397335663
bol,1985,6165.7855034209315
bra,1985,134974.73265505454
brb,1985,255.6959168702699
brn,1985,228.4258183969709
btn,1985,472.49192914153366
bwa,1985,1097.9292478569482
caf,1985,2609.5443809780363
can,1985,26172.209326631255
che,1985,6476.770640759615
chi,1985,134.66769647171074
chl,1985,12230.112022864323
chn,1985,1054705.6200152892
civ,1985,10181.059025280709
cmr,1985,10337.71366467764
cod,1985,30673.174456012937
cog,1985,2108.7576539465913
cok,1985,17.934113989336456
col,1985,29884.922134918994
com,1985,364.75453508543
cpv,1985,319.93843586892626
cri,1985,2730.655943502847
cub,1985,10075.565382514777
cym,1985,19.423921571641415
cyp,1985,708.2060713238055
cze,1985,10191.641502087345
deu,1985,78190.75192711256
dji,1985,436.89306754240374
dma,1985,73.03901386786478
dnk,1985,5147.101249600705
dom,1985,6449.92433950429
dza,1985,23026.00653260959
ecu,1985,9046.04665207543
egy,1985,50564.2415215916
eri,1985,2057.0475598530165
esh,1985,187.25572356613364
esp,1985,38982.735384587475
est,1985,1528.4290679513124
eth,1985,41729.5491060102
fin,1985,4942.773857062322
fji,1985,724.3863278049979
flk,1985,1.8459061441175644
fra,1985,55609.85216918654
fro,1985,45.62123849891372
fsm,1985,87.15738135396721
gab,1985,849.0289331126222
gbr,1985,56776.001676243315
geo,1985,5232.0926037119925
gha,1985,13122.418483093681
gib,1985,29.341310108037298
gin,1985,5615.69260899071
glp,1985,341.971574472115
gmb,1985,775.817704907206
gnb,1985,895.2780306686719
gnq,1985,361.450221578984
grc,1985,10032.282444560662
grd,1985,99.72482998917519
grl,1985,53.53173782830844
gtm,1985,8221.825611836419
guf,1985,86.24771956290711
gum,1985,118.63743880423478
guy,1985,768.7301081855219
hkg,1985,5380.698186371024
hnd,1985,4271.687239922431
hrv,1985,4652.435238375818
hti,1985,6323.249279810998
hun,1985,10423.645864863165
idn,1985,167905.63286454
imn,1985,64.6909765769507
ind,1985,768390.6666666666
irl,1985,3533.536517177975
irn,1985,47446.01749312757
irq,1985,15588.270840839277
isl,1985,243.1341283707164
isr,1985,4043.490713766162
ita,1985,57302.584293243985
jam,1985,2330.3417614313585
jor,1985,2906.1024996274773
jpn,1985,119475
kaz,1985,15727.634501282671
ken,1985,20403.887488551725
kgz,1985,4008.8845157602573
khm,1985,7565.087187343008
kir,1985,65.11971278975882
kna,1985,41.77335493493294
kor,1985,40338.666666666664
kwt,1985,1738.8961734572658
lao,1985,3753.240686367737
lbn,1985,2657.530717067047
lbr,1985,2202.623151199289
lby,1985,3976.4482383702575
lca,1985,125.96463527458259
lie,1985,27.463321335944354
lka,1985,16462.893564322196
lso,1985,1566.5782155656807
ltu,1985,3576.5049437615294
lux,1985,369.2411750592425
lva,1985,2590.9784186468028
mac,1985,288.52614532921257
mar,1985,23095.406354772927
mco,1985,29.01724130599339
mda,1985,4232.946353994123
mdg,1985,10330.208900450978
mdv,1985,192.89524275673617
mex,1985,75815.3415205215
mhl,1985,39.01218939095779
mkd,1985,1954.7773322077858
mli,1985,8039.458404375828
mlt,1985,348.4746046823048
mmr,1985,38649.96925752463
mne,1985,605.7249375548921
mng,1985,1884.5655834825643
mnp,1985,29.228864928607408
moz,1985,13102.682934328555
mrt,1985,1827.2063283252742
msr,1985,10.768118436387434
mtq,1985,342.05965268159713
mus,1985,1042.6828505543936
mwi,1985,7460.898669324537
mys,1985,15875.310944087993
myt,1985,74.01498013941652
nam,1985,1229.9026465117277
ncl,1985,158.74571063001537
ner,1985,7099.292419273052
nga,1985,85777.45856220642
nic,1985,3726.0772952054754
niu,1985,2.7701446308587068
nld,1985,14607.198960733956
nor,1985,4179.788081094884
npl,1985,17157.007866106946
nru,1985,8.65162189269121
nzl,1985,3329.7118086719884
omn,1985,1501.5457653601045
pak,1985,93824.97191345261
pan,1985,2214.290141044239
per,1985,19729.11670900008
phl,1985,55237.48851417613
plw,1985,13.767690973335688
png,1985,4153.338253467782
pol,1985,36632.45108746594
pri,1985,3192.461542057192
prk,1985,18510.71582788385
prt,1985,9992.97752842705
pry,1985,3668.0749330088815
pse,1985,1763.436291266785
pyf,1985,180.16358884807048
qat,1985,371.6641877729773
reu,1985,573.5062602478624
rom,1985,22759.742421959378
rus,1985,143523.4290206063
rwa,1985,6309.802719462971
sau,1985,13146.377302554329
sdn,1985,17666.31045435266
sen,1985,6642.837281990873
sgp,1985,2753.471025270018
shn,1985,6.997671691035204
slb,1985,275.5858592022194
sle,1985,3906.163570527339
slv,1985,4925.882364120324
smr,1985,22.944473754648907
som,1985,6824.836283138084
spm,1985,6.124006702074192
srb,1985,9128.456206019267
stp,1985,107.70481216226753
sur,1985,367.8222427866003
svk,1985,5097.030689605388
svn,1985,1918.864895680483
swe,1985,8411.348669378409
swz,1985,717.6077931302465
syc,1985,71.62425439958652
syr,1985,10670.859724374708
tca,1985,9.947937436136279
tcd,1985,5230.444965846042
tgo,1985,3339.2084531182886
tha,1985,52948.72082113613
tjk,1985,4555.79285995071
tkl,1985,1.7411464413893085
tkm,1985,3256.8650868085133
tls,1985,668.6947558473636
ton,1985,95.55966230280366
tto,1985,1167.6952820911479
tun,1985,7523.851025463031
tur,1985,49449.615227610884
tuv,1985,8.364625377723685
twn,1985,19645.424379468663
tza,1985,22207.15884389477
uga,1985,14945.223166089458
ukr,1985,51120.92750197488
ury,1985,3004.85482444691
usa,1985,235287.87179127615
uzb,1985,18132.81100244611
vct,1985,104.27473918764873
ven,1985,17281.19371954975
vgb,1985,13.925116836380935
vir,1985,105.04702640686332
vnm,1985,59714.34471933482
vut,1985,132.28707447354128
wlf,1985,13.878231026685292
wsm,1985,162.82472492785166
yem,1985,9592.155751289596
zaf,1985,33544.96574515276
zmb,1985,7106.633969505455
zwe,1985,9112.770054683355
abw,1986,62.45678574559146
afg,1986,11924.44704469013
ago,1986,10567.243362348121
aia,1986,7.495532137720397
alb,1986,3007.2341855385357
and,1986,46.83363375244741
ant,1986,183.0702468204418
are,1986,1442.6650576313348
arg,1986,30607.21884234125
arm,1986,3402.9215070364726
asm,1986,41.77861789860341
atg,1986,61.569445548388586
aus,1986,16184.05038993617
aut,1986,7677.297826181314
aze,1986,6799.920465421797
bdi,1986,5003.764255079343
bel,1986,9996.123991740476
ben,1986,4509.979281513781
bfa,1986,8120.607765780238
bgd,1986,94682.488840286693
bgr,1986,8863.562097083899
bhr,1986,432.36663199299693
bhs,1986,238.3026875447614
bih,1986,4382.034249458166
blr,1986,9996.483685174177
blz,1986,169.0612388306694
bmu,1986,60.41847843765438
bol,1986,6290.274897054521
bra,1986,137696.1676511836
brb,1986,256.3386248115028
brn,1986,234.61926486675273
btn,1986,486.37102456573024
bwa,1986,1137.5463929309585
caf,1986,2659.9687429928626
can,1986,26476.106456883754
che,1986,6517.104971504551
chi,1986,136.1696182338663
chl,1986,12408.628129406716
chn,1986,1069318.8378289673
civ,1986,10554.10612648516
cmr,1986,10644.417199429601
cod,1986,31418.645692997798
cog,1986,2162.9450260886765
cok,1986,18.0024187234215
col,1986,30481.110851123947
com,1986,374.5187364954164
cpv,1986,324.1979010122286
cri,1986,2801.8434724357066
cub,1986,10153.463985341661
cym,1986,20.368944077364688
cyp,1986,717.1887840406386
cze,1986,10201.843208522236
deu,1986,78335.76095378217
dji,1986,465.2414360039203
dma,1986,72.3162320491186
dnk,1986,5149.471649233429
dom,1986,6577.246698898674
dza,1986,23655.614441999143
ecu,1986,9264.703046811814
egy,1986,51814.11221504205
eri,1986,2114.238954514755
esh,1986,193.1245348122471
esp,1986,39120.11000937449
est,1986,1540.861778441264
eth,1986,42970.631885702474
fin,1986,4963.901039806422
fji,1986,730.1671778991331
flk,1986,1.849456253720582
fra,1986,55923.36075760917
fro,1986,46.12987577164554
fsm,1986,89.31514400585452
gab,1986,870.4038246950342
gbr,1986,56907.242605361695
geo,1986,5283.788136395868
gha,1986,13480.091096369499
gib,1986,29.29203818805394
gin,1986,5764.223853249546
glp,1986,349.0208099036135
gmb,1986,810.092341486601
gnb,1986,913.8949358441655
gnq,1986,377.859874501717
grc,1986,10083.2903074828
grd,1986,99.89157494151961
grl,1986,54.16318754391757
gtm,1986,8413.384873569554
guf,1986,91.66423639397122
gum,1986,121.14468175992317
guy,1986,762.1614206639806
hkg,1986,5459.646124939729
hnd,1986,4397.088723795158
hrv,1986,4680.396501591851
hti,1986,6459.179605086358
hun,1986,10391.513962505847
idn,1986,171075.29367257928
imn,1986,65.64179232091635
ind,1986,784615.5333333333
irl,1986,3540.357720124871
irn,1986,49133.732918395755
irq,1986,15868.898707553219
isl,1986,245.9941218988591
isr,1986,4090.0060081648517
ita,1986,57371.8114716928
jam,1986,2351.1135357034946
jor,1986,3007.5543810137765
jpn,1986,120275.6
kaz,1986,15902.329023723792
ken,1986,21116.401778491127
kgz,1986,4087.9609614026913
khm,1986,7774.139769276414
kir,1986,66.55581034188614
kna,1986,41.355038246941255
kor,1986,40844.73333333333
kwt,1986,1827.6038190160755
lao,1986,3855.0633155875685
lbn,1986,2654.0377060175097
lbr,1986,2210.1162015941195
lby,1986,4090.2543231856434
lca,1986,128.06512470843938
lie,1986,27.74658968944038
lka,1986,16672.08468866119
lso,1986,1599.089333538385
ltu,1986,3605.34848196219
lux,1986,371.1754502865571
lva,1986,2610.3332237429086
mac,1986,300.3327766547357
mar,1986,23530.63765431265
mco,1986,29.23867742556109
mda,1986,4267.886464649218
mdg,1986,10600.018871524853
mdv,1986,199.41240456362019
mex,1986,77367.18980009505
mhl,1986,40.85605205186754
mkd,1986,1963.395525231781
mli,1986,8143.309687550908
mlt,1986,351.8085139221725
mmr,1986,39319.2707199587
mne,1986,608.8701578260564
mng,1986,1929.9345049715391
mnp,1986,32.88926922779718
moz,1986,13115.280398316538
mrt,1986,1873.4896358192557
msr,1986,10.672010641415152
mtq,1986,346.0828034260062
mus,1986,1047.7831314585883
mwi,1986,7849.9755872698815
mys,1986,16301.099421605059
myt,1986,78.00835362305008
nam,1986,1269.6201550341445
ncl,1986,160.88613608726513
ner,1986,7289.35659016486
nga,1986,87820.21923458483
nic,1986,3811.7044136316813
niu,1986,2.6526776487861006
nld,1986,14695.105961486188
nor,1986,4197.701905626364
npl,1986,17516.226342174417
nru,1986,8.822289919832034
nzl,1986,3345.387458225949
omn,1986,1557.1751877087456
pak,1986,96742.79276084267
pan,1986,2261.7204914097792
per,1986,20169.92463825812
phl,1986,56649.76464276824
plw,1986,14.052872495819054
png,1986,4253.657483253125
pol,1986,36905.71968082814
pri,1986,3221.7154659526036
prk,1986,18707.267420175107
prt,1986,9993.983520399725
pry,1986,3771.768122688807
pse,1986,1810.454978230213
pyf,1986,184.73365039204202
qat,1986,396.7184280910183
reu,1986,582.540671507991
rom,1986,22893.55231154674
rus,1986,144447.7395103687
rwa,1986,6598.057422383738
sau,1986,13758.735494614928
sdn,1986,18182.723897224216
sen,1986,6830.403210702985
sgp,1986,2806.752150358282
shn,1986,6.985364228925334
slb,1986,283.3100143241051
sle,1986,4010.4765897051343
slv,1986,4987.386306421349
smr,1986,23.20287042283258
som,1986,6898.0707268373335
spm,1986,6.160209782912438
srb,1986,9193.303502148994
stp,1986,110.00156753873055
sur,1986,373.02186672076476
svk,1986,5131.211155250662
svn,1986,1939.0301291337732
swe,1986,8442.064274228782
swz,1986,740.9226955774301
syc,1986,71.61380662662108
syr,1986,10976.008171483902
tca,1986,10.32604766565179
tcd,1986,5372.937989922019
tgo,1986,3443.575679738129
tha,1986,53829.98378992901
tjk,1986,4702.051212101929
tkl,1986,1.7315101709017742
tkm,1986,3334.902480302081
tls,1986,682.5280315820578
ton,1986,95.59732972211866
tto,1986,1179.8444156248604
tun,1986,7697.885715529194
tur,1986,50469.75793233751
tuv,1986,8.469723456376808
twn,1986,19873.938871425966
tza,1986,22830.20795401477
uga,1986,15431.185650821157
ukr,1986,51237.92450742811
ury,1986,3021.5917767558103
usa,1986,237598.7512007141
uzb,1986,18573.748561848774
vct,1986,104.90255452707197
ven,1986,17718.88862025792
vgb,1986,14.605220841376177
vir,1986,104.97533636347175
vnm,1986,60832.087143276294
vut,1986,135.1284634214052
wlf,1986,14.042211961435353
wsm,1986,163.11939570304202
yem,1986,9915.575843419005
zaf,1986,34298.06975959605
zmb,1986,7318.1151565286245
zwe,1986,9420.461994339374
abw,1987,61.6049031053973
afg,1987,11768.758824365941
ago,1987,10911.559506401958
aia,1987,7.813071501504465
alb,1987,3092.253455870777
and,1987,48.79648869554972
ant,1987,184.96415597842417
are,1987,1522.735964653413
arg,1987,31069.378236111756
arm,1987,3459.853346890171
asm,1987,43.34484712211626
atg,1987,61.48933101993766
aus,1987,16413.196705383907
aut,1987,7693.190661630898
aze,1987,6909.277862145791
bdi,1987,5131.689822381789
bel,1987,10012.3577091402
ben,1987,4629.585059913751
bfa,1987,8309.366038398943
bgd,1987,97025.08035166273
bgr,1987,8866.960049692443
bhr,1987,445.8090900940098
bhs,1987,242.37359311942018
bih,1987,4432.728952850498
blr,1987,10049.43865777988
blz,1987,173.67694773555962
bmu,1987,60.84480549987449
bol,1987,6419.0639218451315
bra,1987,140371.86436974112
brb,1987,257.0671889500996
brn,1987,240.92493956179936
btn,1987,501.30739519484166
bwa,1987,1178.925139116464
caf,1987,2701.8876126879773
can,1987,26779.97735078455
che,1987,6556.480712243936
chi,1987,137.72583607431167
chl,1987,12596.285284377309
chn,1987,1084058.7987917517
civ,1987,10920.68951909932
cmr,1987,10954.243132400105
cod,1987,32184.425801807563
cog,1987,2216.4790138690937
cok,1987,18.054024684940487
col,1987,31080.33566538663
com,1987,384.48745555809097
cpv,1987,327.8138000410125
cri,1987,2874.209019916688
cub,1987,10248.69641283479
cym,1987,21.464525940883988
cyp,1987,728.4740234574755
cze,1987,10219.600142249814
deu,1987,78565.5502180693
dji,1987,500.52763035517665
dma,1987,71.57698072061768
dnk,1987,5153.341229645993
dom,1987,6705.106825979909
dza,1987,24268.729292335756
ecu,1987,9487.232790495544
egy,1987,53072.99655158207
eri,1987,2171.6670251166984
esh,1987,199.50261868813865
esp,1987,39229.03049223662
est,1987,1554.7638970363244
eth,1987,44230.36999070434
fin,1987,4981.232776358938
fji,1987,731.9975149822753
flk,1987,1.8621054114144155
fra,1987,56231.14507670667
fro,1987,46.675646570014116
fsm,1987,91.2523631071806
gab,1987,892.0412349959968
gbr,1987,57057.5715935281
geo,1987,5339.696103803825
gha,1987,13833.86894061875
gib,1987,29.32018921413539
gin,1987,5921.978984964975
glp,1987,358.5813250490909
gmb,1987,848.3061875892766
gnb,1987,931.7369867583238
gnq,1987,390.9460412396873
grc,1987,10128.17623296432
grd,1987,99.06918870487097
grl,1987,54.75619605496078
gtm,1987,8607.239035095543
guf,1987,97.61656714797303
gum,1987,123.64437099394694
guy,1987,754.6538360968573
hkg,1987,5542.04030866786
hnd,1987,4525.458142965393
hrv,1987,4708.450550100257
hti,1987,6594.327993133597
hun,1987,10365.137906016758
idn,1987,174132.66290781376
imn,1987,66.93945723004614
ind,1987,800840.4
irl,1987,3540.605948973216
irn,1987,50833.246182695766
irq,1987,16142.578438907247
isl,1987,248.79713778078082
isr,1987,4137.779714449666
ita,1987,57409.505505424124
jam,1987,2366.6303689330784
jor,1987,3109.740105975797
jpn,1987,121076.2
kaz,1987,16075.987335252114
ken,1987,21826.80613331631
kgz,1987,4168.106825225655
khm,1987,7962.762251458389
kir,1987,68.19967897211218
kna,1987,40.8896030978379
kor,1987,41350.8
kwt,1987,1925.2540967347256
lao,1987,3960.8002054477943
lbn,1987,2649.170703691808
lbr,1987,2198.099555168739
lby,1987,4195.196940145267
lca,1987,130.3732828871294
lie,1987,28.03318245419498
lka,1987,16879.493564525997
lso,1987,1629.5949787555764
ltu,1987,3635.638044493477
lux,1987,373.69318815740786
lva,1987,2632.92367348607
mac,1987,312.5412958842721
mar,1987,23934.89584953129
mco,1987,29.373562733913822
mda,1987,4300.313940723529
mdg,1987,10869.20049400374
mdv,1987,205.90120780320592
mex,1987,78907.91835985021
mhl,1987,42.769823062260386
mkd,1987,1971.4640437536425
mli,1987,8229.892871075566
mlt,1987,355.10812575153915
mmr,1987,39961.97652137705
mne,1987,610.3543527622784
mng,1987,1974.9783970725596
mnp,1987,36.89179933928926
moz,1987,13052.27288940975
mrt,1987,1918.8573410138843
msr,1987,10.619679818226997
mtq,1987,350.21387469261083
mus,1987,1051.603110525636
mwi,1987,8310.461354099332
mys,1987,16755.815726523277
myt,1987,82.12111599700867
nam,1987,1313.559140085555
ncl,1987,163.14862532122336
ner,1987,7481.366575159911
nga,1987,89879.2095413227
nic,1987,3895.248542509369
niu,1987,2.556833673992189
nld,1987,14786.125600025272
nor,1987,4216.475836975099
npl,1987,17873.099644644604
nru,1987,8.990455539016395
nzl,1987,3357.8021373795805
omn,1987,1608.4550006725447
pak,1987,99676.67348518422
pan,1987,2309.7121131552854
per,1987,20614.954544359072
phl,1987,58074.221269207716
plw,1987,14.322865603782121
png,1987,4353.310411723274
pol,1987,37152.16813213706
pri,1987,3249.2023726092093
prk,1987,18874.205526569254
prt,1987,9983.93580633441
pry,1987,3877.37771063963
pse,1987,1859.3276811584376
pyf,1987,189.2244959156046
qat,1987,419.17499296169706
reu,1987,590.9784538220489
rom,1987,23045.145013463174
rus,1987,145365.07164100354
rwa,1987,6920.98958831477
sau,1987,14343.936344012032
sdn,1987,18684.10039750781
sen,1987,7018.752384159907
sgp,1987,2856.836156818788
shn,1987,6.940402094068986
slb,1987,290.929721430077
sle,1987,4122.127235439346
slv,1987,5048.84326925777
smr,1987,23.459172513937276
som,1987,7004.991013277403
spm,1987,6.222649215449807
srb,1987,9254.463721752443
stp,1987,112.54700580666011
sur,1987,379.6313855800506
svk,1987,5165.434813870091
svn,1987,1957.8388654807527
swe,1987,8480.403754175857
swz,1987,764.201662080755
syc,1987,71.40070081949543
syr,1987,11280.842399203315
tca,1987,10.684440038527656
tcd,1987,5525.420599157969
tgo,1987,3543.9424364849197
tha,1987,54709.31129651091
tjk,1987,4855.096712679158
tkl,1987,1.7211212791609463
tkm,1987,3415.125135403054
tls,1987,696.1857872898051
ton,1987,95.65581014050369
tto,1987,1190.1344356641987
tun,1987,7860.891934148027
tur,1987,51461.05995868632
tuv,1987,8.605077862217044
twn,1987,20087.033548750005
tza,1987,23448.943165653407
uga,1987,15937.46000232151
ukr,1987,51337.226197453216
ury,1987,3038.3313443801953
usa,1987,239911.39762739078
uzb,1987,19019.880626624206
vct,1987,105.5153214024907
ven,1987,18165.470945884405
vgb,1987,15.350164833419958
vir,1987,104.50306934363726
vnm,1987,61873.455033147904
vut,1987,138.00476021362792
wlf,1987,14.069177598421122
wsm,1987,163.2429414368611
yem,1987,10249.34928478954
zaf,1987,35011.03343029951
zmb,1987,7526.173459924887
zwe,1987,9725.34485245188
abw,1988,60.81543352347732
afg,1988,11758.387848362434
ago,1988,11258.531996699196
aia,1988,8.177559480808775
alb,1988,3174.8688640926016
and,1988,50.7926048488108
ant,1988,186.78649072955108
are,1988,1609.0244447155515
arg,1988,31532.291993449355
arm,1988,3511.2624313027973
asm,1988,44.87880598776945
atg,1988,61.50444742347971
aus,1988,16641.51883981957
aut,1988,7713.297254238532
aze,1988,7023.235198493849
bdi,1988,5257.651692418731
bel,1988,10029.832405547919
ben,1988,4753.272144401212
bfa,1988,8500.117655474764
bgd,1988,99372.75674395569
bgr,1988,8863.764940715744
bhr,1988,460.03969945459187
bhs,1988,246.38320602527853
bih,1988,4472.680473099272
blr,1988,10100.20588203774
blz,1988,178.25546313530177
bmu,1988,61.27158834113495
bol,1988,6551.916812648211
bra,1988,143007.72541854874
brb,1988,257.85946933659
brn,1988,247.35718599631969
btn,1988,515.6968811990178
bwa,1988,1220.7202459044559
caf,1988,2740.3364837296294
can,1988,27083.826668492195
che,1988,6597.303136737641
chi,1988,139.22797432929866
chl,1988,12792.267912098228
chn,1988,1098831.4101627124
civ,1988,11285.689471344493
cmr,1988,11266.030869389477
cod,1988,33002.140980787175
cog,1988,2269.868685271061
cok,1988,18.106929946782987
col,1988,31685.20528637822
com,1988,394.639873241936
cpv,1988,331.35211385897026
cri,1988,2948.1520779193534
cub,1988,10352.6439370344
cym,1988,22.662782338084565
cyp,1988,741.7106091807727
cze,1988,10246.675747145666
deu,1988,78864.32117249025
dji,1988,538.1031137121605
dma,1988,70.90072513203837
dnk,1988,5158.863496338725
dom,1988,6833.824061916676
dza,1988,24864.140957961063
ecu,1988,9713.481984929866
egy,1988,54318.251154504316
eri,1988,2223.219431123436
esh,1988,206.21493014242265
esp,1988,39316.27189139135
est,1988,1567.1412332752618
eth,1988,45527.4779259455
fin,1988,4996.362208263715
fji,1988,731.6653183758016
flk,1988,1.8828400070874702
fra,1988,56525.40443631144
fro,1988,47.162979043300346
fsm,1988,93.09647450070976
gab,1988,913.9317209935199
gbr,1988,57216.717227911926
geo,1988,5390.956464830916
gha,1988,14187.071671731474
gib,1988,29.366331537979818
gin,1988,6085.445046851521
glp,1988,369.3054762923243
gmb,1988,888.4760388076428
gnb,1988,949.1027766282408
gnq,1988,401.7583093632853
grc,1988,10173.17643999573
grd,1988,97.69659518531071
grl,1988,55.268203372586726
gtm,1988,8804.417755511098
guf,1988,103.77624673648793
gum,1988,126.17945062159033
guy,1988,747.3998625489855
hkg,1988,5624.54214841522
hnd,1988,4656.841830411565
hrv,1988,4734.746406762466
hti,1988,6729.060095832208
hun,1988,10349.435713451052
idn,1988,177090.22601291907
imn,1988,68.40897959631047
ind,1988,817065.2666666666
irl,1988,3537.1579660728985
irn,1988,52488.770631811196
irq,1988,16428.11796293816
isl,1988,251.53185978941968
isr,1988,4194.749411027769
ita,1988,57423.60388460526
jam,1988,2379.1002771945427
jor,1988,3220.4479889776976
jpn,1988,121876.8
kaz,1988,16236.53713077877
ken,1988,22534.942477718032
kgz,1988,4247.261582995302
khm,1988,8147.532467873296
kir,1988,69.92381721780221
kna,1988,40.46562703756842
kor,1988,41856.86666666667
kwt,1988,2012.2936958307487
lao,1988,4069.3953224294546
lbn,1988,2654.906255257453
lbr,1988,2170.8249744588943
lby,1988,4293.08427098442
lca,1988,132.7914982682362
lie,1988,28.329007847725723
lka,1988,17082.13178079752
lso,1988,1659.0655673301442
ltu,1988,3665.3852813702656
lux,1988,376.77812072862355
lva,1988,2654.8217721258075
mac,1988,324.64896901686325
mar,1988,24314.974667447554
mco,1988,29.436829264501938
mda,1988,4330.481089181582
mdg,1988,11140.886565202387
mdv,1988,212.31987718792627
mex,1988,80440.10365955986
mhl,1988,44.61566435195726
mkd,1988,1979.236992828133
mli,1988,8312.154525750371
mlt,1988,358.3288656977839
mmr,1988,40570.014525910214
mne,1988,611.0292773736592
mng,1988,2018.2786177833343
mnp,1988,40.77480855231391
moz,1988,12977.574304610505
mrt,1988,1963.6559012639098
msr,1988,10.592095185296936
mtq,1988,354.21683402078634
mus,1988,1055.1113248400763
mwi,1988,8785.328103014712
mys,1988,17228.15109867614
myt,1988,86.40792723122952
nam,1988,1359.5378879513876
ncl,1988,165.63450266198467
ner,1988,7678.342115859621
nga,1988,91950.98060668274
nic,1988,3978.291582251836
niu,1988,2.478184367891085
nld,1988,14879.087007877919
nor,1988,4235.872011847829
npl,1988,18238.501626874913
nru,1988,9.171498091269576
nzl,1988,3371.13185136019
omn,1988,1659.5024485310453
pak,1988,102614.71533757228
pan,1988,2358.3302917118112
per,1988,21062.178156258335
phl,1988,59505.433618151925
plw,1988,14.576022457566149
png,1988,4452.481976260918
pol,1988,37389.88497043697
pri,1988,3275.958988089559
prk,1988,19034.598930125638
prt,1988,9969.585048462113
pry,1988,3984.41305256573
pse,1988,1912.7498539675005
pyf,1988,193.5771081355955
qat,1988,438.6861312313343
reu,1988,599.1224946226184
rom,1988,23202.92366736437
rus,1988,146288.60464823587
rwa,1988,7210.179315436348
sau,1988,14902.978933778855
sdn,1988,19192.272167151565
sen,1988,7208.58839887536
sgp,1988,2907.9994711080485
shn,1988,6.882443383402384
slb,1988,298.5362099953618
sle,1988,4228.16999268776
slv,1988,5111.123032544646
smr,1988,23.718456533178873
som,1988,7125.794619048982
spm,1988,6.306664841140907
srb,1988,9320.66567483385
stp,1988,115.23464361347014
sur,1988,387.2029110503345
svk,1988,5201.2640573739545
svn,1988,1975.1565478555897
swe,1988,8524.974842771755
swz,1988,787.0846071369341
syc,1988,71.13553512978059
syr,1988,11589.125277251887
tca,1988,11.045131781396778
tcd,1988,5685.823895860766
tgo,1988,3639.0365010247942
tha,1988,55554.786019298794
tjk,1988,5010.592135296524
tkl,1988,1.684153866342309
tkm,1988,3500.478149918919
tls,1988,710.2891087989195
ton,1988,95.73396335811967
tto,1988,1198.956870996509
tun,1988,8015.953123324575
tur,1988,52423.88699166947
tuv,1988,8.741362725038105
twn,1988,20284.535126135463
tza,1988,24078.184436799915
uga,1988,16458.585185697622
ukr,1988,51435.11409005389
ury,1988,3055.463005790246
usa,1988,242224.7743452438
uzb,1988,19480.52291010248
vct,1988,106.07229594661152
ven,1988,18618.158232685102
vgb,1988,16.08429268878424
vir,1988,103.85888857709514
vnm,1988,62894.31315483879
vut,1988,140.99837305067544
wlf,1988,14.013373972556368
wsm,1988,163.32594084934001
yem,1988,10611.873931892873
zaf,1988,35704.99835921655
zmb,1988,7729.041900535286
zwe,1988,10018.629203155926
abw,1989,60.73410004022377
afg,1989,11986.061446253558
ago,1989,11607.730839489679
aia,1989,8.540110868809812
alb,1989,3241.790722669367
and,1989,52.81296439416913
ant,1989,188.35014502250152
are,1989,1700.6888898302486
arg,1989,31991.217500041275
arm,1989,3545.4286160275356
asm,1989,46.347123153636254
atg,1989,61.70533613996257
aus,1989,16863.311616716797
aut,1989,7740.059742015279
aze,1989,7144.926794435062
bdi,1989,5377.933459429167
bel,1989,10049.62400349949
ben,1989,4884.376917161608
bfa,1989,8694.388029942693
bgd,1989,101689.68929436548
bgr,1989,8853.479546629149
bhr,1989,474.1196756189382
bhs,1989,250.50427981101146
bih,1989,4485.4998266155035
blr,1989,10149.639736021203
blz,1989,182.57347949075591
bmu,1989,61.66916523779935
bol,1989,6688.308932885186
bra,1989,145614.06891224728
brb,1989,258.6881380940564
brn,1989,253.9407088936913
btn,1989,527.3346062936905
bwa,1989,1261.1013995341393
caf,1989,2782.397355167661
can,1989,27387.69120319266
che,1989,6643.278426349138
chi,1989,140.54423198953947
chl,1989,12995.017609992668
chn,1989,1113502.4276907812
civ,1989,11656.039396223707
cmr,1989,11578.366914156528
cod,1989,33911.61475485509
cog,1989,2323.7862856927886
cok,1989,18.189061978332663
col,1989,32299.0724754467
com,1989,404.9682233750111
cpv,1989,335.6011812094947
cri,1989,3024.179439729004
cub,1989,10452.701636317168
cym,1989,23.921664550841186
cyp,1989,756.2732319506471
cze,1989,10284.697426056997
deu,1989,79207.66819656716
dji,1989,571.3931874953137
dma,1989,70.37779782974089
dnk,1989,5166.061104755833
dom,1989,6963.730991320643
dza,1989,25441.429014732224
ecu,1989,9943.099229402782
egy,1989,55520.26971189273
eri,1989,2260.9330756024183
esh,1989,212.88516526860295
esp,1989,39390.77122567367
est,1989,1573.9482887731108
eth,1989,46890.165746254796
fin,1989,5011.748727895918
fji,1989,731.7481011545282
flk,1989,1.9195844635206392
fra,1989,56796.79871167425
fro,1989,47.494209095015655
fsm,1989,94.98564872230718
gab,1989,936.0451680094559
gbr,1989,57370.758062153305
geo,1989,5425.69657006971
gha,1989,14545.06883100732
gib,1989,29.39010051427346
gin,1989,6249.828325709143
glp,1989,379.2836188512756
gmb,1989,927.8613304489587
gnb,1989,966.5258081756513
gnq,1989,412.0495330422664
grc,1989,10226.392563988036
grd,1989,96.45090956053626
grl,1989,55.679775514330046
gtm,1989,9006.289269900113
guf,1989,109.72480129661808
gum,1989,128.78105719261782
guy,1989,741.9457658030254
hkg,1989,5702.020091734241
hnd,1989,4791.201221193234
hrv,1989,4756.952814731281
hti,1989,6864.086745034633
hun,1989,10350.101910261226
idn,1989,179968.65433727365
imn,1989,69.74900100463151
ind,1989,833290.1333333333
irl,1989,3533.940321607307
irn,1989,54028.0454037221
irq,1989,16748.81930486736
isl,1989,254.16943985710438
isr,1989,4270.825989283534
ita,1989,57425.542651476615
jam,1989,2391.7325832198912
jor,1989,3350.0993311432762
jpn,1989,122677.4
kaz,1989,16368.185789700727
ken,1989,23241.34068388525
kgz,1989,4322.771936039341
khm,1989,8354.780255157664
kir,1989,71.5525497190175
kna,1989,40.1570302959626
kor,1989,42362.933333333334
kwt,1989,2062.4684358188324
lao,1989,4179.708871068367
lbn,1989,2686.9544352570283
lbr,1989,2134.557842545262
lby,1989,4386.742643053602
lca,1989,135.12521261406977
lie,1989,28.646965071112668
lka,1989,17275.65233036642
lso,1989,1688.8163541771642
ltu,1989,3691.8825116149956
lux,1989,380.3343031090612
lva,1989,2670.67827711446
mac,1989,336.0686513364826
mar,1989,24680.835757968984
mco,1989,29.508921628491578
mda,1989,4358.887151495124
mdg,1989,11419.126621693471
mdv,1989,218.6476583865818
mex,1989,81966.88451239168
mhl,1989,46.27239253278454
mkd,1989,1986.980866771573
mli,1989,8407.702403820213
mlt,1989,361.4306694038344
mmr,1989,41133.577745352806
mne,1989,612.1573147782975
mng,1989,2058.1048235950166
mnp,1989,43.969881511947584
moz,1989,12976.941787084943
mrt,1989,2008.3629862941682
msr,1989,10.58010472584315
mtq,1989,357.8126671717522
mus,1989,1059.553625873615
mwi,1989,9196.756688533442
mys,1989,17702.028897509197
myt,1989,90.90484349176774
nam,1989,1404.5171740000778
ncl,1989,168.43373054049619
ner,1989,7884.13339039995
nga,1989,94027.01096174121
nic,1989,4063.0288968415257
niu,1989,2.404289699044084
nld,1989,14972.119949362886
nor,1989,4255.529871709406
npl,1989,18627.140460371054
nru,1989,9.369604057598753
nzl,1989,3390.9837574612284
omn,1989,1715.939773724852
pak,1989,105544.7632990877
pan,1989,2407.6166719740204
per,1989,21508.69314377219
phl,1989,60936.52676458514
plw,1989,14.854225704162541
png,1989,4551.489670312682
pol,1989,37645.207140611434
pri,1989,3303.293662209359
prk,1989,19219.538623237793
prt,1989,9959.648225195711
pry,1989,4092.313257438978
pse,1989,1974.1384699574096
pyf,1989,197.65845265979453
qat,1989,455.0035919418059
reu,1989,607.4584151795749
rom,1989,23350.19391391253
rus,1989,147235.8014309432
rwa,1989,7374.153438605029
sau,1989,15439.410442996683
sdn,1989,19736.715610592346
sen,1989,7401.0397162369145
sgp,1989,2966.2764742280056
shn,1989,6.806691046787918
slb,1989,306.26628171546554
sle,1989,4311.252923010358
slv,1989,5175.217625792829
smr,1989,23.982732858753934
som,1989,7228.50727453153
spm,1989,6.375463474003311
srb,1989,9403.967786205236
stp,1989,117.87320270394083
sur,1989,395.1468101073577
svk,1989,5240.721117066203
svn,1989,1990.9162803578768
swe,1989,8573.452911886461
swz,1989,809.1693386478308
syc,1989,71.02488741675128
syr,1989,11905.489424184709
tca,1989,11.491633688302922
tcd,1989,5851.018247561366
tgo,1989,3727.6863278114474
tha,1989,56322.82183266689
tjk,1989,5162.913865204774
tkl,1989,1.6485981402593508
tkm,1989,3594.9476853208666
tls,1989,725.8373129944586
ton,1989,95.7874880865811
tto,1989,1206.9369899804312
tun,1989,8167.836719105322
tur,1989,53361.24025872236
tuv,1989,8.865677303476984
twn,1989,20466.52461645151
tza,1989,24737.70410616829
uga,1989,16986.87626891914
ukr,1989,51552.538183822944
ury,1989,3073.5194277384808
usa,1989,244537.5730044573
uzb,1989,19968.553163416935
vct,1989,106.54838159337396
ven,1989,19072.918585857384
vgb,1989,16.7796958133152
vir,1989,103.3490741541729
vnm,1989,63973.21527389492
vut,1989,144.20384153920634
wlf,1989,13.929342671004036
wsm,1989,163.53887487470814
yem,1989,11027.130164986549
zaf,1989,36409.81831854135
zmb,1989,7924.626970008353
zwe,1989,10289.434792140777
abw,1990,61.813848184753446
afg,1990,12506.128963754136
ago,1990,11959.122349107143
aia,1990,8.851010233408758
alb,1990,3284.0564066203274
and,1990,54.86775718989424
ant,1990,189.51147756640873
are,1990,1797.1731729563655
arg,1990,32442.747926844455
arm,1990,3554.64366516051
asm,1990,47.70488196448775
atg,1990,62.19080434594706
aus,1990,17074.780645380513
aut,1990,7774.785049792262
aze,1990,7276.481127373889
bdi,1990,5489.790104283633
bel,1990,10072.40320868101
ben,1990,5025.025583952153
bfa,1990,8893.382915457256
bgd,1990,103951.80229001466
bgr,1990,8836.032184545062
bhr,1990,487.45257621690234
bhs,1990,254.84126250530306
bih,1990,4460.683891869267
blr,1990,10198.394641552224
blz,1990,186.5405856047061
bmu,1990,62.03965118864668
bol,1990,6827.821866809108
bra,1990,148199.69115449907
brb,1990,259.5288466417291
brn,1990,260.6765954914616
btn,1990,534.816190387521
bwa,1990,1298.7821664020496
caf,1990,2832.966051865536
can,1990,27691.57212265033
che,1990,6696.654608237491
chi,1990,141.59684220329876
chl,1990,13203.036747684378
chn,1990,1127980.4556660322
civ,1990,12036.328242602303
cmr,1990,11890.186028312115
cod,1990,34935.51086258588
cog,1990,2378.7633292557925
cok,1990,18.313467074308583
col,1990,32924.062262858846
com,1990,415.44080384943624
cpv,1990,341.1085187367089
cri,1990,3102.610788339475
cub,1990,10539.840474244249
cym,1990,25.17549960984858
cyp,1990,771.6605639092769
cze,1990,10334.529024099576
deu,1990,79574.28679678189
dji,1990,595.9159261580573
dma,1990,70.03925043560079
dnk,1990,5174.951833739808
dom,1990,7095.025103265532
dza,1990,25999.61428886797
ecu,1990,10175.76149357564
egy,1990,56659.11412135765
eri,1990,2279.762625152312
esh,1990,219.28851772066847
esp,1990,39460.54088188663
est,1990,1572.5333168797742
eth,1990,48335.430376131044
fin,1990,5029.105203962792
fji,1990,734.0800677447936
flk,1990,1.9713116398040407
fra,1990,57039.80831878041
fro,1990,47.58513921361721
fsm,1990,97.02891076651395
gab,1990,958.3620217141006
gbr,1990,57510.42749968773
geo,1990,5435.588198349022
gha,1990,14911.349709593404
gib,1990,29.338834299177158
gin,1990,6411.6521518756535
glp,1990,387.14989126240323
gmb,1990,964.5240797312262
gnb,1990,984.375899072885
gnq,1990,423.1057782281507
grc,1990,10293.295530679356
grd,1990,95.81151441673212
grl,1990,55.969964057070925
gtm,1990,9213.855901043386
guf,1990,115.15960994100458
gum,1990,131.46827483241373
guy,1990,739.300546756358
hkg,1990,5771.233788622384
hnd,1990,4928.5804655176
hrv,1990,4773.442840470908
hti,1990,6999.963522742045
hun,1990,10370.768770878445
idn,1990,182784.6522311058
imn,1990,70.76067429112963
ind,1990,849515
irl,1990,3533.9922893768344
irn,1990,55402.581585444255
irq,1990,17121.316286465928
isl,1990,256.72159454369364
isr,1990,4372.304070066574
ita,1990,57423.70546074562
jam,1990,2406.8561377556193
jor,1990,3504.9276351066783
jpn,1990,123478
kaz,1990,16460.165473985184
ken,1990,23946.311585566
kgz,1990,4393.243843704959
khm,1990,8602.632713498471
kir,1990,72.94725017908029
kna,1990,40.04189470578753
kor,1990,42869
kwt,1990,2059.5220521819147
lao,1990,4290.660529897905
lbn,1990,2755.12323095215
lbr,1990,2095.3137071985766
lby,1990,4478.126533057926
lca,1990,137.27569754074355
lie,1990,28.978478081415275
lka,1990,17456.73339194688
lso,1990,1719.6704112209252
ltu,1990,3713.2426326939894
lux,1990,384.3038009372197
lva,1990,2676.8438304866
mac,1990,346.4067429498512
mar,1990,25039.315331963884
mco,1990,29.631749548810408
mda,1990,4385.888759320218
mdg,1990,11707.035129459124
mdv,1990,224.84478529645298
mex,1990,83490.4506524758
mhl,1990,47.628307502973804
mkd,1990,1995.0029571695097
mli,1990,8528.88683794662
mlt,1990,364.39764294152457
mmr,1990,41647.63953943464
mne,1990,614.6245863023476
mng,1990,2093.386905408534
mnp,1990,46.0978258313989
moz,1990,13108.672692768487
mrt,1990,2053.3592266842693
msr,1990,10.557756335277443
mtq,1990,360.80817290649986
mus,1990,1065.7362611673068
mwi,1990,9492.39551548862
mys,1990,18166.106105148974
myt,1990,95.6698619320616
nam,1990,1446.2970914053083
ncl,1990,171.6235194268483
ner,1990,8101.608422889182
nga,1990,96102.3162739842
nic,1990,4150.927861833469
niu,1990,2.344679501735181
nld,1990,15063.944799977773
nor,1990,4275.238989823331
npl,1990,19048.378914656052
nru,1990,9.576845482764615
nzl,1990,3421.049476930204
omn,1990,1781.1803415592046
pak,1990,108461.59978515013
pan,1990,2457.621888213358
per,1990,21952.40806259083
phl,1990,62363.00720157738
plw,1990,15.17181896680374
png,1990,4650.728761317067
pol,1990,37936.8976338
pri,1990,3332.001143370541
prk,1990,19449.813778090866
prt,1990,9960.491464852053
pry,1990,4200.639328568609
pse,1990,2045.8400281484517
pyf,1990,201.41602274929616
qat,1990,468.13556340586456
reu,1990,616.2885680937925
rom,1990,23474.745200161386
rus,1990,148218.42379011397
rwa,1990,7357.004711545082
sau,1990,15956.252623855551
sdn,1990,20335.89164377727
sen,1990,7596.648712317572
sgp,1990,3035.7401185505905
shn,1990,6.709123610128433
slb,1990,314.2233028225006
sle,1990,4360.134981846792
slv,1990,5241.658968409101
smr,1990,24.28378143437228
som,1990,7292.618523025435
spm,1990,6.427877349668822
srb,1990,9511.83420449884
stp,1990,120.32314073112688
sur,1990,402.9830446398202
svk,1990,5285.208587824098
svn,1990,2005.1737117602252
swe,1990,8623.771213278265
swz,1990,830.1064298844329
syc,1990,71.22955516274463
syr,1990,12233.391576622756
tca,1990,12.04568883434245
tcd,1990,6018.985224363713
tgo,1990,3809.5871447556897
tha,1990,56985.69259415684
tjk,1990,5308.413856477376
tkl,1990,1.6188255211636633
tkm,1990,3701.118447698081
tls,1990,743.3909177296675
ton,1990,95.78759844302462
tto,1990,1214.5308700055252
tun,1990,8319.531295319568
tur,1990,54276.6522029711
tuv,1990,8.980370729919095
twn,1990,20633.3110737196
tza,1990,25439.4029720953
uga,1990,17516.58810089123
ukr,1990,51702.70181337763
ury,1990,3092.831809508721
usa,1990,246848.99885662945
uzb,1990,20493.316602826588
vct,1990,106.9043694715931
ven,1990,19526.791642216653
vgb,1990,17.394686815606896
vir,1990,103.19647351135623
vnm,1990,65163.71093696978
vut,1990,147.68090194058468
wlf,1990,13.892905592076216
wsm,1990,164.0335797086299
yem,1990,11509.799257017396
zaf,1990,37144.45069905881
zmb,1990,8111.958257927283
zwe,1990,10529.923580848455
abw,1991,64.20450383475595
afg,1991,13391.12143574544
ago,1991,12402.04265638646
aia,1991,9.075982521904239
alb,1991,3271.7521932357768
and,1991,57.067361511603416
ant,1991,190.16543039491134
are,1991,1902.1452380142994
arg,1991,32865.29018522937
arm,1991,3502.6264671133404
asm,1991,49.022175631421995
atg,1991,62.957611873618596
aus,1991,17295.85395301423
aut,1991,7827.063893148195
aze,1991,7352.424103573452
bdi,1991,5634.501383563643
bel,1991,10109.661682180646
ben,1991,5213.880515241279
bfa,1991,9163.23250648206
bgd,1991,106330.4703772997
bgr,1991,8743.900721207616
bhr,1991,500.54774017858654
bhs,1991,259.3217346554112
bih,1991,4357.807221751268
blr,1991,10153.168896316856
blz,1991,189.8932005962248
bmu,1991,62.45377284589373
bol,1991,6966.154885731038
bra,1991,150668.27556842274
brb,1991,260.21293950731575
brn,1991,268.05367926139155
btn,1991,538.3346780769929
bwa,1991,1342.9043160773201
caf,1991,2914.4975051061588
can,1991,27999.545472974794
che,1991,6765.820021003394
chi,1991,142.45643152515396
chl,1991,13408.070688187012
chn,1991,1139820.5256152423
civ,1991,12516.967763035278
cmr,1991,12289.666018483216
cod,1991,36357.18615114394
cog,1991,2452.5898231015344
cok,1991,18.53424757665389
col,1991,33540.23826825979
com,1991,429.17145177741594
cpv,1991,350.55873411995765
cri,1991,3181.397645719949
cub,1991,10604.584634790455
cym,1991,26.372510132613698
cyp,1991,788.6012319601368
cze,1991,10319.19236043485
deu,1991,80046.80026476008
dji,1991,614.4310557961228
dma,1991,69.91934252835128
dnk,1991,5190.961839301521
dom,1991,7223.437877514533
dza,1991,26730.55049649229
ecu,1991,10404.816645985667
egy,1991,58142.498353260795
eri,1991,2294.6930986414786
esh,1991,227.18834427414862
esp,1991,39573.94191916121
est,1991,1547.0566920574033
eth,1991,50230.21671250425
fin,1991,5054.229162127483
fji,1991,740.4941353912573
flk,1991,2.049671805439348
fra,1991,57311.64518450517
fro,1991,47.44956105286219
fsm,1991,99.45404718322995
gab,1991,987.9827087651987
gbr,1991,57691.48133751912
geo,1991,5368.954289893176
gha,1991,15397.496822394414
gib,1991,29.224982191769232
gin,1991,6616.641953011415
glp,1991,392.0695289339167
gmb,1991,1005.083875675305
gnb,1991,1009.993500207401
gnq,1991,438.264736562476
grc,1991,10387.251684280689
grd,1991,95.83681161060568
grl,1991,56.17919273298236
gtm,1991,9422.002492665442
guf,1991,119.89834907261735
gum,1991,134.4829769535064
guy,1991,739.6642596619745
hkg,1991,5840.206069276899
hnd,1991,5065.65110042017
hrv,1991,4747.4618925644245
hti,1991,7132.2289724816
hun,1991,10335.745632571632
idn,1991,185870.32328241575
imn,1991,71.42810408747071
ind,1991,865852.6666666666
irl,1991,3542.313145400336
irn,1991,56636.67240345233
irq,1991,17566.165009940905
isl,1991,259.4258428837557
isr,1991,4506.365240695754
ita,1991,57487.39183332333
jam,1991,2423.5744662382876
jor,1991,3692.5372229100244
jpn,1991,123764.33333333333
kaz,1991,16361.00792979771
ken,1991,24828.285134579815
kgz,1991,4416.309014905247
khm,1991,8875.981034404926
kir,1991,74.2023655464876
kna,1991,40.11812788746264
kor,1991,43220.26666666667
kwt,1991,1994.586908415337
lao,1991,4409.56508829097
lbn,1991,2868.905633565241
lbr,1991,2065.6457998115598
lby,1991,4601.0563008830695
lca,1991,139.09054988002015
lie,1991,29.362940380738724
lka,1991,17657.17545163849
lso,1991,1764.3250613599544
ltu,1991,3694.681175883057
lux,1991,389.0541768229077
lva,1991,2647.1731715242963
mac,1991,356.0750925302913
mar,1991,25576.221730060126
mco,1991,29.829178639810774
mda,1991,4371.765480584945
mdg,1991,12092.13387188799
mdv,1991,231.34217671756872
mex,1991,84960.16111113151
mhl,1991,48.73922952168737
mkd,1991,1988.0502775675668
mli,1991,8743.492515318478
mlt,1991,367.5548532134296
mmr,1991,42180.314153617466
mne,1991,614.1217086575764
mng,1991,2119.233025859569
mnp,1991,46.98919272909394
moz,1991,13494.66547159486
mrt,1991,2114.01608085339
msr,1991,10.563311020567692
mtq,1991,363.42517049106567
mus,1991,1081.7971386777388
mwi,1991,9720.383259400416
mys,1991,18648.199739075088
myt,1991,101.41832354752529
nam,1991,1494.8465134445198
ncl,1991,175.5433914117199
ner,1991,8392.364754803997
nga,1991,98888.71974818438
nic,1991,4239.996998252636
niu,1991,2.3021910127787244
nld,1991,15169.88145209046
nor,1991,4299.332022027261
npl,1991,19539.899872738257
nru,1991,9.831622119034698
nzl,1991,3467.5444066904092
omn,1991,1859.5442812745634
pak,1991,111545.86296533787
pan,1991,2506.8171722716997
per,1991,22376.870178404
phl,1991,63894.25210940325
plw,1991,15.54793907619979
png,1991,4758.274519637244
pol,1991,37982.611436697116
pri,1991,3375.45831986531
prk,1991,19692.1667108795
prt,1991,9985.402640676422
pry,1991,4306.342579518668
pse,1991,2129.8622525492488
pyf,1991,205.13693648325102
qat,1991,478.54567408045887
reu,1991,630.1997694407644
rom,1991,23394.84313716818
rus,1991,147884.4869786857
rwa,1991,7172.5017652660445
sau,1991,16469.581917778833
sdn,1991,21152.635851606694
sen,1991,7852.4589441480975
sgp,1991,3122.6244817265565
shn,1991,6.654166307472958
slb,1991,323.00161238672166
sle,1991,4403.029040574461
slv,1991,5307.684255780162
smr,1991,24.6310751984934
som,1991,7364.973424459451
spm,1991,6.454527025203118
srb,1991,9577.586419819967
stp,1991,123.48075261627694
sur,1991,410.33674454943184
svk,1991,5295.246839375791
svn,1991,2002.4801589482347
swe,1991,8685.46189878609
swz,1991,855.8339224060312
syc,1991,72.32912725816163
syr,1991,12583.804162806808
tca,1991,12.72823339771376
tcd,1991,6234.057765406161
tgo,1991,3911.2889854591563
tha,1991,57628.83744580901
tjk,1991,5396.575537973616
tkl,1991,1.5877873331139978
tkm,1991,3786.3403121222073
tls,1991,764.7872238021371
ton,1991,95.905641166487
tto,1991,1221.1622710038384
tun,1991,8533.226125015233
tur,1991,55224.14947750389
tuv,1991,9.08851098385981
twn,1991,20822.28111992588
tza,1991,26382.366080691118
uga,1991,18177.99468660549
ukr,1991,51422.63903003577
ury,1991,3111.427632681623
usa,1991,250108.80834680135
uzb,1991,20869.19091953328
vct,1991,107.07970358847851
ven,1991,19966.48296077143
vgb,1991,17.889670639234563
vir,1991,103.41652377914507
vnm,1991,66347.42694694693
vut,1991,151.75980738349378
wlf,1991,13.910747706147667
wsm,1991,165.13278703966955
yem,1991,12079.802981004304
zaf,1991,38190.53046915051
zmb,1991,8349.759662891009
zwe,1991,10814.533940853184
abw,1992,67.72895993913222
afg,1992,14574.904646196685
ago,1992,12849.285525670055
aia,1992,9.262792615988598
alb,1992,3234.3463766068685
and,1992,59.308203917384816
ant,1992,190.46493243643596
are,1992,2015.1623745803383
arg,1992,33280.667948122
arm,1992,3426.8956657698923
asm,1992,50.2037991682626
atg,1992,63.99287427618955
aus,1992,17506.656068612978
aut,1992,7886.811765170799
aze,1992,7437.372019585521
bdi,1992,5771.773373682668
bel,1992,10150.014760358645
ben,1992,5412.64739548688
bfa,1992,9438.082101870084
bgd,1992,108649.83543893529
bgr,1992,8645.531146819441
bhr,1992,513.4725739796855
bhs,1992,264.0560926745425
bih,1992,4218.6246314034015
blr,1992,10107.375202742362
blz,1992,192.8828667283935
bmu,1992,62.83418581377737
bol,1992,7107.813641200715
bra,1992,153115.37141137794
brb,1992,260.9364015909535
brn,1992,275.5815889408726
btn,1992,537.813330050967
bwa,1992,1384.229126002164
caf,1992,3004.10593340208
can,1992,28307.54905339164
che,1992,6841.377772035506
chi,1992,143.01930453559552
chl,1992,13618.07095219675
chn,1992,1151478.3569647456
civ,1992,13006.691574225717
cmr,1992,12689.024839672595
cod,1992,37899.99600049575
cog,1992,2527.7063326772104
cok,1992,18.794167180950776
col,1992,34167.28653627925
com,1992,443.0657191320568
cpv,1992,361.1512277321998
cri,1992,3262.146719706263
cub,1992,10656.764490569649
cym,1992,27.573979733407974
cyp,1992,806.323876621746
cze,1992,10316.221394931756
deu,1992,80533.74778987681
dji,1992,624.3798638441419
dma,1992,70.02083608040074
dnk,1992,5208.553063261501
dom,1992,7353.400725923511
dza,1992,27438.147720062112
ecu,1992,10636.656726658945
egy,1992,59556.35982773806
eri,1992,2291.8271941895823
esh,1992,235.2406011651196
esp,1992,39692.07892125549
est,1992,1513.779988348642
eth,1992,52203.30410122958
fin,1992,5080.923798531324
fji,1992,749.0614911615619
flk,1992,2.143981145578158
fra,1992,57554.99527771744
fro,1992,47.07251295501035
fsm,1992,102.01444993328076
gab,1992,1017.7807794323686
gbr,1992,57855.951579976114
geo,1992,5279.4009387229235
gha,1992,15890.682444771686
gib,1992,29.045792028552135
gin,1992,6817.871100768522
glp,1992,394.74762483935035
gmb,1992,1043.0542693865252
gnb,1992,1035.8212353279064
gnq,1992,454.04774894905813
grc,1992,10494.591114578086
grd,1992,96.44441111578783
grl,1992,56.25960431716196
gtm,1992,9636.544114359238
guf,1992,124.15040450306705
gum,1992,137.53522759155348
guy,1992,743.0502655287501
hkg,1992,5900.91748697846
hnd,1992,5205.782753068778
hrv,1992,4716.035948483815
hti,1992,7265.210642218197
hun,1992,10321.792518067814
idn,1992,188897.9179139931
imn,1992,71.76244331492559
ind,1992,882190.3333333334
irl,1992,3555.040781184496
irn,1992,57700.08733435475
irq,1992,18064.523224180106
isl,1992,262.0073454237125
isr,1992,4665.475223868399
ita,1992,57553.07467004066
jam,1992,2442.79752515925
jor,1992,3904.5691918478483
jpn,1992,124050.66666666667
kaz,1992,16227.413545735188
ken,1992,25710.089087049462
kgz,1992,4433.594549522264
khm,1992,9183.38993560508
kir,1992,75.22721758486296
kna,1992,40.39518550073811
kor,1992,43571.53333333333
kwt,1992,1877.2857523881196
lao,1992,4528.112830501239
lbn,1992,3019.597955099693
lbr,1992,2031.973973971662
lby,1992,4721.4048572235315
lca,1992,140.70868851720354
lie,1992,29.763879744098517
lka,1992,17846.236158558255
lso,1992,1809.3092080231272
ltu,1992,3671.050324864764
lux,1992,394.18684900218915
lva,1992,2608.136614817524
mac,1992,364.54602935009603
mar,1992,26101.259690240946
mco,1992,30.078106065627928
mda,1992,4356.552486429572
mdg,1992,12487.857158527611
mdv,1992,237.7224749577033
mex,1992,86429.3769076927
mhl,1992,49.5487832700235
mkd,1992,1981.589011738748
mli,1992,8984.528737143699
mlt,1992,370.5161399159526
mmr,1992,42663.25212305864
mne,1992,614.978855169156
mng,1992,2140.807048333613
mnp,1992,46.76270182267462
moz,1992,14015.336904746717
mrt,1992,2175.1332295478633
msr,1992,10.581936570837382
mtq,1992,365.3455055097603
mus,1992,1099.376509752309
mwi,1992,9832.838259629292
mys,1992,19119.879859860113
myt,1992,107.43162039598802
nam,1992,1539.9591409815755
ncl,1992,179.86173111110017
ner,1992,8696.665148400109
nga,1992,101680.4294455388
nic,1992,4332.144184097046
niu,1992,2.2715570867458976
nld,1992,15274.080221418924
nor,1992,4323.31406596745
npl,1992,20061.315797509895
nru,1992,10.09187320942909
nzl,1992,3524.2141836596898
omn,1992,1946.8257975926729
pak,1992,114613.82260571302
pan,1992,2556.8503740169626
per,1992,22796.49294718753
phl,1992,65421.213034334185
plw,1992,15.95381272270266
png,1992,4866.050725551897
pol,1992,38061.78870994718
pri,1992,3420.158587561197
prk,1992,19979.069290106898
prt,1992,10022.311974726315
pry,1992,4412.051155459835
pse,1992,2223.4026225920925
pyf,1992,208.5234559609304
qat,1992,486.29048719840773
reu,1992,644.4181598838711
rom,1992,23292.717361579278
rus,1992,147582.9117837957
rwa,1992,6803.867946831037
sau,1992,16965.06469885553
sdn,1992,22025.217094188938
sen,1992,8111.247228018391
sgp,1992,3219.3799979625237
shn,1992,6.5843451093612995
slb,1992,332.030677940733
sle,1992,4413.6471255400475
slv,1992,5376.154810352466
smr,1992,24.999121003215016
som,1992,7406.001535817557
spm,1992,6.450946608356443
srb,1992,9666.661917814148
stp,1992,126.46490538757219
sur,1992,417.5353651820278
svk,1992,5310.087468989492
svn,1992,1998.224658448907
swe,1992,8748.723486633875
swz,1992,880.1389329942153
syc,1992,73.75664414441029
syr,1992,12945.296309567952
tca,1992,13.530903229871042
tcd,1992,6453.133303305924
tgo,1992,4005.7354746768888
tha,1992,58167.64646457054
tjk,1992,5477.047673322409
tkl,1992,1.5673542697741842
tkm,1992,3881.808145446898
tls,1992,788.0294031783097
ton,1992,95.9874987344293
tto,1992,1227.5115903041817
tun,1992,8744.470173923532
tur,1992,56146.75275376448
tuv,1992,9.168210237718633
twn,1992,20996.879733958252
tza,1992,27370.000864859165
uga,1992,18843.11862834702
ukr,1992,51178.19146642893
ury,1992,3131.070065002342
usa,1992,253367.37474577213
uzb,1992,21276.26959446745
vct,1992,107.14942808572323
ven,1992,20405.224420728067
vgb,1992,18.30126127878244
vir,1992,104.01683341190625
vnm,1992,67639.04342787557
vut,1992,156.1272149458736
wlf,1992,13.963335856524827
wsm,1992,166.5108771115075
yem,1992,12716.079787227745
zaf,1992,39258.98716723736
zmb,1992,8579.492026975839
zwe,1992,11065.782768005407
abw,1993,71.90489864866653
afg,1993,15901.21711372375
ago,1993,13302.487642829532
aia,1993,9.414559236342702
alb,1993,3183.643360821017
and,1993,61.411748935768344
ant,1993,190.3133364473747
are,1993,2133.908808156093
arg,1993,33689.41559829735
arm,1993,3338.9940485676193
asm,1993,51.29294179933489
atg,1993,65.23348392382955
aus,1993,17711.85189305938
aut,1993,7949.136540510935
aze,1993,7527.391770857119
bdi,1993,5898.909318425552
bel,1993,10191.820164518984
ben,1993,5617.81329264107
bfa,1993,9718.639979737412
bgd,1993,110940.98204128607
bgr,1993,8545.022216409292
bhr,1993,526.5301676613317
bhs,1993,268.82915386455073
bih,1993,4064.1852664754833
blr,1993,10062.456731831686
blz,1993,195.98904723528048
bmu,1993,63.20360902264132
bol,1993,7252.4238398281605
bra,1993,155553.03233927494
brb,1993,261.6936062288733
brn,1993,283.18790942725303
btn,1993,535.4452299207873
bwa,1993,1423.4473221445844
caf,1993,3099.1363344579077
can,1993,28615.556781154006
che,1993,6918.5853279282965
chi,1993,143.44449368859702
chl,1993,13829.709831830516
chn,1993,1163028.6786066487
civ,1993,13502.501367875953
cmr,1993,13087.85904062363
cod,1993,39491.029986283225
cog,1993,2604.401631666005
cok,1993,19.042811177171526
col,1993,34801.315407804876
com,1993,457.08905819355596
cpv,1993,372.4204405750738
cri,1993,3344.4326644474895
cub,1993,10700.15384557334
cym,1993,28.828802532523543
cyp,1993,824.6645748661592
cze,1993,10321.227142754822
deu,1993,81009.96028174681
dji,1993,629.253633745606
dma,1993,70.24572266611081
dnk,1993,5228.264986540291
dom,1993,7484.106493033652
dza,1993,28116.230905959143
ecu,1993,10870.891285595331
egy,1993,60922.2736442136
eri,1993,2277.5665851743192
esh,1993,243.4920943753824
esp,1993,39819.50753957961
est,1993,1477.3913959663441
eth,1993,54222.634892810405
fin,1993,5108.452095638772
fji,1993,759.0018271197818
flk,1993,2.257193386907826
fra,1993,57785.1016765573
fro,1993,46.600449004645796
fsm,1993,104.47091429004088
gab,1993,1047.6908438245785
gbr,1993,58018.681063699565
geo,1993,5171.608054883947
gha,1993,16386.939917277497
gib,1993,28.882286672896253
gin,1993,7017.141234846922
glp,1993,396.07892691997387
gmb,1993,1079.3155456432646
gnb,1993,1061.5731966850847
gnq,1993,470.6845057036288
grc,1993,10609.962147837998
grd,1993,97.41832442704558
grl,1993,56.251715644565294
gtm,1993,9856.568478433092
guf,1993,128.08382386315142
gum,1993,140.56598464326552
guy,1993,747.9124998138029
hkg,1993,5960.048820639322
hnd,1993,5349.837914172328
hrv,1993,4680.549056851995
hti,1993,7399.041244541284
hun,1993,10321.60178292705
idn,1993,191872.17192492512
imn,1993,71.94434080110317
ind,1993,898528
irl,1993,3572.571157837231
irn,1993,58645.61174220137
irq,1993,18612.901816610643
isl,1993,264.5546953219263
isr,1993,4840.427642942659
ita,1993,57611.084766220665
jam,1993,2464.050879805287
jor,1993,4125.707201634259
jpn,1993,124337
kaz,1993,16065.133871392229
ken,1993,26590.85181021681
kgz,1993,4451.69421579849
khm,1993,9514.347028668473
kir,1993,76.12105804152178
kna,1993,40.79510104149975
kor,1993,43922.8
kwt,1993,1740.607338370508
lao,1993,4644.659323955046
lbn,1993,3187.525907815609
lbr,1993,2011.0834017596026
lby,1993,4837.847871354893
lca,1993,142.2240098519615
lie,1993,30.191684150656148
lka,1993,18020.71546261034
lso,1993,1853.933539546897
ltu,1993,3644.3319225456876
lux,1993,399.6784716537737
lva,1993,2564.1429619470136
mac,1993,372.1794543546056
mar,1993,26610.169086417798
mco,1993,30.363920280423034
mda,1993,4339.8042761101215
mdg,1993,12895.947848239804
mdv,1993,243.90286446937753
mex,1993,87893.12701221278
mhl,1993,50.0975810035801
mkd,1993,1976.8526373108532
mli,1993,9245.246151522422
mlt,1993,373.4552690895591
mmr,1993,43119.450732249265
mne,1993,616.6148790025812
mng,1993,2159.5941837399596
mnp,1993,46.00279166707107
moz,1993,14620.92658932066
mrt,1993,2236.775155669803
msr,1993,10.513403820127355
mtq,1993,367.01101904132236
mus,1993,1117.7018536994683
mwi,1993,9879.240845314196
mys,1993,19589.13639905874
myt,1993,113.5850143206666
nam,1993,1582.1517637029006
ncl,1993,184.46156333480926
ner,1993,9014.410449201618
nga,1993,104487.21818876457
nic,1993,4425.623338091393
niu,1993,2.2498005807965513
nld,1993,15378.375805248475
nor,1993,4347.993322480156
npl,1993,20599.590261560705
nru,1993,10.342032385138337
nzl,1993,3586.4638539483003
omn,1993,2034.6977238986885
pak,1993,117713.06388047939
pan,1993,2607.851751469719
per,1993,23214.709355479816
phl,1993,66950.16154571727
plw,1993,16.377146646632013
png,1993,4975.526948352414
pol,1993,38162.83074637357
pri,1993,3464.249066640983
prk,1993,20292.44234401392
prt,1993,10068.904001595176
pry,1993,4517.878679753834
pse,1993,2326.0857894003802
pyf,1993,211.76887194228735
qat,1993,492.4261426467931
reu,1993,658.8527023986444
rom,1993,23172.84574835762
rus,1993,147309.72082510332
rwa,1993,6372.714174163858
sau,1993,17442.62933208668
sdn,1993,22919.70251160932
sen,1993,8369.86333592511
sgp,1993,3323.492082533005
shn,1993,6.506240127734501
slb,1993,341.3202452497333
sle,1993,4404.258599630517
slv,1993,5445.109128018241
smr,1993,25.39123155142255
som,1993,7443.123445205375
spm,1993,6.443218845995511
srb,1993,9759.830837435236
stp,1993,129.27222566226757
sur,1993,424.4931833911057
svk,1993,5327.875462526495
svn,1993,1993.3208627539789
swe,1993,8810.004948408327
swz,1993,903.1475213183243
syc,1993,75.35335028313617
syr,1993,13320.1910342926
tca,1993,14.40597150185548
tcd,1993,6678.100502223504
tgo,1993,4099.1378116292535
tha,1993,58649.862704661115
tjk,1993,5553.210154643858
tkl,1993,1.5444740123089027
tkm,1993,3982.031085846923
tls,1993,811.1764606078273
ton,1993,96.06820148018512
tto,1993,1233.33998728153
tun,1993,8948.936003006096
tur,1993,57063.34466392594
tuv,1993,9.243185160781751
twn,1993,21157.282875038476
tza,1993,28372.296983405467
uga,1993,19509.551620727958
ukr,1993,50948.06708147239
ury,1993,3151.4872580313745
usa,1993,256626.55093335902
uzb,1993,21705.221603033293
vct,1993,107.14032212997063
ven,1993,20843.23811533237
vgb,1993,18.630771074890337
vir,1993,104.84940968543764
vnm,1993,68990.93783692888
vut,1993,160.5985828066043
wlf,1993,14.047167222048595
wsm,1993,168.01303685933058
yem,1993,13387.949352282383
zaf,1993,40323.1735203436
zmb,1993,8807.064359401395
zwe,1993,11285.723108173404
abw,1994,76.00901814657186
afg,1994,17153.18987510265
ago,1994,13763.829483265474
aia,1994,9.57693808824603
alb,1994,3136.5602304355734
and,1994,63.151531177071746
ant,1994,189.60137414462665
are,1994,2255.020603765413
arg,1994,34092.74211653924
arm,1994,3255.1046315025756
asm,1994,52.33132542722617
atg,1994,66.5985665648268
aus,1994,17918.187439145804
aut,1994,8007.3777770825845
aze,1994,7616.87269077936
bdi,1994,6012.581242481074
bel,1994,10232.81004770993
ben,1994,5824.276010937204
bfa,1994,10005.655714630171
bgd,1994,113249.1098374981
bgr,1994,8448.003076244377
bhr,1994,540.1538924283445
bhs,1994,273.36093376348447
bih,1994,3924.0648553386027
blr,1994,10020.365905152928
blz,1994,199.8630870899689
bmu,1994,63.5787413054933
bol,1994,7399.5254841420565
bra,1994,157996.40421905136
brb,1994,262.50660813428755
brn,1994,290.767088400275
btn,1994,534.3099145938249
bwa,1994,1461.679009903118
caf,1994,3195.3954622727683
can,1994,28923.574038805218
che,1994,6990.946139604038
chi,1994,143.94462400162737
chl,1994,14038.717003005304
chn,1994,1174583.5026796074
civ,1994,13999.977761047918
cmr,1994,13485.81306150165
cod,1994,41028.248240591885
cog,1994,2683.044026308139
cok,1994,19.205253522725645
col,1994,35436.83029613927
com,1994,471.18046583926025
cpv,1994,383.65660762953473
cri,1994,3427.673745397389
cub,1994,10740.819489425417
cym,1994,30.239102734348027
cyp,1994,843.4478080258871
cze,1994,10328.176411512475
deu,1994,81444.92782184495
dji,1994,634.3527837260278
dma,1994,70.4029814365959
dnk,1994,5250.789309876573
dom,1994,7614.485329803666
dza,1994,28757.17194756306
ecu,1994,11107.029353269825
egy,1994,62272.5106149433
eri,1994,2261.157013720757
esh,1994,252.019175606872
esp,1994,39960.33766674085
est,1994,1444.4187467334482
eth,1994,56243.78531295152
fin,1994,5135.687414969747
fji,1994,769.0821331992169
flk,1994,2.367477762088138
fra,1994,58023.126485706314
fro,1994,46.20317841721527
fsm,1994,106.51099788940955
gab,1994,1077.617756044292
gbr,1994,58200.7078618948
geo,1994,5052.791577270612
gha,1994,16880.65222885405
gib,1994,28.818547389418864
gin,1994,7217.498459888421
glp,1994,397.45779552886205
gmb,1994,1115.2865487292438
gnb,1994,1086.8838489170603
gnq,1994,488.3254386929436
grc,1994,10725.542522007096
grd,1994,98.45694877311874
grl,1994,56.23757857983406
gtm,1994,10080.655896549133
guf,1994,131.97623208197982
gum,1994,143.4498115684567
guy,1994,752.0591895092672
hkg,1994,6026.833854798318
hnd,1994,5498.9700304380885
hrv,1994,4643.06099883824
hti,1994,7533.83153632394
hun,1994,10324.809102922125
idn,1994,194797.15538811334
imn,1994,72.20354955853244
ind,1994,914865.6666666666
irl,1994,3594.9248672567032
irn,1994,59551.0705329738
irq,1994,19204.10667084107
isl,1994,267.14537506942656
isr,1994,5017.981432545455
ita,1994,57646.71103701144
jam,1994,2486.439307920849
jor,1994,4334.691176503606
jpn,1994,124623.33333333333
kaz,1994,15882.855672990732
ken,1994,27469.580511137345
kgz,1994,4479.500995248987
khm,1994,9852.875272170602
kir,1994,77.01780824465745
kna,1994,41.24207703006364
kor,1994,44274.066666666666
kwt,1994,1630.8385353688138
lao,1994,4757.328839003781
lbn,1994,3344.966148649527
lbr,1994,2024.752901672438
lby,1994,4948.380006124853
lca,1994,143.7759632302358
lie,1994,30.656356998477666
lka,1994,18176.5613652454
lso,1994,1897.1731438029476
ltu,1994,3617.401606288093
lux,1994,405.47984342234804
lva,1994,2521.5027235160055
mac,1994,379.5118549525902
mar,1994,27096.495668470565
mco,1994,30.66542513799605
mda,1994,4320.870916942538
mdg,1994,13318.204923993031
mdv,1994,249.71570256844802
mex,1994,89344.19092085515
mhl,1994,50.44279693498728
mkd,1994,1975.4308867465493
mli,1994,9514.670007276141
mlt,1994,376.57968277726377
mmr,1994,43580.233972869486
mne,1994,618.1244173672884
mng,1994,2177.6986911583795
mnp,1994,45.5697907031517
moz,1994,15235.9477543283
mrt,1994,2298.9572909487274
msr,1994,10.268649883113138
mtq,1994,369.0228998452786
mus,1994,1135.595304695574
mwi,1994,9933.392217490855
mys,1994,20068.126571118355
myt,1994,119.72432086911351
nam,1994,1622.4805289754474
ncl,1994,189.21950502158475
ner,1994,9344.893903697739
nga,1994,107321.65912632321
nic,1994,4517.9344170056065
niu,1994,2.219824082277614
nld,1994,15485.48049275104
nor,1994,4374.485617233473
npl,1994,21136.354631097514
nru,1994,10.545623463576549
nzl,1994,3647.6380866261916
omn,1994,2111.5589190659307
pak,1994,120908.7794901962
pan,1994,2659.9350945437272
per,1994,23636.533291959448
phl,1994,68490.1568334163
plw,1994,16.79283553444553
png,1994,5088.641026874134
pol,1994,38267.96388638327
pri,1994,3505.071336084911
prk,1994,20605.470674906046
prt,1994,10121.095606698751
pry,1994,4624.0576730066505
pse,1994,2437.1286643611206
pyf,1994,215.1686901340928
qat,1994,498.3417787136068
reu,1994,673.2854588400013
rom,1994,23042.64918688403
rus,1994,147059.05089642707
rwa,1994,6050.593525793914
sau,1994,17901.967253389037
sdn,1994,23787.963362859944
sen,1994,8624.028367705203
sgp,1994,3431.198104535036
shn,1994,6.435607787774622
slb,1994,350.86548952004955
sle,1994,4392.78136736718
slv,1994,5511.812284234196
smr,1994,25.775682795472807
som,1994,7514.594410030346
spm,1994,6.425961194778313
srb,1994,9830.414834803054
stp,1994,131.91976704914575
sur,1994,431.18518697084943
svk,1994,5345.922371217848
svn,1994,1989.0197413065564
swe,1994,8864.84593637495
swz,1994,925.1007824421924
syc,1994,76.89297616561888
syr,1994,13711.129916005772
tca,1994,15.268200033692736
tcd,1994,6911.656239485661
tgo,1994,4199.979160600051
tha,1994,59142.352656770905
tjk,1994,5629.767818958679
tkl,1994,1.5392793749671076
tkm,1994,4079.3075483310317
tls,1994,831.5803718551397
ton,1994,96.17331346726569
tto,1994,1238.263211923135
tun,1994,9140.638272047614
tur,1994,58000.02590406877
tuv,1994,9.293971069252262
twn,1994,21303.629033224708
tza,1994,29347.185901010977
uga,1994,20174.76506291357
ukr,1994,50702.87358107334
ury,1994,3172.3121831671015
usa,1994,259888.99533058176
uzb,1994,22141.91468878455
vct,1994,107.0795624223146
ven,1994,21281.08715293933
vgb,1994,18.902164434520365
vir,1994,105.68523793036901
vnm,1994,70331.7860154908
vut,1994,164.87356005461567
wlf,1994,14.143450581368798
wsm,1994,169.45926886688724
yem,1994,14052.311142055158
zaf,1994,41345.32372571259
zmb,1994,9040.571399989878
zwe,1994,11478.64545301301
abw,1995,79.54859792193514
afg,1995,18179.10417700045
ago,1995,14235.160089604187
aia,1995,9.77075926370465
alb,1995,3105.2415768872524
and,1995,64.38293329610428
ant,1995,188.28865135339373
are,1995,2376.9683483918725
arg,1995,34491.9587132962
arm,1995,3186.8905978706916
asm,1995,53.361915978725726
atg,1995,68.00709899033025
aus,1995,18130.460624336574
aut,1995,8056.811705102618
aze,1995,7701.817036906833
bdi,1995,6111.527902014794
bel,1995,10271.326473747433
ben,1995,6028.348634537397
bfa,1995,10299.670626204826
bgd,1995,115605.20170680994
bgr,1995,8358.596382047033
bhr,1995,554.7991698377507
bhs,1995,277.47926348487977
bih,1995,3819.5855166891106
blr,1995,9982.207142101652
blz,1995,204.9650972525953
bmu,1995,63.97152786486215
bol,1995,7548.7562968364045
bra,1995,160455.84834243497
brb,1995,263.3876221344587
brn,1995,298.23690871321304
btn,1995,536.6405357413583
bwa,1995,1499.7216311816505
caf,1995,3289.6627037078883
can,1995,29231.593218693488
che,1995,7053.910131785386
chi,1995,144.68161004006623
chl,1995,14242.041322683479
chn,1995,1186226.043804946
civ,1995,14495.008915915485
cmr,1995,13882.764184099959
cod,1995,42440.70305686733
cog,1995,2763.8331512296522
cok,1995,19.24281568246513
col,1995,36069.8462128466
com,1995,485.2785749910968
cpv,1995,394.3157655794158
cri,1995,3511.3074371862763
cub,1995,10783.143026003516
cym,1995,31.855487783937132
cyp,1995,862.5225784122409
cze,1995,10332.590058074595
deu,1995,81815.89459878393
dji,1995,643.4952698845327
dma,1995,70.41166046329546
dnk,1995,5276.379523731529
dom,1995,7743.764449670057
dza,1995,29355.727932410464
ecu,1995,11344.62199479288
egy,1995,63630.10722257028
eri,1995,2250.0530320618795
esh,1995,260.94924050213933
esp,1995,40119.510469869274
est,1995,1419.4581102582156
eth,1995,58234.07005654929
fin,1995,5161.7315185187845
fji,1995,778.3556309663737
flk,1995,2.4659629603308915
fra,1995,58284.343884489026
fro,1995,46.00581568731024
fsm,1995,107.93539367725208
gab,1995,1107.5046147454334
gbr,1995,58415.99463083316
geo,1995,4929.151651161145
gha,1995,17367.819820564197
gib,1995,28.93148194411628
gin,1995,7420.777840527337
glp,1995,399.8405436458126
gmb,1995,1152.0407657029266
gnb,1995,1111.4938713853257
gnq,1995,507.0969914243284
grc,1995,10835.191901050723
grd,1995,99.3198768536805
grl,1995,56.27683461533088
gtm,1995,10308.011384341977
guf,1995,136.07361877488535
gum,1995,146.11113131391988
guy,1995,753.9419309370542
hkg,1995,6107.2216468744855
hnd,1995,5653.902435345584
hrv,1995,4605.354473705676
hti,1995,7669.741985611032
hun,1995,10323.72103447112
idn,1995,197678.55073178696
imn,1995,72.73305186501642
ind,1995,931203.3333333334
irl,1995,3622.1687020391496
irn,1995,60472.805389810215
irq,1995,19831.28523866589
isl,1995,269.86280430858415
isr,1995,5188.159659373945
ita,1995,57651.622498171535
jam,1995,2509.2519992702587
jor,1995,4516.409146963303
jpn,1995,124909.66666666667
kaz,1995,15689.417812733007
ken,1995,28345.665096343186
kgz,1995,4522.870516765664
khm,1995,10186.46082924202
kir,1995,78.01674527594477
kna,1995,41.667841603599165
kor,1995,44625.333333333336
kwt,1995,1580.552214472693
lao,1995,4864.799733607768
lbn,1995,3472.6853165301977
lbr,1995,2087.174378346952
lby,1995,5051.695312433034
lca,1995,145.45220079670605
lie,1995,31.137744403816765
lka,1995,18311.85901979435
lso,1995,1938.0743802423808
ltu,1995,3592.2802522217135
lux,1995,411.5556748922737
lva,1995,2484.7331799191984
mac,1995,386.9700027220423
mar,1995,27555.524834039585
mco,1995,30.972375554003754
mda,1995,4299.506229492653
mdg,1995,13755.585702459486
mdv,1995,255.09948956786698
mex,1995,90778.41993263221
mhl,1995,50.647696516968516
mkd,1995,1978.3498818622663
mli,1995,9784.961585966865
mlt,1995,380.0418171897967
mmr,1995,44067.519117544696
mne,1995,618.8844771139642
mng,1995,2196.7330673471706
mnp,1995,46.04336046997139
moz,1995,15805.220440854531
mrt,1995,2361.7358853007217
msr,1995,9.752933025437196
mtq,1995,371.8096751783732
mus,1995,1152.1408033566393
mwi,1995,10049.103865048733
mys,1995,20565.037590322852
myt,1995,125.74222675502487
nam,1995,1661.7121955217815
ncl,1995,194.02352900200958
ner,1995,9687.61372018811
nga,1995,110192.83832244737
nic,1995,4607.275459681514
niu,1995,2.1815309186017178
nld,1995,15596.955664323885
nor,1995,4403.44475786094
npl,1995,21657.615316736345
nru,1995,10.668167322320816
nzl,1995,3702.9960775438904
omn,1995,2169.482984107504
pak,1995,124244.63954459588
pan,1995,2713.2208078730173
per,1995,24064.58976994136
phl,1995,70047.82905716602
plw,1995,17.228869394083038
png,1995,5206.66390580706
pol,1995,38363.577570517344
pri,1995,3540.6910549927056
prk,1995,20898.701987594097
prt,1995,10175.553709386211
pry,1995,4730.7300824561835
pse,1995,2555.3071629951623
pyf,1995,218.89517464676547
qat,1995,505.3374336919202
reu,1995,687.5455236668496
rom,1995,22907.990695532393
rus,1995,146824.25331098706
rwa,1995,5957.849650064287
sau,1995,18344.577945922476
sdn,1995,24595.734251864782
sen,1995,8870.853234073064
sgp,1995,3539.2950005002085
shn,1995,6.376890027996528
slb,1995,360.63886184895983
sle,1995,4393.446530210637
slv,1995,5574.264706232312
smr,1995,26.14441181677983
som,1995,7647.405999466917
spm,1995,6.406781306512487
srb,1995,9859.715784862074
stp,1995,134.41589964887575
sur,1995,437.58562248400193
svk,1995,5362.183141352766
svn,1995,1986.209406884398
swe,1995,8910.17446258985
swz,1995,946.1122347428094
syc,1995,78.24271550438705
syr,1995,14119.0516403566
tca,1995,16.05945998583363
tcd,1995,7155.902632513162
tgo,1995,4314.165668850885
tha,1995,59692.02382708868
tjk,1995,5710.236750115606
tkl,1995,1.5285830963135363
tkm,1995,4168.006979734492
tls,1995,847.5250647275523
ton,1995,96.3387304221926
tto,1995,1242.0926686132548
tun,1995,9315.136786889621
tur,1995,58974.62169731462
tuv,1995,9.333140737950599
twn,1995,21436.74570803585
tza,1995,30265.611224623473
uga,1995,20837.590111858073
ukr,1995,50421.89834998611
ury,1995,3193.1556304010633
usa,1995,263156.6422783406
uzb,1995,22575.272079745955
vct,1995,106.99209173467786
ven,1995,21719.37382486163
vgb,1995,19.12656331440583
vir,1995,106.35529888990165
vnm,1995,71608.72697753744
vut,1995,168.79353411618595
wlf,1995,14.257035088820187
wsm,1995,170.69669983345358
yem,1995,14677.911682213804
zaf,1995,42297.30622581677
zmb,1995,9285.747153338149
zwe,1995,11647.969956606432
abw,1996,82.35097979876201
afg,1996,18912.05714273704
ago,1996,14717.723152214203
aia,1996,10.013760368077827
alb,1996,3093.681534057169
and,1996,64.98259360368975
ant,1996,186.30424486324492
are,1996,2503.6021286499727
arg,1996,34886.69991891359
arm,1996,3137.986837064088
asm,1996,54.37955582130291
atg,1996,69.45691472858805
aus,1996,18350.851596435696
aut,1996,8095.424687679626
aze,1996,7780.587879399608
bdi,1996,6193.51269680965
bel,1996,10307.025881288158
ben,1996,6228.412399401014
bfa,1996,10601.081045919589
bgd,1996,118015.73563606078
bgr,1996,8278.540830011301
bhr,1996,570.570121127256
bhs,1996,281.08012669823114
bih,1996,3758.3283663611055
blr,1996,9948.995507019148
blz,1996,211.48365081397458
bmu,1996,64.3909248676462
bol,1996,7699.8829274780765
bra,1996,162934.86593831144
brb,1996,264.3238798591298
brn,1996,305.5691474681695
btn,1996,543.1485527435719
bwa,1996,1537.8537390272859
caf,1996,3381.0573914412917
can,1996,29539.606297107817
che,1996,7106.116193417609
chi,1996,145.7312406430789
chl,1996,14438.512165709939
chn,1996,1197979.4703934756
civ,1996,14987.951586171608
cmr,1996,14278.353597855437
cod,1996,43698.46153000753
cog,1996,2847.1342531348505
cok,1996,19.114296535594608
col,1996,36698.03842365484
com,1996,499.38318431857243
cpv,1996,404.2398988248252
cri,1996,3595.2953086994085
cub,1996,10827.662221823783
cym,1996,33.71738133226957
cyp,1996,881.8721543367855
cze,1996,10333.54626943096
deu,1996,82110.35749028921
dji,1996,657.8228057790226
dma,1996,70.2121286418868
dnk,1996,5305.693471477394
dom,1996,7871.608475448822
dza,1996,29910.64865931885
ecu,1996,11583.748144896597
egy,1996,65001.69662721965
eri,1996,2244.8149336019274
esh,1996,269.9218300339718
esp,1996,40295.02274461337
est,1996,1404.206621454719
eth,1996,60179.7377453931
fin,1996,5186.672136539598
fji,1996,786.8248560706961
flk,1996,2.569508936990218
fra,1996,58573.244082157835
fro,1996,46.05626176557345
fsm,1996,108.65779760785361
gab,1996,1137.454565350005
gbr,1996,58675.7249440003
geo,1996,4800.382831900701
gha,1996,17846.899288476357
gib,1996,29.251254184159347
gin,1996,7628.082816176027
glp,1996,403.621749943252
gmb,1996,1189.7162261123337
gnb,1996,1135.2858535982514
gnq,1996,527.2085123832464
grc,1996,10936.926918285666
grd,1996,99.97032825306204
grl,1996,56.37714541717253
gtm,1996,10538.029272812557
guf,1996,140.34606344478198
gum,1996,148.52035629119752
guy,1996,753.0314143749898
hkg,1996,6204.817560917783
hnd,1996,5814.859101930111
hrv,1996,4567.478789808543
hti,1996,7806.817456378544
hun,1996,10315.7191879219
idn,1996,200522.77188712626
imn,1996,73.58299342215196
ind,1996,947541
irl,1996,3654.6559989784514
irn,1996,61423.37730229999
irq,1996,20492.305542414113
isl,1996,272.76332601051564
isr,1996,5348.360555060082
ita,1996,57617.251788037844
jam,1996,2532.527210328907
jor,1996,4666.638579176276
jpn,1996,125196
kaz,1996,15482.752359745962
ken,1996,29218.792818038703
kgz,1996,4585.223865215893
khm,1996,10512.087488524798
kir,1996,79.14832954507875
kna,1996,42.041560900870394
kor,1996,44976.6
kwt,1996,1604.096310387554
lao,1996,4966.589527672537
lbn,1996,3560.149665610117
lbr,1996,2208.0367709729935
lby,1996,5147.032625607773
lca,1996,147.31521306933828
lie,1996,31.651248357496364
lka,1996,18424.396581541518
lso,1996,1976.8706988741021
ltu,1996,3569.365549938192
lux,1996,418.00386527865055
lva,1996,2455.1766392853424
mac,1996,394.5960969562153
mar,1996,27986.267530123492
mco,1996,31.294833572814845
mda,1996,4275.033515601743
mdg,1996,14208.728956909064
mdv,1996,259.9888660314835
mex,1996,92196.51849469225
mhl,1996,50.690119981514826
mkd,1996,1986.221019188465
mli,1996,10054.126218854142
mlt,1996,383.93141960198625
mmr,1996,44590.41924253484
mne,1996,618.7033602562254
mng,1996,2217.258446833106
mnp,1996,47.66875490553828
moz,1996,16311.780456446093
mrt,1996,2425.135855064753
msr,1996,8.923005803916341
mtq,1996,375.50973201267027
mus,1996,1167.0857905237026
mwi,1996,10243.42143715587
mys,1996,21082.96211772595
myt,1996,131.59235991152917
nam,1996,1699.994069843579
ncl,1996,198.8563787057071
ner,1996,10042.911669348021
nga,1996,113104.9548068693
nic,1996,4693.192236685749
niu,1996,2.142867404286021
nld,1996,15713.807874698452
nor,1996,4435.707194889252
npl,1996,22159.036536795677
nru,1996,10.705181969064299
nzl,1996,3750.370057653124
omn,1996,2205.361890451075
pak,1996,127745.25141315033
pan,1996,2767.7560535151447
per,1996,24501.221876996515
phl,1996,71623.75524310856
plw,1996,17.64770112272753
png,1996,5330.771352017991
pol,1996,38447.29808852396
pri,1996,3570.5586811800044
prk,1996,21165.451302970683
prt,1996,10232.052567303666
pry,1996,4837.755818458928
pse,1996,2681.594575286979
pyf,1996,223.0132557839499
qat,1996,515.220482908528
reu,1996,701.5741636399139
rom,1996,22768.768271304798
rus,1996,146608.29200269718
rwa,1996,6145.473994086078
sau,1996,18767.550274540787
sdn,1996,25327.919532777472
sen,1996,9109.060505393307
sgp,1996,3649.4990510198772
shn,1996,6.342613162762313
slb,1996,370.67194122512615
sle,1996,4407.60105352844
slv,1996,5631.874630940003
smr,1996,26.505951635861763
som,1996,7851.8055670270305
spm,1996,6.393702892185101
srb,1996,9840.10271693522
stp,1996,136.75148192983792
sur,1996,443.6391791892129
svk,1996,5376.067125056517
svn,1996,1985.3444411438325
swe,1996,8944.8913674715
swz,1996,966.3215414594052
syc,1996,79.30208278301305
syr,1996,14547.722845421602
tca,1996,16.753277452810643
tcd,1996,7410.5912790622715
tgo,1996,4444.535584158325
tha,1996,60317.14607980534
tjk,1996,5795.515833330168
tkl,1996,1.5425820438574978
tkm,1996,4246.432087262653
tls,1996,858.0215385516093
ton,1996,96.57233730394745
tto,1996,1244.7162535451125
tun,1996,9471.34267930933
tur,1996,59998.119714161774
tuv,1996,9.351987584106677
twn,1996,21555.80474900703
tza,1996,31114.70372891709
uga,1996,21495.818131586144
ukr,1996,50097.788242186754
ury,1996,3214.242874157255
usa,1996,266430.04131882
uzb,1996,23003.660227897893
vct,1996,106.87415137922027
ven,1996,22157.214073703806
vgb,1996,19.30299048119539
vir,1996,106.82961058485797
vnm,1996,72807.73236819582
vut,1996,172.2559274823519
wlf,1996,14.37859992744085
wsm,1996,171.69719562733232
yem,1996,15252.849726665667
zaf,1996,43170.865674667686
zmb,1996,9545.329272073084
zwe,1996,11795.27471132713
abw,1997,84.54135111359369
afg,1997,19406.162552639358
ago,1997,15212.16168993096
aia,1997,10.277416945009552
alb,1997,3097.888089232889
and,1997,65.0618498192339
ant,1997,183.7845135289627
are,1997,2639.535587225133
arg,1997,35277.84607432373
arm,1997,3104.998976033008
asm,1997,55.36088892118066
atg,1997,70.94069162735512
aus,1997,18577.857982932215
aut,1997,8124.640849542624
aze,1997,7854.609627871273
bdi,1997,6262.3402537040165
bel,1997,10340.582096188778
ben,1997,6425.502360932722
bfa,1997,10909.810481569626
bgd,1997,120464.96145144817
bgr,1997,8206.876157058981
bhr,1997,587.843035291898
bhs,1997,284.2989967735902
bih,1997,3733.8234650837617
blr,1997,9919.653773228572
blz,1997,219.22122128178827
bmu,1997,64.81202817505104
bol,1997,7852.961623941243
bra,1997,165429.05478001348
brb,1997,265.3320772267306
brn,1997,312.74826942782045
btn,1997,553.1066200506268
bwa,1997,1575.70412345246
caf,1997,3470.130252202197
can,1997,29847.60846692354
che,1997,7149.256236759888
chi,1997,147.03369182103143
chl,1997,14628.816709726525
chn,1997,1209820.5924048114
civ,1997,15477.188489974887
cmr,1997,14672.968458674402
cod,1997,44830.91889919547
cog,1997,2932.947023771212
cok,1997,18.85145157094214
col,1997,37322.21999905192
com,1997,513.4488286539965
cpv,1997,413.51742099924894
cri,1997,3679.359787276312
cub,1997,10872.743345967821
cym,1997,35.77110965188346
cyp,1997,901.3706521430047
cze,1997,10332.122457071358
deu,1997,82329.12842134913
dji,1997,675.9982174641174
dma,1997,69.84745464966589
dnk,1997,5338.00177952211
dom,1997,7998.346312298213
dza,1997,30424.158692607507
ecu,1997,11824.225577807883
egy,1997,66378.44583098193
eri,1997,2245.4534313687764
esh,1997,279.0886366053324
esp,1997,40492.64260162957
est,1997,1397.0344351984184
eth,1997,62087.54805856867
fin,1997,5210.597798107155
fji,1997,794.7442031078949
flk,1997,2.664332290422673
fra,1997,58885.75205177963
fro,1997,46.31915796355552
fsm,1997,108.7548075943876
gab,1997,1167.4771526383847
gbr,1997,58973.395957670415
geo,1997,4667.382545634001
gha,1997,18319.140179722
gib,1997,29.743947012670116
gin,1997,7837.553384099848
glp,1997,408.34330358417475
gmb,1997,1228.0206881295019
gnb,1997,1158.4469720052227
gnq,1997,548.7461149145895
grc,1997,11030.846379031642
grd,1997,100.48579195743024
grl,1997,56.51936558130503
gtm,1997,10771.732206648261
guf,1997,144.77029906905642
gum,1997,150.68375595371717
guy,1997,749.9012054109444
hkg,1997,6315.880311714989
hnd,1997,5981.34090749204
hrv,1997,4529.675623574801
hti,1997,7945.236760986599
hun,1997,10302.281411575974
idn,1997,203340.2572804521
imn,1997,74.69363733969287
ind,1997,963878.6666666666
irl,1997,3692.8048817387044
irn,1997,62384.11056612665
irq,1997,21184.144473098997
isl,1997,275.82433507475025
isr,1997,5500.233492007008
ita,1997,57553.68787364172
jam,1997,2556.4095189527634
jor,1997,4790.775834806414
jpn,1997,125482.33333333333
kaz,1997,15267.878933461976
ken,1997,30089.342344074823
kgz,1997,4663.456067342755
khm,1997,10831.47554775712
kir,1997,80.39013418668102
kna,1997,42.397807639722686
kor,1997,45327.86666666667
kwt,1997,1689.88013427806
lao,1997,5063.108740007832
lbn,1997,3614.8378022740903
lbr,1997,2379.477146490974
lby,1997,5235.2206266183375
lca,1997,149.3064905104184
lie,1997,32.19361511878706
lka,1997,18517.69151544224
lso,1997,2013.1165398743028
ltu,1997,3547.813957500194
lux,1997,424.77164046174914
lva,1997,2431.311629798774
mac,1997,402.3687273010938
mar,1997,28390.211772305734
mco,1997,31.637332105424413
mda,1997,4248.041204955926
mdg,1997,14676.451440669862
mdv,1997,264.5103792894397
mex,1997,93603.84242771781
mhl,1997,50.577802757529994
mkd,1997,1998.3956224413778
mli,1997,10325.551248029966
mlt,1997,388.14394401463153
mmr,1997,45141.298501315076
mne,1997,617.8472589540929
mng,1997,2239.166419473645
mnp,1997,50.1828046547259
moz,1997,16772.71458597762
mrt,1997,2489.2969497257827
msr,1997,7.84558301635789
mtq,1997,379.92511534811365
mus,1997,1180.572346619551
mwi,1997,10499.994943636915
mys,1997,21617.41707146578
myt,1997,137.28984185097966
nam,1997,1736.9206706942743
ncl,1997,203.70172465598114
ner,1997,10411.304208272362
nga,1997,116056.09323815154
nic,1997,4776.269249726777
niu,1997,2.0884312572160684
nld,1997,15834.31783386091
nor,1997,4470.757573113413
npl,1997,22641.9880133438
nru,1997,10.673971575013317
nzl,1997,3791.267580643348
omn,1997,2222.958498992944
pak,1997,131389.43300350045
pan,1997,2823.532328242496
per,1997,24942.576611422443
phl,1997,73215.88991397529
plw,1997,18.059634070845302
png,1997,5460.438735165034
pol,1997,38521.66361543618
pri,1997,3595.1734489022892
prk,1997,21411.847340655175
prt,1997,10290.793755069162
pry,1997,4944.893880713539
pse,1997,2814.4238578272034
pyf,1997,227.44070962120517
qat,1997,528.9432245008146
reu,1997,715.3144864736562
rom,1997,22623.991790430588
rus,1997,146405.53068372357
rwa,1997,6566.930865090199
sau,1997,19175.926720276602
sdn,1997,25995.95164320144
sen,1997,9339.994183187902
sgp,1997,3761.6451305973956
shn,1997,6.320512701892498
slb,1997,380.9616346889721
sle,1997,4434.588936240046
slv,1997,5685.113260727499
smr,1997,26.865435274433608
som,1997,8117.881778173168
spm,1997,6.3915330764642855
srb,1997,9778.812367945788
stp,1997,138.94285180829613
sur,1997,449.3263339586526
svk,1997,5387.96221704985
svn,1997,1986.2599241443675
swe,1997,8970.167767109644
swz,1997,985.4905761989774
syc,1997,80.14950198361977
syr,1997,14994.518387768843
tca,1997,17.37999455843115
tcd,1997,7675.3395072117555
tgo,1997,4588.689152867349
tha,1997,61000.72195968038
tjk,1997,5885.163633803347
tkl,1997,1.5630397459667427
tkm,1997,4316.06977028261
tls,1997,864.0493270846649
ton,1997,96.86376064677485
tto,1997,1246.436579065883
tun,1997,9610.291998275183
tur,1997,61062.24372996543
tuv,1997,9.346617544270607
twn,1997,21663.045367539187
tza,1997,31907.24209043798
uga,1997,22151.354284437188
ukr,1997,49737.31693861423
ury,1997,3235.352224351195
usa,1997,269708.69321776443
uzb,1997,23428.537822551352
vct,1997,106.74642869482147
ven,1997,22594.62908105249
vgb,1997,19.455660783944246
vir,1997,107.15602155343083
vnm,1997,73944.25162063593
vut,1997,175.36411964618247
wlf,1997,14.504847183644836
wsm,1997,172.5038922672482
yem,1997,15785.335052192015
zaf,1997,43971.96848561391
zmb,1997,9817.415373409573
zwe,1997,11920.12689419439
abw,1998,86.3235621350919
afg,1998,19778.18482899489
ago,1998,15718.996099344746
aia,1998,10.56728505621552
alb,1998,3112.2533782638247
and,1998,64.9909568562709
ant,1998,181.17097887655459
are,1998,2785.5426653405407
arg,1998,35669.491891252444
arm,1998,3084.0028332432653
asm,1998,56.28602934676098
atg,1998,72.42408095809859
aus,1998,18808.092176356782
aut,1998,8147.477996150996
aze,1998,7926.462090697626
bdi,1998,6330.296272035654
bel,1998,10372.795635211647
ben,1998,6621.6609595995915
bfa,1998,11225.378170356713
bgd,1998,122934.05005132983
bgr,1998,8141.780789131188
bhr,1998,607.6635242535726
bhs,1998,287.4224387383996
bih,1998,3736.2234210458023
blr,1998,9890.821480386581
blz,1998,227.7287514492031
bmu,1998,65.24527898796191
bol,1998,8008.309764044238
bra,1998,167930.46940198579
brb,1998,266.3936997286468
brn,1998,319.7975565655354
btn,1998,565.532755062878
bwa,1998,1612.696274418446
caf,1998,3556.814085945584
can,1998,30155.624765671982
che,1998,7185.633720566809
chi,1998,148.43698664728223
chl,1998,14814.112140292595
chn,1998,1221731.7318750874
civ,1998,15954.186430823976
cmr,1998,15068.28541702724
cod,1998,45899.39910084517
cog,1998,3020.7117801850854
cok,1998,18.530812012620085
col,1998,37945.20677534019
com,1998,527.4443525362926
cpv,1998,422.1663021666448
cri,1998,3762.33229601577
cub,1998,10918.10230360968
cym,1998,37.910283500532074
cyp,1998,920.729202039336
cze,1998,10328.461845473726
deu,1998,82480.08495101696
dji,1998,696.3849674707321
dma,1998,69.41827982688939
dnk,1998,5370.53261374582
dom,1998,8124.689359339968
dza,1998,30899.22598604453
ecu,1998,12065.189800328262
egy,1998,67749.27097302677
eri,1998,2258.059698391217
esh,1998,289.7067816273879
esp,1998,40733.65114144845
est,1998,1395.1820496977768
eth,1998,63970.325123349096
fin,1998,5232.593760988778
fji,1998,801.7955953074757
flk,1998,2.7328162308427073
fra,1998,59217.789752163684
fro,1998,46.706107499714136
fsm,1998,108.42959291367988
gab,1998,1197.4389370528188
gbr,1998,59284.387700656865
geo,1998,4539.067585516192
gha,1998,18786.690068255226
gib,1998,30.34336604681402
gin,1998,8044.713262851249
glp,1998,413.0597828291687
gmb,1998,1267.095547957347
gnb,1998,1181.3818110377147
gnq,1998,571.5600014294151
grc,1998,11115.316962662086
grd,1998,100.90649463872741
grl,1998,56.688504477481914
gtm,1998,11011.875584112744
guf,1998,149.59968170373548
gum,1998,152.58883927358818
guy,1998,745.5435225668311
hkg,1998,6430.132987305379
hnd,1998,6152.452580250221
hrv,1998,4494.176111732708
hti,1998,8085.377555535743
hun,1998,10284.794797959925
idn,1998,206145.88351039554
imn,1998,75.93491440365925
ind,1998,980216.3333333334
irl,1998,3736.629439723366
irn,1998,63342.59624691473
irq,1998,21896.803093246475
isl,1998,278.9397034502191
isr,1998,5643.213812715057
ita,1998,57493.783590560546
jam,1998,2580.372956426821
jor,1998,4895.345074664422
jpn,1998,125768.66666666667
kaz,1998,15069.541328995174
ken,1998,30958.310888106742
kgz,1998,4748.768155206264
khm,1998,11142.2212182982
kir,1998,81.72301382215802
kna,1998,42.748841951955356
kor,1998,45679.13333333333
kwt,1998,1813.1077478697694
lao,1998,5155.137333310877
lbn,1998,3657.1897997410056
lbr,1998,2576.3868487973427
lby,1998,5318.3780326814995
lca,1998,151.34935666296846
lie,1998,32.73865496839775
lka,1998,18602.616370099327
lso,1998,2044.2553300947548
ltu,1998,3526.9118172975586
lux,1998,431.4691486229991
lva,1998,2411.249508984528
mac,1998,410.4548289491525
mar,1998,28768.191560956104
mco,1998,31.97366210215592
mda,1998,4221.050970710607
mdg,1998,15155.297846930505
mdv,1998,269.0047534899631
mex,1998,95006.97542665117
mhl,1998,50.459121144104536
mkd,1998,2013.0734017522132
mli,1998,10602.984930794966
mlt,1998,392.4160094924567
mmr,1998,45704.62458317586
mne,1998,616.6503470640032
mng,1998,2262.601724336659
mnp,1998,53.10552949547438
moz,1998,17207.373990091375
mrt,1998,2554.6242748833092
msr,1998,6.66735946873351
mtq,1998,384.6708366851022
mus,1998,1192.5491379387227
mwi,1998,10799.249268321966
mys,1998,22159.94132270148
myt,1998,142.84497081339808
nam,1998,1772.1571469514888
ncl,1998,208.482065866189
ner,1998,10792.472321956637
nga,1998,119041.49320009818
nic,1998,4857.001746485359
niu,1998,2.033906631647811
nld,1998,15954.049840215015
nor,1998,4506.35107643773
npl,1998,23105.10190689468
nru,1998,10.58663545332164
nzl,1998,3828.980006260147
omn,1998,2229.7142160334806
pak,1998,135119.3706690308
pan,1998,2880.5010619409736
per,1998,25377.766299518094
phl,1998,74824.93050481114
plw,1998,18.44770077573605
png,1998,5593.192568026834
pol,1998,38583.675916977336
pri,1998,3614.774012073592
prk,1998,21646.421645340495
prt,1998,10349.240947580487
pry,1998,5052.039567039949
pse,1998,2946.8571811965285
pyf,1998,232.04421882874504
qat,1998,546.136726029573
reu,1998,728.6517059111538
rom,1998,22477.634968968632
rus,1998,146190.50430115315
rwa,1998,7125.722698038173
sau,1998,19588.71147143523
sdn,1998,26624.251054530738
sen,1998,9566.500005016815
sgp,1998,3868.620133226237
shn,1998,6.30106595761606
slb,1998,391.49307763034454
sle,1998,4484.004121353498
slv,1998,5734.428626352432
smr,1998,27.195243086001547
som,1998,8427.754008314041
spm,1998,6.375234328013261
srb,1998,9690.30664059642
stp,1998,141.0734676182327
sur,1998,454.8076801464469
svk,1998,5397.979442479628
svn,1998,1988.3889385545842
swe,1998,8988.25885763676
swz,1998,1002.8468330445371
syc,1998,80.9139968934475
syr,1998,15446.150307926206
tca,1998,18.0328286358032
tcd,1998,7951.857226221009
tgo,1998,4740.839335893242
tha,1998,61711.2195756048
tjk,1998,5979.528228173649
tkl,1998,1.5937328083807474
tkm,1998,4378.434284461463
tls,1998,868.3045167408234
ton,1998,97.23070622874636
tto,1998,1247.9118980720555
tun,1998,9732.375540766085
tur,1998,62141.410104534836
tuv,1998,9.35111046383318
twn,1998,21765.99823809685
tza,1998,32671.18152344694
uga,1998,22812.35585946223
ukr,1998,49351.5165328646
ury,1998,3255.1006351659735
usa,1998,272992.3593212597
uzb,1998,23845.158832611578
vct,1998,106.62335233480806
ven,1998,23034.15334499427
vgb,1998,19.604469964362398
vir,1998,107.37010450791202
vnm,1998,75029.69020360391
vut,1998,178.35148929771498
wlf,1998,14.636032597091512
wsm,1998,173.19294700583615
yem,1998,16288.501465966738
zaf,1998,44704.36924439398
zmb,1998,10097.338971128127
zwe,1998,12021.938522147932
abw,1999,88.02797702218598
afg,1999,20203.92009357804
ago,1999,16238.488441137113
aia,1999,10.850569472618421
alb,1999,3127.798280049461
and,1999,65.31028676777663
ant,1999,179.04577006075385
are,1999,2942.033719858301
arg,1999,36066.911164171084
arm,1999,3068.294097726464
asm,1999,57.146555349836014
atg,1999,73.85429083933168
aus,1999,19036.40372401199
aut,1999,8168.71988239513
aze,1999,8000.081342297095
bdi,1999,6413.906904580418
bel,1999,10404.962567180864
ben,1999,6820.17847022024
bfa,1999,11546.954208376344
bgd,1999,125394.93663958345
bgr,1999,8080.176357028056
bhr,1999,631.3902962920595
bhs,1999,290.83403156112644
bih,1999,3749.4691937182088
blr,1999,9857.842213606162
blz,1999,236.36458819817076
bmu,1999,65.64510725299283
bol,1999,8166.426786345409
bra,1999,170427.1036839901
brb,1999,267.4822135119063
brn,1999,326.7449182456664
btn,1999,578.8286076476012
bwa,1999,1647.9781456051103
caf,1999,3641.346582769671
can,1999,30463.63734789753
che,1999,7218.959977170631
chi,1999,149.71041423053103
chl,1999,14996.355373203773
chn,1999,1233679.0761600763
civ,1999,16408.0734102101
cmr,1999,15466.545448104553
cod,1999,46995.10060377946
cog,1999,3109.596426974318
cok,1999,18.27934637143257
col,1999,38571.36719358922
com,1999,541.2341990797604
cpv,1999,430.2994461007387
cri,1999,3842.778976027326
cub,1999,10962.991697753097
cym,1999,39.97630280587336
cyp,1999,939.5732456136784
cze,1999,10323.247692389894
deu,1999,82578.83287833472
dji,1999,716.3691807492046
dma,1999,69.06840936289375
dnk,1999,5399.511978457321
dom,1999,8251.697367716366
dza,1999,31340.639691375087
ecu,1999,12305.535793802546
egy,1999,69096.88004924229
eri,1999,2289.8074743443326
esh,1999,303.4566356259983
esp,1999,41045.40992292088
est,1999,1394.3693192063167
eth,1999,65849.99679952202
fin,1999,5251.533499282136
fji,1999,807.625173404358
flk,1999,2.8098138612440917
fra,1999,59561.90706283701
fro,1999,47.11431530757303
fsm,1999,107.95773898236159
gab,1999,1227.1351104192222
gbr,1999,59573.5476550397
geo,1999,4426.742083983329
gha,1999,19252.96504130851
gib,1999,30.974953312621608
gin,1999,8243.393898432643
glp,1999,416.4191615459605
gmb,1999,1307.044852912995
gnb,1999,1204.700696602724
gnq,1999,595.3956902524587
grc,1999,11188.990390653473
grd,1999,101.30758656633398
grl,1999,56.86469368008093
gtm,1999,11262.203741710775
guf,1999,155.08075785666884
gum,1999,154.20545169882922
guy,1999,741.4447013777908
hkg,1999,6533.161521504979
hnd,1999,6326.928388691132
hrv,1999,4463.717095750492
hti,1999,8227.737300626432
hun,1999,10266.159584587112
idn,1999,208957.25557067804
imn,1999,77.11118696035098
ind,1999,996554
irl,1999,3785.9755343293764
irn,1999,64276.53022065538
irq,1999,22617.556363267264
isl,1999,281.9289946273434
isr,1999,5777.807280086853
ita,1999,57483.23089839402
jam,1999,2603.7756800953152
jor,1999,4991.046452704738
jpn,1999,126055
kaz,1999,14919.780222925341
ken,1999,31827.123932152706
kgz,1999,4828.505962667329
khm,1999,11442.766137454697
kir,1999,83.10805725354659
kna,1999,43.13524172625829
kor,1999,46030.4
kwt,1999,1935.843931960785
lao,1999,5243.930905728754
lbn,1999,3717.4401730184018
lbr,1999,2762.9422103629367
lby,1999,5399.493962374982
lca,1999,153.29359360208662
lie,1999,33.247674181967895
lka,1999,18693.888000906336
lso,1999,2067.03531098078
ltu,1999,3505.499550378204
lux,1999,437.5616730160772
lva,1999,2391.9332624961285
mac,1999,419.06906327327994
mar,1999,29121.968170479824
mco,1999,32.30916221583159
mda,1999,4197.47291495539
mdg,1999,15640.454371302569
mdv,1999,273.97552880960853
mex,1999,96414.72446837438
mhl,1999,50.50568349437859
mkd,1999,2027.7010774155954
mli,1999,10892.205211737872
mlt,1999,396.3330959955925
mmr,1999,46256.80460090686
mne,1999,615.6551021859249
mng,1999,2287.526441011552
mnp,1999,55.72723175719904
moz,1999,17648.0657598418
mrt,1999,2621.5801248179596
msr,1999,5.629517950792457
mtq,1999,389.13344095591333
mus,1999,1203.107229958306
mwi,1999,11108.54210325807
mys,1999,22698.457933082016
myt,1999,148.33465346303754
nam,1999,1805.1705086426105
ncl,1999,213.12490948971495
ner,1999,11185.908644331561
nga,1999,122053.26422716313
nic,1999,4936.252507576104
niu,1999,1.9818414446273551
nld,1999,16066.840892461125
nor,1999,4539.358151936924
npl,1999,23548.5155732153
nru,1999,10.466134240976574
nzl,1999,3868.573750928675
omn,1999,2236.6579759515103
pak,1999,138851.93726581495
pan,1999,2938.5806776744107
per,1999,25792.027155573665
phl,1999,76451.08604162872
plw,1999,18.806788832287893
png,1999,5725.534344821027
pol,1999,38630.85896787256
pri,1999,3629.9289524753985
prk,1999,21882.972411441748
prt,1999,10404.282780135123
pry,1999,5159.08825247686
pse,1999,3069.66950318722
pyf,1999,236.60835453514477
qat,1999,565.8727697687357
reu,1999,741.4522083587368
rom,1999,22334.551518552034
rus,1999,145930.082355057
rwa,1999,7676.92111173696
sau,1999,20031.118790475393
sdn,1999,27250.142245940657
sen,1999,9792.831943936415
sgp,1999,3961.2279765109024
shn,1999,6.26845420492
slb,1999,402.2445195996572
sle,1999,4566.891777639593
slv,1999,5780.686134331956
smr,1999,27.5415214278592
som,1999,8753.935698882928
spm,1999,6.362652102468837
srb,1999,9596.460339149906
stp,1999,143.2369929904324
sur,1999,460.2763899384308
svk,1999,5406.525768785513
svn,1999,1990.8790225152388
swe,1999,9002.714082944833
swz,1999,1017.3910975909573
syc,1999,81.76827520171321
syr,1999,15884.404514346437
tca,1999,18.85572026209736
tcd,1999,8242.158629171365
tgo,1999,4892.41132522472
tha,1999,62400.728022491174
tjk,1999,6078.596956054968
tkl,1999,1.5947947003289658
tkm,1999,4436.166417768984
tls,1999,874.5677659708415
ton,1999,97.64185071096549
tto,1999,1250.0585931305277
tun,1999,9838.748754770362
tur,1999,63197.26207998058
tuv,1999,9.36132554466141
twn,1999,21874.443929315818
tza,1999,33447.692814000075
uga,1999,23489.980567762923
ukr,1999,48957.99758519352
ury,1999,3271.6993913276283
usa,1999,276280.4710475246
uzb,1999,24248.235715683746
vct,1999,106.57512216119002
ven,1999,23479.244739715174
vgb,1999,19.806171202138046
vir,1999,107.48700121084403
vnm,1999,76085.65885001555
vut,1999,181.5622378400439
wlf,1999,14.766542542944311
wsm,1999,173.89368355265594
yem,1999,16784.22800842693
zaf,1999,45377.00021361245
zmb,1999,10378.064039297597
zwe,1999,12099.62002108369
abw,2000,89.87500333867926
afg,2000,20807.07017869882
ago,2000,16771.077277023447
aia,2000,11.130876664136784
alb,2000,3137.784371228783
and,2000,66.38367210934499
ant,2000,177.83385771731292
are,2000,3112.304289206889
arg,2000,36473.88754058459
arm,2000,3052.7457583258197
asm,2000,57.896454568619305
atg,2000,75.19771778359595
aus,2000,19259.31521817637
aut,2000,8191.897417706176
aze,2000,8078.165180224085
bdi,2000,6525.004705943148
bel,2000,10438.279664925292
ben,2000,7023.243233132487
bfa,2000,11873.868616611799
bgd,2000,127824.44344508807
bgr,2000,8019.7876855072755
bhr,2000,659.9970472677567
bhs,2000,294.84259870446425
bih,2000,3761.414957716132
blr,2000,9817.458650274071
blz,2000,244.65275170556242
bmu,2000,65.99992798857221
bol,2000,8327.644712952611
bra,2000,172908.79102582065
brb,2000,268.5922482636952
brn,2000,333.59976974376184
btn,2000,591.7922636343188
bwa,2000,1680.9811773018105
caf,2000,3723.825627864633
can,2000,30771.668286414657
che,2000,7252.318211523573
chi,2000,150.6987526980807
chl,2000,15177.198629634639
chn,2000,1245636.6996234383
civ,2000,16831.62837667232
cmr,2000,15869.354331313987
cod,2000,48184.97447704133
cog,2000,3199.0569322405754
cok,2000,18.182912170331043
col,2000,39203.36704689722
com,2000,554.7818692839544
cpv,2000,437.99736897460144
cri,2000,3919.718630414948
cub,2000,11006.658375591134
cym,2000,41.847624913169064
cyp,2000,957.6243166237045
cze,2000,10317.458180506728
deu,2000,82637.8568603683
dji,2000,734.0231487530486
dma,2000,68.90024525925408
dnk,2000,5422.359247108133
dom,2000,8380.130575303225
dza,2000,31753.382292570757
ecu,2000,12544.615719494157
egy,2000,70408.4248517352
eri,2000,2344.9330121238336
esh,2000,321.3141366585795
esp,2000,41445.130501310145
est,2000,1391.4339804302117
eth,2000,67741.94959424052
fin,2000,5266.790598782149
fji,2000,812.0643370726496
flk,2000,2.860868762236364
fra,2000,59911.89451545369
fro,2000,47.44518911194737
fsm,2000,107.54215619893898
gab,2000,1256.500528164361
gbr,2000,59818.71271224371
geo,2000,4338.248275185206
gha,2000,19720.515766065862
gib,2000,31.549248786391107
gin,2000,8429.517077615597
glp,2000,417.5077876800207
gmb,2000,1347.8902890551328
gnb,2000,1228.821632896199
gnq,2000,620.0680148028271
grc,2000,11250.508613207838
grd,2000,101.72604337034997
grl,2000,57.02864017039998
gtm,2000,11525.327353230981
guf,2000,161.40859321932794
gum,2000,155.5316994117893
guy,2000,738.6769079506663
hkg,2000,6614.948046919686
hnd,2000,6503.737007310457
hrv,2000,4440.161575700223
hti,2000,8372.696471310066
hun,2000,10248.40420850486
idn,2000,211789.84182138817
imn,2000,78.11020210682236
ind,2000,1012891.6666666666
irl,2000,3840.591361184881
irn,2000,65167.825286755906
irq,2000,23334.456874657702
isl,2000,284.69651457385163
isr,2000,5904.671218504835
ita,2000,57553.67725212756
jam,2000,2626.1241922467634
jor,2000,5086.930933508101
jpn,2000,126341.33333333333
kaz,2000,14840.826393463534
ken,2000,32696.833788986798
kgz,2000,4893.70821257391
khm,2000,11732.20938046099
kir,2000,84.50613409960387
kna,2000,43.5995607976506
kor,2000,46381.666666666664
kwt,2000,2030.9250694005607
lao,2000,5330.647259420602
lbn,2000,3816.1001447545937
lbr,2000,2913.711345576983
lby,2000,5480.635051081993
lca,2000,155.04187421733857
lie,2000,33.68826694106903
lka,2000,18802.105172933025
lso,2000,2079.3735547027136
ltu,2000,3482.6216761744254
lux,2000,442.73005899834345
lva,2000,2371.0802312598385
mac,2000,428.34024192374926
mar,2000,29453.314070219694
mco,2000,32.63550859916062
mda,2000,4179.594735322743
mdg,2000,16128.008129917136
mdv,2000,279.7626055163884
mex,2000,97835.22723046968
mhl,2000,50.81923105309725
mkd,2000,2040.37310508624
mli,2000,11197.21736626244
mlt,2000,399.6268635492141
mmr,2000,46780.66872599882
mne,2000,615.2337293801603
mng,2000,2313.982468669355
mnp,2000,57.5279743403069
moz,2000,18117.689952708173
mrt,2000,2690.474749005127
msr,2000,4.875941261778369
mtq,2000,392.88494633743613
mus,2000,1212.2955147117714
mwi,2000,11404.16515954333
mys,2000,23224.524768741125
myt,2000,153.77493641886466
nam,2000,1835.682869296009
ncl,2000,217.55252914459015
ner,2000,11591.151906138723
nga,2000,125085.25359908455
nic,2000,5014.732966162631
niu,2000,1.9257864033161547
nld,2000,16168.20373365629
nor,2000,4567.73977102932
npl,2000,23972.352388186253
nru,2000,10.35048945669943
nzl,2000,3913.432229916081
omn,2000,2252.227969869587
pak,2000,142529.3318484931
pan,2000,2997.7077159509677
per,2000,26175.113153569688
phl,2000,78093.53176327611
plw,2000,19.129931418229916
png,2000,5855.216914012112
pol,2000,38661.93475599888
pri,2000,3641.110419226288
prk,2000,22131.09168814316
prt,2000,10453.587806716649
pry,2000,5265.898843708637
pse,2000,3176.354522433056
pyf,2000,241.00008758587205
qat,2000,588.3548881987106
reu,2000,753.5873067374112
rom,2000,22197.843810002327
rus,2000,145601.4650262374
rwa,2000,8115.433884844472
sau,2000,20520.387663166126
sdn,2000,27899.85896088351
sen,2000,10022.190518914585
sgp,2000,4034.1285486990514
shn,2000,6.187576683436632
slb,2000,413.19850819402023
sle,2000,4689.59904499252
slv,2000,5824.554694483725
smr,2000,27.87931493296883
som,2000,9075.508675802179
spm,2000,6.331713585340351
srb,2000,9513.512758523433
stp,2000,145.52108350786278
sur,2000,465.8794200229785
svk,2000,5413.948323209968
svn,2000,1993.1425386349872
swe,2000,9016.606171482534
swz,2000,1028.4685340901156
syc,2000,82.8515392712239
syr,2000,16296.918382572618
tca,2000,19.94694250405742
tcd,2000,8547.073874237729
tgo,2000,5037.2152413735685
tha,2000,63034.793198449624
tjk,2000,6182.227084995
tkl,2000,1.5759199951307554
tkm,2000,4491.3494533262765
tls,2000,885.520069542754
ton,2000,98.10085165340169
tto,2000,1253.5125984350263
tun,2000,9930.758818753844
tur,2000,64201.19747097976
tuv,2000,9.406258871648879
twn,2000,21995.192620083526
tza,2000,34266.61350342978
uga,2000,24191.974347241834
ukr,2000,48570.0524185765
ury,2000,3284.000353136757
usa,2000,279572.5562474404
uzb,2000,24634.022923631008
vct,2000,106.62374781081755
ven,2000,23932.023873959235
vgb,2000,20.092360107117155
vir,2000,107.55165061129392
vnm,2000,77129.35017262121
vut,2000,185.21338258533493
wlf,2000,14.901266672105093
wsm,2000,174.68165692938402
yem,2000,17288.212376370204
zaf,2000,45997.87428143278
zmb,2000,10654.56310636166
zwe,2000,12153.670036367763
abw,2001,91.94326855534909
afg,2001,21629.171938807976
ago,2001,17316.12055734856
aia,2001,11.396658027243266
alb,2001,3141.399900982451
and,2001,68.34325735272087
ant,2001,177.67107793474617
are,2001,3281.804126113128
arg,2001,36892.56262149601
arm,2001,3037.333303837832
asm,2001,58.554055909534156
atg,2001,76.41847673465107
aus,2001,19475.254115648888
aut,2001,8218.269338760645
aze,2001,8161.416171794503
bdi,2001,6668.167765835081
bel,2001,10472.600215984561
ben,2001,7231.402569137349
bfa,2001,12205.648725066298
bgd,2001,130222.26433662814
bgr,2001,7960.340536651782
bhr,2001,693.1277105771279
bhs,2001,299.50793390258815
bih,2001,3769.546584896977
blr,2001,9768.453798966531
blz,2001,252.44166620953095
bmu,2001,66.30131212182624
bol,2001,8492.054197862233
bra,2001,175374.9744867504
brb,2001,269.699462650785
brn,2001,340.3831136038318
btn,2001,604.2597584236195
bwa,2001,1711.279878960786
caf,2001,3803.3666845386797
can,2001,31079.708588111684
che,2001,7286.018837642382
chi,2001,151.31605769915242
chl,2001,15356.650783592147
chn,2001,1257602.5040158192
civ,2001,17221.366909580818
cmr,2001,16277.053365946918
cod,2001,49487.00265116456
cog,2001,3288.2643676837693
cok,2001,18.288484191580416
col,2001,39842.24832435866
com,2001,568.0375268294881
cpv,2001,445.2318862385038
cri,2001,3992.615009517442
cub,2001,11049.925469999824
cym,2001,43.4834711616963
cyp,2001,974.568090726918
cze,2001,10309.391403848404
deu,2001,82666.18887355295
dji,2001,749.0358268732499
dma,2001,68.94507988152783
dnk,2001,5437.807727503813
dom,2001,8510.231446783497
dza,2001,32138.9204796704
ecu,2001,12781.940367757159
egy,2001,71685.92244291563
eri,2001,2426.624089362561
esh,2001,344.00886769398505
esp,2001,41934.39707055082
est,2001,1385.63801496195
eth,2001,69649.12009441636
fin,2001,5277.877340222237
fji,2001,814.7606584635618
flk,2001,2.9008775230438566
fra,2001,60267.96477545545
fro,2001,47.6964711810906
fsm,2001,107.28303473847751
gab,2001,1285.4980011514485
gbr,2001,60004.253435208644
geo,2001,4278.169940931922
gha,2001,20188.736793865428
gib,2001,32.072342538137015
gin,2001,8601.045308341741
glp,2001,415.91912948785534
gmb,2001,1389.7998720337353
gnb,2001,1253.925714168368
gnq,2001,645.4717360732294
grc,2001,11300.174637053267
grd,2001,102.18788924488406
grl,2001,57.165332515209265
gtm,2001,11802.39092968671
guf,2001,168.70220993275933
gum,2001,156.56157722684466
guy,2001,737.5473679418016
hkg,2001,6671.614735054838
hnd,2001,6682.521241340871
hrv,2001,4424.548253931752
hti,2001,8520.344434340803
hun,2001,10231.542560980102
idn,2001,214647.5700679556
imn,2001,78.85947826849124
ind,2001,1029229.3333333333
irl,2001,3899.430344770719
irn,2001,66028.31483337012
irq,2001,24054.87872558619
isl,2001,287.11759415343107
isr,2001,6022.2960245285185
ita,2001,57721.63775998024
jam,2001,2647.213549177908
jor,2001,5184.296578703354
jpn,2001,126627.66666666667
kaz,2001,14844.93893131264
ken,2001,33566.50450173444
kgz,2001,4941.1123016833035
khm,2001,12008.863733680295
kir,2001,85.9371413440284
kna,2001,44.14064710004536
kor,2001,46732.933333333334
kwt,2001,2089.962708295641
lao,2001,5415.136028912531
lbn,2001,3965.7274957759405
lbr,2001,3018.4882341674024
lby,2001,5562.216007252462
lca,2001,156.55336257848998
lie,2001,34.05136500346728
lka,2001,18931.14671190232
lso,2001,2080.2332751702897
ltu,2001,3458.4199878727936
lux,2001,446.74960574023277
lva,2001,2348.368351925048
mac,2001,438.38763184103607
mar,2001,29762.917096284724
mco,2001,32.95326125603787
mda,2001,4168.76494218065
mdg,2001,16616.332061894627
mdv,2001,286.5999509562534
mex,2001,99267.36869345405
mhl,2001,51.47479507265814
mkd,2001,2050.4762292289597
mli,2001,11517.952874340259
mlt,2001,402.2266746868795
mmr,2001,47273.60612737134
mne,2001,615.4624586495436
mng,2001,2342.2448164258712
mnp,2001,58.38087829008003
moz,2001,18620.14685275438
mrt,2001,2761.463842543837
msr,2001,4.483444278194702
mtq,2001,395.79129958295164
mus,2001,1220.0113330737163
mwi,2001,11681.858587907469
mys,2001,23733.46120100862
myt,2001,159.1581702677519
nam,2001,1863.5303021978996
ncl,2001,221.72040731648457
ner,2001,12008.203651581982
nga,2001,128134.66699943702
nic,2001,5092.486037950897
niu,2001,1.8811012311339856
nld,2001,16256.516645241694
nor,2001,4590.464394331427
npl,2001,24372.10322356745
nru,2001,10.22548776140957
nzl,2001,3965.0580245356696
omn,2001,2280.4288711430904
pak,2001,146128.27832414352
pan,2001,3057.8950656149455
per,2001,26523.86335385411
phl,2001,79754.67330179531
plw,2001,19.405903645882127
png,2001,5980.763163824054
pol,2001,38673.56947484338
pri,2001,3647.870805649189
prk,2001,22393.52422539844
prt,2001,10495.369123169014
pry,2001,5372.654788366524
pse,2001,3264.117840467668
pyf,2001,245.18247115906092
qat,2001,611.1173609408147
reu,2001,765.0207213703316
rom,2001,22071.525586019783
rus,2001,145192.37982001534
rwa,2001,8411.056718597452
sau,2001,21068.373664274648
sdn,2001,28582.419915567185
sen,2001,10255.45378774777
sgp,2001,4081.3310131172025
shn,2001,6.068803197479222
slb,2001,424.37926417259115
sle,2001,4857.977328615329
slv,2001,5866.092966341207
smr,2001,28.225934772187415
som,2001,9387.51070118914
spm,2001,6.291411888316655
srb,2001,9445.936632783427
stp,2001,147.91877535799034
sur,2001,471.68110169045315
svk,2001,5420.172110239828
svn,2001,1994.88826694361
swe,2001,9030.221660953035
swz,2001,1035.7625088724897
syc,2001,84.21524612174653
syr,2001,16660.38469228761
tca,2001,21.35128993675371
tcd,2001,8867.719086830739
tgo,2001,5173.214816813064
tha,2001,63604.431822594604
tjk,2001,6290.855130543478
tkl,2001,1.5249704155309494
tkm,2001,4544.104753250688
tls,2001,902.139278258538
ton,2001,98.58811680449773
tto,2001,1258.5631819799746
tun,2001,10007.95922582949
tur,2001,65147.63640868703
tuv,2001,9.493737242213252
twn,2001,22131.41206089248
tza,2001,35137.39566271428
uga,2001,24922.014982592766
ukr,2001,48189.78863767481
ury,2001,3291.2964446227306
usa,2001,282869.0625276842
uzb,2001,24998.655913048555
vct,2001,106.78713109052882
ven,2001,24393.175246376584
vgb,2001,20.462518863504517
vir,2001,107.57396071551001
vnm,2001,78161.52987534287
vut,2001,189.41327153462134
wlf,2001,15.059970643862865
wsm,2001,175.57207532541827
yem,2001,17804.902701269486
zaf,2001,46567.282937262455
zmb,2001,10925.882314609355
zwe,2001,12184.523894539023
abw,2002,94.08557811888659
afg,2002,22619.366974919354
ago,2002,17874.456193822643
aia,2002,11.648775520635686
alb,2002,3140.6347225920836
and,2002,71.01748735061688
ant,2002,178.45080227471573
are,2002,3456.903433638894
arg,2002,37322.18649144955
arm,2002,3023.4502830324527
asm,2002,59.12861379847834
atg,2002,77.54790233723077
aus,2002,19686.351163934156
aut,2002,8246.877204738199
aze,2002,8248.340107649718
bdi,2002,6839.974991002092
bel,2002,10508.188402091371
ben,2002,7443.238577498129
bfa,2002,12542.225431147686
bgd,2002,132587.09519051455
bgr,2002,7902.592947769289
bhr,2002,730.5236097703009
bhs,2002,304.7242816664209
bih,2002,3776.7610663921537
blr,2002,9712.105246894502
blz,2002,259.8743664274594
bmu,2002,66.56375036748706
bol,2002,8659.38931253048
bra,2002,177824.3574535873
brb,2002,270.81595499785834
brn,2002,347.06734851496134
btn,2002,616.5248885394556
bwa,2002,1739.1873688005835
caf,2002,3879.179905319137
can,2002,31387.758340491546
che,2002,7320.204888923254
chi,2002,151.66429267659612
chl,2002,15534.747012570193
chn,2002,1269584.4876167509
civ,2002,17580.74421127406
cmr,2002,16689.096468506094
cod,2002,50882.33867770566
cog,2002,3377.473543560265
cok,2002,18.546482215810165
col,2002,40485.32377902994
com,2002,581.0197587512143
cpv,2002,451.92760954944634
cri,2002,4061.7936189068027
cub,2002,11092.78296135218
cym,2002,44.91825683499268
cyp,2002,990.4713630745343
cze,2002,10299.641986124516
deu,2002,82662.41481343066
dji,2002,762.0791295923985
dma,2002,69.17060930487496
dnk,2002,5447.084570156344
dom,2002,8641.72053381161
dza,2002,32500.667708859564
ecu,2002,13018.048920018018
egy,2002,72933.72088905856
eri,2002,2531.3378028123434
esh,2002,370.58796533661
esp,2002,42499.159124050435
est,2002,1377.9340050448716
eth,2002,71563.55333756946
fin,2002,5285.445244887666
fji,2002,815.9278317451939
flk,2002,2.918879471075025
fra,2002,60630.274732556674
fro,2002,47.88603663195317
fsm,2002,107.11806931027652
gab,2002,1314.4233070851967
gbr,2002,60146.53076709128
geo,2002,4243.794020676417
gha,2002,20656.683396938555
gib,2002,32.54583761266404
gin,2002,8760.074812416393
glp,2002,412.165194290898
gmb,2002,1432.7190070990134
gnb,2002,1279.8750777899397
gnq,2002,671.7264602305959
grc,2002,11336.909932878982
grd,2002,102.64511540732579
grl,2002,57.299409700097996
gtm,2002,12092.350116279395
guf,2002,176.83932724945643
gum,2002,157.30533179400186
guy,2002,737.6821589353569
hkg,2002,6707.289535194604
hnd,2002,6863.1453539663
hrv,2002,4416.11425450095
hti,2002,8670.61714343788
hun,2002,10214.271258955467
idn,2002,217536.64519950235
imn,2002,79.4008133495926
ind,2002,1045567
irl,2002,3962.029415569616
irn,2002,66861.72822347983
irq,2002,24775.154141328054
isl,2002,289.27391751865355
isr,2002,6130.52210385807
ita,2002,57973.116243756645
jam,2002,2667.14964007025
jor,2002,5284.071025476891
jpn,2002,126914
kaz,2002,14924.221549183027
ken,2002,34435.73380443168
kgz,2002,4974.162861135339
khm,2002,12272.6388943966
kir,2002,87.37683865396329
kna,2002,44.7340316630823
kor,2002,47084.2
kwt,2002,2123.5601669713283
lao,2002,5497.766100779214
lbn,2002,4155.908477226839
lbr,2002,3086.0265503518162
lby,2002,5643.179110048826
lca,2002,157.87106774807955
lie,2002,34.347406157854486
lka,2002,19078.16750539007
lso,2002,2070.964435714431
ltu,2002,3432.809884359649
lux,2002,449.8608915493415
lva,2002,2324.4362644296325
mac,2002,449.1903109960536
mar,2002,30051.682673870313
mco,2002,33.25957101492294
mda,2002,4163.731799002723
mdg,2002,17104.86995091282
mdv,2002,294.42807005618056
mex,2002,100714.4732431055
mhl,2002,52.41309249536748
mkd,2002,2058.3971531105312
mli,2002,11852.308657878724
mlt,2002,404.2306174458344
mmr,2002,47741.42258645858
mne,2002,616.2057037634117
mng,2002,2372.6879607504798
mnp,2002,58.46807071948383
moz,2002,19144.41939258584
mrt,2002,2834.398477849034
msr,2002,4.382776267223273
mtq,2002,397.9266482764511
mus,2002,1226.1672832612167
mwi,2002,11951.04688912635
mys,2002,24228.310800974254
myt,2002,164.47189485387435
nam,2002,1889.044981083279
ncl,2002,225.66753717854596
ner,2002,12437.018716829602
nga,2002,131202.1357308572
nic,2002,5169.524720735348
niu,2002,1.8173076730777988
nld,2002,16333.094439984114
nor,2002,4608.871601709718
npl,2002,24745.97240704517
nru,2002,10.110312400003863
nzl,2002,4021.4208117185763
omn,2002,2320.1770729366217
pak,2002,149672.75651622034
pan,2002,3119.1381756891124
per,2002,26842.36821902314
phl,2002,81432.20915530722
plw,2002,19.653158245780627
png,2002,6103.6392317584605
pol,2002,38666.52288995816
pri,2002,3650.1786116532003
prk,2002,22665.20543304515
prt,2002,10529.582155293741
pry,2002,5479.175540063501
pse,2002,3335.2750376622243
pyf,2002,249.17686585366877
qat,2002,636.8384031828688
reu,2002,775.6649845713025
rom,2002,21954.268246296233
rus,2002,144711.81045668616
rwa,2002,8597.83831920406
sau,2002,21668.20735599632
sdn,2002,29286.49377512984
sen,2002,10492.102978424322
sgp,2002,4107.796308702381
shn,2002,5.918559982924383
slb,2002,435.79029389808767
sle,2002,5066.399574584811
slv,2002,5905.244782544068
smr,2002,28.56454347818856
som,2002,9693.891147264045
spm,2002,6.241659508454578
srb,2002,9389.65983560536
stp,2002,150.43508253788164
sur,2002,477.633471915122
svk,2002,5425.078749106632
svn,2002,1996.4511858252251
swe,2002,9044.046447251518
swz,2002,1039.7107080915252
syc,2002,85.78085979733379
syr,2002,16977.20866363579
tca,2002,23.010318246357304
tcd,2002,9202.011982498025
tgo,2002,5302.351268163677
tha,2002,64121.80605355635
tjk,2002,6404.566166980094
tkl,2002,1.456078453861888
tkm,2002,4594.008566321516
tls,2002,923.4532359541838
ton,2002,99.10347995180979
tto,2002,1265.025723070969
tun,2002,10071.29652646135
tur,2002,66046.05742942503
tuv,2002,9.603896039441405
twn,2002,22280.61746508549
tza,2002,36050.86403411769
uga,2002,25677.283254641192
ukr,2002,47813.55121706818
ury,2002,3294.3026386068464
usa,2002,286170.0213883468
uzb,2002,25342.87757153573
vct,2002,107.06552907526195
ven,2002,24860.897735598013
vgb,2002,20.92738525427357
vir,2002,107.52510154712446
vnm,2002,79178.98009505683
vut,2002,194.07956648275086
wlf,2002,15.208156004517056
wsm,2002,176.55215596391622
yem,2002,18327.722284835952
zaf,2002,47086.18287488789
zmb,2002,11194.044600505342
zwe,2002,12196.549287756097
abw,2003,96.18216922789341
afg,2003,23698.83866115222
ago,2003,18449.565762517723
aia,2003,11.897731458444898
alb,2003,3134.8196948196237
and,2003,74.08161132546762
ant,2003,180.0442727250898
are,2003,3685.2586592248863
arg,2003,37760.12209721663
arm,2003,3009.041040970134
asm,2003,59.54914815815692
atg,2003,78.61762391923008
aus,2003,19897.185527193258
aut,2003,8276.356072784938
aze,2003,8336.799854444045
bdi,2003,7034.243236237086
bel,2003,10547.111024727526
ben,2003,7656.713563122055
bfa,2003,12883.731087249436
bgd,2003,134893.8749919748
bgr,2003,7846.353590758352
bhr,2003,773.1123307236481
bhs,2003,310.4345266103985
bih,2003,3782.4397112268352
blr,2003,9650.719552393675
blz,2003,267.1065992993514
bmu,2003,66.75362378228681
bol,2003,8829.18844016683
bra,2003,180244.77839932902
brb,2003,271.96840040527707
brn,2003,353.5610580841579
btn,2003,628.3153675461999
bwa,2003,1765.7990255309303
caf,2003,3951.4492219831673
can,2003,31695.8114344624
che,2003,7357.70744734996
chi,2003,151.91275516370527
chl,2003,15713.265828331312
chn,2003,1281577.2716701936
civ,2003,17918.248399574037
cmr,2003,17105.04223660124
cod,2003,52356.63270562057
cog,2003,3468.6038312197597
cok,2003,18.866882204829093
col,2003,41126.90052656504
com,2003,593.7699510025492
cpv,2003,458.07591772887844
cri,2003,4128.221345948826
cub,2003,11132.555939649585
cym,2003,46.230731886526335
cyp,2003,1005.7766663027194
cze,2003,10294.293913398531
deu,2003,82617.64884437458
dji,2003,773.3941906951815
dma,2003,69.49678987059306
dnk,2003,5453.1888934264125
dom,2003,8774.160069003388
dza,2003,32848.29490703803
ecu,2003,13254.631991490598
egy,2003,74144.60297799062
eri,2003,2648.063240866434
esh,2003,398.2490220928861
esp,2003,43120.082465490836
est,2003,1368.8643503290548
eth,2003,73477.22200971066
fin,2003,5291.3485828219045
fji,2003,816.6951907824023
flk,2003,2.9315550306325773
fra,2003,60992.24842117201
fro,2003,48.01507185359216
fsm,2003,106.98211023217152
gab,2003,1343.8505586068643
gbr,2003,60293.608474929235
geo,2003,4226.440930663278
gha,2003,21125.98016930107
gib,2003,32.95519194201578
gin,2003,8911.56648576717
glp,2003,407.32455187206654
gmb,2003,1476.175682912996
gnb,2003,1306.539051854863
gnq,2003,699.0959526401499
grc,2003,11356.795441413295
grd,2003,103.1100375248364
grl,2003,57.40509982023748
gtm,2003,12392.911452895454
guf,2003,185.41465946872748
gum,2003,157.83666644360102
guy,2003,738.7310484242986
hkg,2003,6729.779291959368
hnd,2003,7045.16916257351
hrv,2003,4412.537843529497
hti,2003,8823.518652131597
hun,2003,10195.973100102672
idn,2003,220476.62695156425
imn,2003,79.85370484269615
ind,2003,1061904.6666666667
irl,2003,4029.0022584490985
irn,2003,67633.41762627655
irq,2003,25460.221793188543
isl,2003,291.49173491283454
isr,2003,6233.258623636528
ita,2003,58272.21768094174
jam,2003,2686.1223089388027
jor,2003,5394.981942553853
jpn,2003,127200.33333333333
kaz,2003,15055.555621972828
ken,2003,35306.63328993834
kgz,2003,4998.759922402159
khm,2003,12526.512731571478
kir,2003,88.90240280703598
kna,2003,45.35235591184237
kor,2003,47435.46666666667
kwt,2003,2146.092906471792
lao,2003,5580.8712285678985
lbn,2003,4356.840849637334
lbr,2003,3132.767691096365
lby,2003,5722.306192437257
lca,2003,159.1486401986634
lie,2003,34.59510626995514
lka,2003,19238.623075942636
lso,2003,2054.8898993093294
ltu,2003,3404.3061320970755
lux,2003,452.82083765585577
lva,2003,2299.0548714281504
mac,2003,460.51414631282404
mar,2003,30322.098817399892
mco,2003,33.56054303344031
mda,2003,4160.979353150962
mdg,2003,17591.977354570026
mdv,2003,302.912658173491
mex,2003,102194.00836785165
mhl,2003,53.49655928916436
mkd,2003,2064.487743244575
mli,2003,12199.639963972717
mlt,2003,405.7866775206422
mmr,2003,48185.43457331572
mne,2003,617.3870248471997
mng,2003,2405.4594379535993
mnp,2003,57.99096679753829
moz,2003,19681.08677618457
mrt,2003,2908.8762522775314
msr,2003,4.495976348974886
mtq,2003,399.3839255921135
mus,2003,1230.8826619223164
mwi,2003,12217.442545479635
mys,2003,24717.559020612076
myt,2003,169.73945964855946
nam,2003,1913.1381421441938
ncl,2003,229.4179369516087
ner,2003,12876.9739253221
nga,2003,134288.67289210134
nic,2003,5246.579352587492
niu,2003,1.779416287052615
nld,2003,16400.105969841577
nor,2003,4626.285376297282
npl,2003,25099.90190010368
nru,2003,10.001582863212898
nzl,2003,4078.025690170612
omn,2003,2369.0193984825178
pak,2003,153209.5313056094
pan,2003,3181.4341589250625
per,2003,27136.688139976948
phl,2003,83114.985982555
plw,2003,19.82402991168544
png,2003,6228.098934812216
pol,2003,38648.9089336383
pri,2003,3649.3534108088065
prk,2003,22938.764779279747
prt,2003,10557.821082498884
pry,2003,5584.51121106452
pse,2003,3394.846617343594
pyf,2003,252.8947362700109
qat,2003,676.8887821101295
reu,2003,785.3497960157653
rom,2003,21837.414170164247
rus,2003,144184.8520473255
rwa,2003,8712.087165178511
sau,2003,22295.27916578856
sdn,2003,29993.89744558945
sen,2003,10732.318738989814
sgp,2003,4132.358014643814
shn,2003,5.746183805618185
slb,2003,447.3561703787112
sle,2003,5295.234621879266
slv,2003,5942.4979991034925
smr,2003,28.91310681148379
som,2003,9993.118617978456
spm,2003,6.188565537599371
srb,2003,9342.290981199478
stp,2003,153.13824187137834
sur,2003,483.74326166957087
svk,2003,5428.922741094799
svn,2003,1998.570551975892
swe,2003,9061.474167921057
swz,2003,1041.3196826282585
syc,2003,87.36357766833746
syr,2003,17290.071099296663
tca,2003,24.795780477224014
tcd,2003,9543.629396602622
tgo,2003,5427.149449928547
tha,2003,64598.84266642874
tjk,2003,6522.2753178120165
tkl,2003,1.3697956716855173
tkm,2003,4642.02697847712
tls,2003,947.8266102073086
ton,2003,99.66456231383923
tto,2003,1272.513981590707
tun,2003,10125.334805065027
tur,2003,66901.82547206394
tuv,2003,9.733379520473148
twn,2003,22436.80282809662
tza,2003,36995.67229987314
uga,2003,26450.926145184476
ukr,2003,47442.28099882991
ury,2003,3295.0678544310167
usa,2003,289474.11325585784
uzb,2003,25673.243027704102
vct,2003,107.39385534267994
ven,2003,25331.75241056209
vgb,2003,21.485512554571937
vir,2003,107.42756277285969
vnm,2003,80191.32471433475
vut,2003,199.10995846327546
wlf,2003,15.306021805895313
wsm,2003,177.6186644881407
yem,2003,18848.576871932044
zaf,2003,47565.040302392255
zmb,2003,11460.544707761497
zwe,2003,12199.16043658568
abw,2004,97.99374940351167
afg,2004,24749.336151062216
ago,2004,19045.919639732932
aia,2004,12.140915122529123
alb,2004,3123.704888931478
and,2004,77.0576267007721
ant,2004,182.22091385937338
are,2004,4030.065456494626
arg,2004,38202.22062869024
arm,2004,2991.7272750856964
asm,2004,59.73567385062808
atg,2004,79.73126439005148
aus,2004,20114.25306219581
aut,2004,8304.489433437877
aze,2004,8423.625727800725
bdi,2004,7241.102559621214
bel,2004,10591.954036598494
ben,2004,7868.899264378689
bfa,2004,13230.475083436828
bgd,2004,137111.92546896404
bgr,2004,7791.557594072569
bhr,2004,821.9904385765333
bhs,2004,316.4935001294697
bih,2004,3787.0016737092733
blr,2004,9587.814335331677
blz,2004,274.4225942156293
bmu,2004,66.85591005529712
bol,2004,9000.77108983131
bra,2004,182621.35762415334
brb,2004,273.2117778623647
brn,2004,359.7622770924214
btn,2004,639.4002193476814
bwa,2004,1792.6125085278295
caf,2004,4020.6246957461653
can,2004,32003.847792113596
che,2004,7401.891188823152
chi,2004,152.32434376257234
chl,2004,15894.417035949102
chn,2004,1293575.2710391916
civ,2004,18246.185036436327
cmr,2004,17524.102721685682
cod,2004,53883.02648532839
cog,2004,3564.323200713822
cok,2004,19.12709021611748
col,2004,41759.224912478945
com,2004,606.3902637813292
cpv,2004,463.62210592443614
cri,2004,4193.349810719329
cub,2004,11165.67698540606
cym,2004,47.541413896786565
cyp,2004,1021.1904212721489
cze,2004,10301.48090955036
deu,2004,82517.75241233796
dji,2004,783.4404058491311
dma,2004,69.8521939143174
dnk,2004,5460.415774244402
dom,2004,8906.888161194374
dza,2004,33193.70382023651
ecu,2004,13494.040111254271
egy,2004,75309.9702486789
eri,2004,2761.5283586892283
esh,2004,423.1912147006949
esp,2004,43770.5036729218
est,2004,1359.4785924218947
eth,2004,75378.43674433434
fin,2004,5298.111050862841
fji,2004,818.6092427317685
flk,2004,2.9268011686698587
fra,2004,61345.71063150617
fro,2004,48.10795644190693
fsm,2004,106.7226793170895
gab,2004,1374.563997595298
gbr,2004,60511.67633153471
geo,2004,4213.151839123124
gha,2004,21598.668440213176
gib,2004,33.27938633863679
gin,2004,9062.675648520084
glp,2004,403.00632857022345
gmb,2004,1519.485694384525
gnb,2004,1333.6426965156784
gnq,2004,727.9479415361639
grc,2004,11354.884574814554
grd,2004,103.5615196836873
grl,2004,57.46778384964852
gtm,2004,12700.595132377259
guf,2004,193.8437583782926
gum,2004,158.24583655532163
guy,2004,740.1234056020193
hkg,2004,6750.744706691163
hnd,2004,7228.129993817449
hrv,2004,4410.444432817214
hti,2004,8978.974410527704
hun,2004,10175.764768951594
idn,2004,223490.22833151283
imn,2004,80.36858605589157
ind,2004,1078242.3333333333
irl,2004,4101.435741083945
irn,2004,68298.73290594833
irq,2004,26064.8064434422
isl,2004,294.2104737828755
isr,2004,6335.978025051619
ita,2004,58566.81213590659
jam,2004,2704.5022335174285
jor,2004,5527.433123483532
jpn,2004,127486.66666666667
kaz,2004,15204.312905224744
ken,2004,36181.962971610745
kgz,2004,5023.903829012103
khm,2004,12775.041485951459
kir,2004,90.58190626510937
kna,2004,45.975292416908296
kor,2004,47786.73333333334
kwt,2004,2179.6667616614122
lao,2004,5667.395156958113
lbn,2004,4526.1338591855365
lbr,2004,3183.756014480548
lby,2004,5797.755279879731
lca,2004,160.5979172293937
lie,2004,34.81964948186087
lka,2004,19404.91359897163
lso,2004,2036.7137604558382
ltu,2004,3370.9982382020903
lux,2004,456.6405204123098
lva,2004,2272.0914025519114
mac,2004,472.0290306954416
mar,2004,30577.221029977118
mco,2004,33.85749035302273
mda,2004,4155.468228204865
mdg,2004,18076.11841194353
mdv,2004,311.55015031778544
mex,2004,103728.18756224171
mhl,2004,54.525905542581654
mkd,2004,2069.5118845894535
mli,2004,12558.82781790158
mlt,2004,407.115602732345
mmr,2004,48608.97399420329
mne,2004,618.8571416746282
mng,2004,2440.712834519858
mnp,2004,57.29844314359773
moz,2004,20216.00608027733
mrt,2004,2984.3389185511733
msr,2004,4.669582739434278
mtq,2004,400.32995526278694
mus,2004,1234.3270856404838
mwi,2004,12490.564390509451
mys,2004,25213.729192819694
myt,2004,174.98290714737163
nam,2004,1937.0123198803667
ncl,2004,233.0963444539438
ner,2004,13327.284831942856
nga,2004,137396.4154252325
nic,2004,5324.550026394652
niu,2004,1.735239088057632
nld,2004,16460.98828187837
nor,2004,4647.283168541315
npl,2004,25442.630697892462
nru,2004,9.911071236556348
nzl,2004,4128.592136440647
omn,2004,2422.372869330101
pak,2004,156808.21775606094
pan,2004,3244.7456634784053
per,2004,27416.26954628183
phl,2004,84788.14545034319
plw,2004,19.885200187504033
png,2004,6360.066133057158
pol,2004,38632.225229543525
pri,2004,3647.297664680438
prk,2004,23203.408901052477
prt,2004,10582.65990282875
pry,2004,5687.411838019631
pse,2004,3450.5156619122367
pyf,2004,256.22651464234826
qat,2004,746.2045216385419
reu,2004,793.8588230979208
rom,2004,21708.627825799158
rus,2004,143648.85410001103
rwa,2004,8813.69466622489
sau,2004,22913.75658874617
sdn,2004,30677.718498144743
sen,2004,10975.92390488735
sgp,2004,4181.039750885603
shn,2004,5.574223827683057
slb,2004,458.9590682427096
sle,2004,5517.355575886208
slv,2004,5978.452390447606
smr,2004,29.248828979596354
som,2004,10285.65426426585
spm,2004,6.152207886401724
srb,2004,9298.647222885073
stp,2004,156.0955279775064
sur,2004,489.9627921830341
svk,2004,5432.095449116698
svn,2004,2002.2809783589842
swe,2004,9086.59644992135
swz,2004,1042.0305783638496
syc,2004,88.73372367444543
syr,2004,17659.104229970555
tca,2004,26.49901363292141
tcd,2004,9884.111141774629
tgo,2004,5551.6487288516
tha,2004,65054.84128764688
tjk,2004,6642.422781376109
tkl,2004,1.2880229499110003
tkm,2004,4689.305585781192
tls,2004,972.7833525863924
ton,2004,100.30980985510038
tto,2004,1280.4114968219276
tun,2004,10176.031923686678
tur,2004,67726.02734394273
tuv,2004,9.878041005208503
twn,2004,22590.900614929684
tza,2004,37953.22183691089
uga,2004,27232.77100669656
ukr,2004,47075.988985732736
ury,2004,3296.473326045741
usa,2004,292779.4356686529
uzb,2004,25999.456174140098
vct,2004,107.69516731593887
ven,2004,25800.90257736041
vgb,2004,22.165879044107374
vir,2004,107.27832889924125
vnm,2004,81210.23240595146
vut,2004,204.31400104065216
wlf,2004,15.271115776124688
wsm,2004,178.7536065579275
yem,2004,19355.172447891946
zaf,2004,48017.12555764924
zmb,2004,11727.844054906502
zwe,2004,12204.313274508837
abw,2005,99.39511160428926
afg,2005,25688.589258842654
ago,2005,19665.997262076
aia,2005,12.373837358501008
alb,2005,3107.3710121869112
and,2005,79.5957670674408
ant,2005,184.78482390173906
are,2005,4527.164096282692
arg,2005,38645.692009106395
arm,2005,2970.0493451368707
asm,2005,59.64166339340556
atg,2005,80.94713405687662
aus,2005,20341.952636543876
aut,2005,8329.917492185361
aze,2005,8506.470965428618
bdi,2005,7452.9341461025915
bel,2005,10644.34403924141
ben,2005,8077.679834920702
bfa,2005,13582.43513640836
bgd,2005,139221.46316346253
bgr,2005,7738.1642830567225
bhr,2005,877.3308494040949
bhs,2005,322.7938994977338
bih,2005,3790.411590181694
blr,2005,9526.102207664297
blz,2005,281.99590800149247
bmu,2005,66.86924491342926
bol,2005,9173.617031069862
bra,2005,184943.90914084675
brb,2005,274.56643864234104
brn,2005,365.60233518384
btn,2005,649.6066798995085
bwa,2005,1820.5921384137212
caf,2005,4086.6746862067575
can,2005,32311.848913374866
che,2005,7455.073550484294
chi,2005,153.0795739314959
chl,2005,16079.848845418677
chn,2005,1305573.0327450987
civ,2005,18574.005069710478
cmr,2005,17945.47364442635
cod,2005,55441.05608411459
cog,2005,3666.0976812799495
cok,2005,19.228467698328913
col,2005,42376.61512185036
com,2005,618.9410952952396
cpv,2005,468.5691332082223
cri,2005,4258.259435279112
cub,2005,11189.993099447722
cym,2005,48.94785209324004
cyp,2005,1037.1580658077564
cze,2005,10326.495888626889
deu,2005,82356.78756261429
dji,2005,792.6204838150992
dma,2005,70.14027184607946
dnk,2005,5471.801000432094
dom,2005,9039.426525856003
dza,2005,33546.14247130177
ecu,2005,13737.957289128648
egy,2005,76426.71189706407
eri,2005,2860.4613882090666
esh,2005,442.74699009052375
esp,2005,44425.87978268509
est,2005,1350.5461783677044
eth,2005,77259.29259514541
fin,2005,5307.521885156976
fji,2005,822.7028845686104
flk,2005,2.9163424594234684
fra,2005,61684.90486292618
fro,2005,48.16297305580801
fsm,2005,106.27094614483627
gab,2005,1407.1777752154503
gbr,2005,60845.04220468113
geo,2005,4194.323528442489
gha,2005,22075.51074912248
gib,2005,33.52595871801027
gin,2005,9218.517236519487
glp,2005,400.3427741981442
gmb,2005,1562.2017101798458
gnb,2005,1361.013243848664
gnq,2005,758.4982576997376
grc,2005,11328.51319077315
grd,2005,103.99567909564553
grl,2005,57.477253227050866
gtm,2005,13012.777685246545
guf,2005,201.68073094774817
gum,2005,158.61386059639077
guy,2005,741.4197064909007
hkg,2005,6778.628216392162
hnd,2005,7411.568878944722
hrv,2005,4407.219919228265
hti,2005,9136.83435128692
hun,2005,10153.118677386497
idn,2005,226592.12919667142
imn,2005,81.04705484360801
ind,2005,1094580
irl,2005,4179.489790182565
irn,2005,68833.93744003717
irq,2005,26563.99751858856
isl,2005,297.7047405605211
isr,2005,6442.583547282841
ita,2005,58819.75699291384
jam,2005,2722.5850384489545
jor,2005,5688.9049173200665
jpn,2005,127773
kaz,2005,15344.840349401415
ken,2005,37062.87104129338
kgz,2005,5056.2465291432545
khm,2005,13021.97220879385
kir,2005,92.44848347597743
kna,2005,46.55913411284683
kor,2005,48138
kwt,2005,2239.9858065052986
lao,2005,5759.368791174395
lbn,2005,4636.2310371748445
lbr,2005,3256.5995971844527
lby,2005,5867.956287662761
lca,2005,162.37817229696932
lie,2005,35.03376395973059
lka,2005,19571.12916497349
lso,2005,2019.9843785414344
ltu,2005,3331.6822411403305
lux,2005,462.0726689957934
lva,2005,2243.5178894969954
mac,2005,483.50381623875995
mar,2005,30819.761526503877
mco,2005,34.15572476274486
mda,2005,4143.639990514901
mdg,2005,18556.00232933881
mdv,2005,320.03547150598644
mex,2005,105331.33711369814
mhl,2005,55.33190684988422
mkd,2005,2073.996325459411
mli,2005,12928.291043400402
mlt,2005,408.3921783653635
mmr,2005,49015.393881011114
mne,2005,620.4967346784875
mng,2005,2478.576486065978
mnp,2005,56.61762418303511
moz,2005,20739.000054605985
mrt,2005,3060.3585955906
msr,2005,4.8042643241269065
mtq,2005,400.860216839956
mus,2005,1236.6162306014428
mwi,2005,12776.938493600055
mys,2005,25724.971855090862
myt,2005,180.22777148473105
nam,2005,1961.4992533564882
ncl,2005,236.75823807232123
ner,2005,13787.394159829188
nga,2005,140525.62280806928
nic,2005,5404.11671912839
niu,2005,1.6966295027937275
nld,2005,16518.398008343163
nor,2005,4675.169157132875
npl,2005,25778.93293092121
nru,2005,9.862172908257804
nzl,2005,4168.844502391893
omn,2005,2477.83083086684
pak,2005,160518.4125071319
pan,2005,3309.0470992142573
per,2005,27689.0023318402
phl,2005,86441.71022657023
plw,2005,19.807456827926448
png,2005,6503.589847533996
pol,2005,38624.52172005337
pri,2005,3645.3231706680003
prk,2005,23451.450051612206
prt,2005,10605.59828888339
pry,2005,5787.072726595703
pse,2005,3508.26369059691
pyf,2005,259.12611485419376
qat,2005,853.8988919568203
reu,2005,801.0642649090396
rom,2005,21559.949984926712
rus,2005,143131.42290757012
rwa,2005,8945.930043548447
sau,2005,23499.233055941724
sdn,2005,31319.623450072584
sen,2005,11222.7363147658
sgp,2005,4271.3923003865875
shn,2005,5.428144988961679
slb,2005,470.54650915856325
sle,2005,5713.136768300112
slv,2005,6013.650178723456
smr,2005,29.5949671407006
som,2005,10571.791022337655
spm,2005,6.151086625134534
srb,2005,9255.064385601745
stp,2005,159.35511702121062
sur,2005,496.2889506485463
svk,2005,5434.925091621992
svn,2005,2008.2643869912936
swe,2005,9122.144000892808
swz,2005,1042.9031011519648
syc,2005,89.70809041414522
syr,2005,18116.822246669995
tca,2005,28.000862182812043
tcd,2005,10217.372823328698
tgo,2005,5678.74637320226
tha,2005,65503.68229437223
tjk,2005,6763.770189799716
tkl,2005,1.2177827922607385
tkm,2005,4736.752449597015
tls,2005,996.465980003973
ton,2005,101.03995911338751
tto,2005,1288.2602491745984
tun,2005,10227.632057836172
tur,2005,68530.92803828201
tuv,2005,10.013374868776326
twn,2005,22736.081593184794
tza,2005,38910.12524831713
uga,2005,28015.64901924566
ukr,2005,46714.30410055661
ury,2005,3300.6865862828813
usa,2005,296084.67682933196
uzb,2005,26328.331127739697
vct,2005,107.92355021731537
ven,2005,26264.41822574463
vgb,2005,22.960110804053866
vir,2005,107.10876288623284
vnm,2005,82244.96850842945
vut,2005,209.5619119287247
wlf,2005,15.059981070846996
wsm,2005,179.96738250405627
yem,2005,19839.816071372148
zaf,2005,48453.17755157039
zmb,2005,11998.029034478366
zwe,2005,12221.117293073925
abw,2006,100.20184755195261
afg,2006,26546.3023623107
ago,2006,20384.710319985425
aia,2006,12.581625164679293
alb,2006,3087.9593306898814
and,2006,81.59640873795459
ant,2006,187.51699459560717
are,2006,5219.940999337011
arg,2006,39043.56036347677
arm,2006,2943.9004208856672
asm,2006,59.36024609681231
atg,2006,82.18550885551193
aus,2006,20573.312738444656
aut,2006,8347.06991915537
aze,2006,8588.11828579818
bdi,2006,7696.504217226218
bel,2006,10698.591516334622
ben,2006,8312.649529849166
bfa,2006,13990.329119934371
bgd,2006,141524.94887864357
bgr,2006,7693.141740786777
bhr,2006,943.9096551740715
bhs,2006,328.95767499717874
bih,2006,3796.081115605676
blr,2006,9470.536989304914
blz,2006,289.50258886350633
bmu,2006,66.74155650577228
bol,2006,9336.543703260833
bra,2006,186987.68986815945
brb,2006,275.7374303625082
brn,2006,371.8494053249871
btn,2006,660.2266971171838
bwa,2006,1857.3020658584771
caf,2006,4166.057373815983
can,2006,32627.42688876732
che,2006,7513.520789679333
chi,2006,154.14793016898935
chl,2006,16251.973705256154
chn,2006,1312963.8976723207
civ,2006,18973.46938506843
cmr,2006,18436.03675550813
cod,2006,57237.34795115951
cog,2006,3788.7835971253917
cok,2006,19.135724869811447
col,2006,42930.060250526665
com,2006,633.7248089802956
cpv,2006,474.6372967702205
cri,2006,4318.1695735012545
cub,2006,11190.6485445458
cym,2006,50.42189881177059
cyp,2006,1053.2961676983527
cze,2006,10382.462671484605
deu,2006,82079.20503607731
dji,2006,803.8221421523896
dma,2006,70.27465195448941
dnk,2006,5484.846662579776
dom,2006,9160.891853951245
dza,2006,34033.024809603296
ecu,2006,13971.242361131777
egy,2006,77769.48142282096
eri,2006,2952.2112083495126
esh,2006,457.62129120363454
esp,2006,45061.798822147204
est,2006,1342.7917736825643
eth,2006,79403.85054773527
fin,2006,5316.809017407389
fji,2006,831.4170392029371
flk,2006,2.9156060526948147
fra,2006,61967.175767394736
fro,2006,48.14805682471727
fsm,2006,105.82246589180993
gab,2006,1446.8177403724112
gbr,2006,61274.48327846414
geo,2006,4169.31659607779
gha,2006,22639.84093073318
gib,2006,33.66596114227436
gin,2006,9415.885589214076
glp,2006,399.2939382588485
gmb,2006,1609.9903079022176
gnb,2006,1393.6341239252656
gnq,2006,793.6378301405691
grc,2006,11268.559452239258
grd,2006,104.27514994118098
grl,2006,57.395441608657656
gtm,2006,13313.03187310141
guf,2006,208.57414942062533
gum,2006,159.32773314103372
guy,2006,741.66399733688
hkg,2006,6831.223759795033
hnd,2006,7586.436761034737
hrv,2006,4406.3627443346695
hti,2006,9286.200309179181
hun,2006,10137.523545391852
idn,2006,230300.7844555346
imn,2006,81.89058417720837
ind,2006,1118556
irl,2006,4262.141710076076
irn,2006,69486.7157988366
irq,2006,27032.619650314533
isl,2006,301.9529542916023
isr,2006,6579.506819585132
ita,2006,58978.769381481674
jam,2006,2737.1389641393885
jor,2006,5900.841235621259
jpn,2006,127617.4
kaz,2006,15475.535301273942
ken,2006,38087.76189682379
kgz,2006,5099.426910925384
khm,2006,13221.48163044057
kir,2006,94.74721602367848
kna,2006,47.04222049370138
kor,2006,48210.6
kwt,2006,2337.7398160472244
lao,2006,5871.12171722767
lbn,2006,4687.700787071771
lbr,2006,3368.0067127431043
lby,2006,5955.472456705034
lca,2006,164.3441869804776
lie,2006,35.230531201045416
lka,2006,19780.360110239475
lso,2006,2013.1280083927695
ltu,2006,3287.248178375793
lux,2006,469.0788570923293
lva,2006,2214.2302113669703
mac,2006,495.91469982167627
mar,2006,31163.653829067425
mco,2006,34.44472009618939
mda,2006,4126.073216405029
mdg,2006,19100.283139277006
mdv,2006,328.890129993178
mex,2006,106885.83269106352
mhl,2006,56.005935745020594
mkd,2006,2079.9284829864196
mli,2006,13357.238617463603
mlt,2006,409.35519822300205
mmr,2006,49512.282146467405
mne,2006,622.8904575123871
mng,2006,2510.2090866439266
mnp,2006,56.12142846671402
moz,2006,21325.75916196451
mrt,2006,3148.169430362191
msr,2006,4.86133088267997
mtq,2006,400.8110136328944
mus,2006,1242.4000749264512
mwi,2006,13124.883139310936
mys,2006,26314.224257348174
myt,2006,186.17553629157968
nam,2006,1994.2890038944959
ncl,2006,240.95798883394824
ner,2006,14308.792465495217
nga,2006,144199.3247550378
nic,2006,5479.195901814834
niu,2006,1.6648040545127185
nld,2006,16562.577932705553
nor,2006,4707.808433494367
npl,2006,26178.37669666968
nru,2006,9.870108424373955
nzl,2006,4195.474602128918
omn,2006,2541.690988553769
pak,2006,164725.38792639878
pan,2006,3370.4028351462885
per,2006,27925.877493786174
phl,2006,88265.23723286169
plw,2006,19.623719842518017
png,2006,6675.373864003777
pol,2006,38666.72208612952
pri,2006,3656.7500011223256
prk,2006,23597.552261942008
prt,2006,10621.375500781174
pry,2006,5876.137679362458
pse,2006,3582.622373140439
pyf,2006,262.1283068626217
qat,2006,1007.2294002749633
reu,2006,809.8687928819666
rom,2006,21407.1892603625
rus,2006,142704.90036861456
rwa,2006,9148.720138674924
sau,2006,24127.45935953572
sdn,2006,32030.782188838137
sen,2006,11514.906994552472
sgp,2006,4421.192947698679
shn,2006,5.324330398153484
slb,2006,483.13919623331026
sle,2006,5897.165828831658
slv,2006,6041.285794528563
smr,2006,29.921268992595053
som,2006,10889.338133067884
spm,2006,6.173111232679645
srb,2006,9220.3776839882
stp,2006,163.56508894240042
sur,2006,502.12718486585766
svk,2006,5442.627609700858
svn,2006,2018.733271026656
swe,2006,9163.932652054826
swz,2006,1048.1657098391865
syc,2006,90.56925769049758
syr,2006,18770.742668286348
tca,2006,29.206740795757774
tcd,2006,10578.982175652738
tgo,2006,5830.035562399914
tha,2006,66094.5122103189
tjk,2006,6888.8748811119485
tkl,2006,1.1696726861025541
tkm,2006,4786.684380493957
tls,2006,1020.7869399677725
ton,2006,102.14176306566722
tto,2006,1294.3949337437664
tun,2006,10320.090024371822
tur,2006,69269.05747753364
tuv,2006,10.163359509021614
twn,2006,22921.637609018177
tza,2006,40009.528523128996
uga,2006,28904.421976549937
ukr,2006,46380.42290975363
ury,2006,3304.553266270412
usa,2006,300468.0499988776
uzb,2006,26673.539575929655
vct,2006,107.92214183395193
ven,2006,26681.863715892978
vgb,2006,23.872394070854646
vir,2006,106.78829503568173
vnm,2006,83008.85934865265
vut,2006,215.2884760819134
wlf,2006,14.642457816000181
wsm,2006,181.65096981756855
yem,2006,20374.48044822119
zaf,2006,49054.5127386884
zmb,2006,12315.373483288431
zwe,2006,12297.140459012177
abw,2007,100.60807364947944
afg,2007,27301.097757131633
ago,2007,21126.956483787733
aia,2007,12.789953683206235
alb,2007,3062.917858846189
and,2007,83.16878405173647
ant,2007,190.62477750969515
are,2007,6055.306427457643
arg,2007,39443.60390120396
arm,2007,2912.808921227124
asm,2007,58.79693931496366
atg,2007,83.5163699242374
aus,2007,20814.602196558495
aut,2007,8362.481220259438
aze,2007,8665.312987014773
bdi,2007,7945.552203242139
bel,2007,10760.292868582828
ben,2007,8544.412445286558
bfa,2007,14403.090129218464
bgd,2007,143716.15643488214
bgr,2007,7648.892312855802
bhr,2007,1016.8539000417088
bhs,2007,335.3426859825356
bih,2007,3798.6526155971155
blr,2007,9416.476564567074
blz,2007,297.21136929753993
bmu,2007,66.51672053308113
bol,2007,9500.46565851353
bra,2007,188977.27383723058
brb,2007,277.00964341852483
brn,2007,377.73998715386523
btn,2007,669.7965188721969
bwa,2007,1895.3385636082023
caf,2007,4242.508230472044
can,2007,32942.97669855025
che,2007,7581.172032797454
chi,2007,155.54264538029508
chl,2007,16429.9369307093
chn,2007,1320350.5444681577
civ,2007,19374.44902723676
cmr,2007,18928.819975193575
cod,2007,59073.282633653514
cog,2007,3917.2052376695315
cok,2007,18.9085748607313
col,2007,43472.24151837827
com,2007,648.4210687529264
cpv,2007,480.0955595551343
cri,2007,4377.913281920525
cub,2007,11182.882286610406
cym,2007,51.96291409372256
cyp,2007,1069.949649146446
cze,2007,10456.265335006166
deu,2007,81754.36954506008
dji,2007,813.9886509898589
dma,2007,70.36561788953881
dnk,2007,5501.991660164704
dom,2007,9282.21943145019
dza,2007,34529.13640517957
ecu,2007,14209.846274426316
egy,2007,79061.37394678098
eri,2007,3028.2987994087143
esh,2007,467.1063198233906
esp,2007,45695.43093602055
est,2007,1335.2156269824225
eth,2007,81529.4831069878
fin,2007,5328.800140939749
fji,2007,842.3783549349688
flk,2007,2.9191866620746585
fra,2007,62231.97208421051
fro,2007,48.10540246328548
fsm,2007,105.21695416451752
gab,2007,1488.184058038778
gbr,2007,61815.47938225631
geo,2007,4138.720887332378
gha,2007,23207.360132328315
gib,2007,33.71351331650683
gin,2007,9619.052985573226
glp,2007,399.95441501039573
gmb,2007,1657.2301249218367
gnb,2007,1426.5051286598173
gnq,2007,830.3967499772231
grc,2007,11185.55770257849
grd,2007,104.55200714458064
grl,2007,57.260768343490895
gtm,2007,13617.232497262963
guf,2007,214.8738061084815
gum,2007,160.02257207854075
guy,2007,741.9465251567991
hkg,2007,6890.635601275441
hnd,2007,7761.158187323762
hrv,2007,4404.008342554921
hti,2007,9437.73743603134
hun,2007,10119.698494143759
idn,2007,234093.9669600873
imn,2007,82.89116583783438
ind,2007,1142532
irl,2007,4349.99677604235
irn,2007,70023.59529941806
irq,2007,27397.568134025296
isl,2007,306.9723165698453
isr,2007,6721.125908478835
ita,2007,59092.30522241825
jam,2007,2751.437295197462
jor,2007,6140.157544994251
jpn,2007,127461.8
kaz,2007,15596.04033434839
ken,2007,39116.20865078722
kgz,2007,5149.372768201837
khm,2007,13419.33677116646
kir,2007,97.24136316723201
kna,2007,47.48821938733506
kor,2007,48283.2
kwt,2007,2457.9349214837644
lao,2007,5988.944517889394
lbn,2007,4679.605586190079
lbr,2007,3498.6066995223227
lby,2007,6038.118780759782
lca,2007,166.62224475435264
lie,2007,35.423480576048604
lka,2007,19988.88815133794
lso,2007,2007.9830534719958
ltu,2007,3236.966430029677
lux,2007,477.69947121487127
lva,2007,2183.241475313596
mac,2007,508.24471259713226
mar,2007,31494.002919059127
mco,2007,34.727423315105725
mda,2007,4102.237995770779
mdg,2007,19639.522290829555
mdv,2007,337.64947062892236
mex,2007,108508.366813209
mhl,2007,56.46581419588841
mkd,2007,2085.113497611155
mli,2007,13796.167321657835
mlt,2007,410.2432745521361
mmr,2007,49988.70649008799
mne,2007,625.4605553587876
mng,2007,2544.4035666025234
mnp,2007,55.62765684970407
moz,2007,21903.04966201163
mrt,2007,3236.463164863028
msr,2007,4.880220126246706
mtq,2007,400.37978105386156
mus,2007,1246.9680248472298
mwi,2007,13483.226996686833
mys,2007,26918.118279163456
myt,2007,192.11098701046774
nam,2007,2027.7827255193251
ncl,2007,245.13180913988558
ner,2007,14841.06186628091
nga,2007,147891.15720772214
nic,2007,5556.150492428927
niu,2007,1.635008078321221
nld,2007,16603.43506738324
nor,2007,4747.07229683292
npl,2007,26577.82941881458
nru,2007,9.914837260993272
nzl,2007,4212.455511810915
omn,2007,2608.255544426762
pak,2007,169049.99513825148
pan,2007,3432.7279520397337
per,2007,28161.207863216798
phl,2007,90067.14125895784
plw,2007,19.29978177668249
png,2007,6858.90147319593
pol,2007,38718.91936203129
pri,2007,3667.3929408555146
prk,2007,23727.504478553783
prt,2007,10635.134329678403
pry,2007,5962.045656053288
pse,2007,3659.6439533550415
pyf,2007,264.6653078688694
qat,2007,1196.0098857569167
reu,2007,817.30240786221475
rom,2007,21234.68543303129
rus,2007,142298.48566162266
rwa,2007,9372.057331901955
sau,2007,24721.098541902134
sdn,2007,32703.638375250765
sen,2007,11810.96116735911
sgp,2007,4612.514867740461
shn,2007,5.240970765488414
slb,2007,495.7740998706706
sle,2007,6053.1221459708195
slv,2007,6068.777362329613
smr,2007,30.23926219035549
som,2007,11197.568499628667
spm,2007,6.223301449751899
srb,2007,9187.936865206586
stp,2007,168.0627532396304
sur,2007,508.0806118849119
svk,2007,5450.151958310471
svn,2007,2031.2973694464783
swe,2007,9216.662171281434
swz,2007,1053.7039434203673
syc,2007,91.04291830337837
syr,2007,19512.41371759732
tca,2007,30.2007104961316
tcd,2007,10932.693313604328
tgo,2007,5983.11385271813
tha,2007,66671.85774244595
tjk,2007,7014.965470886768
tkl,2007,1.1354499192723757
tkm,2007,4837.244452715624
tls,2007,1044.0619811618915
ton,2007,103.34016674151094
tto,2007,1300.5150518141809
tun,2007,10413.954437402308
tur,2007,69989.81290494837
tuv,2007,10.296642109795997
twn,2007,23096.89144206501
tza,2007,41112.6304421001
uga,2007,29798.888437969556
ukr,2007,46053.16023538218
ury,2007,3311.541451202105
usa,2007,304852.20705914445
uzb,2007,27020.95018860474
vct,2007,107.85982233402036
ven,2007,27082.34922894521
vgb,2007,24.895086252973776
vir,2007,106.46533173582807
vnm,2007,83792.2107155195
vut,2007,221.09623687713017
wlf,2007,14.063258772267497
wsm,2007,183.39325990802487
yem,2007,20890.830634872193
zaf,2007,49640.420541233405
zmb,2007,12635.487342871093
zwe,2007,12385.832801023196
abw,2008,100.77319593641481
afg,2008,28014.93154148541
ago,2008,21886.485571053152
aia,2008,12.987630562140007
alb,2008,3035.3556032642914
and,2008,84.23430923634204
ant,2008,193.87391655720273
are,2008,6931.312106751133
arg,2008,39848.909971022076
arm,2008,2880.3287459670764
asm,2008,58.09892536179495
atg,2008,84.90428593087883
aus,2008,21061.61575732658
aut,2008,8378.564617977663
aze,2008,8739.075901707449
bdi,2008,8197.585476041226
bel,2008,10826.61079577992
ben,2008,8773.425841304714
bfa,2008,14818.947178738303
bgd,2008,145827.5417089159
bgr,2008,7605.970282160794
bhr,2008,1089.7720325858822
bhs,2008,341.69806776596795
bih,2008,3795.1280543643497
blr,2008,9364.1358623996
blz,2008,305.0527269361925
bmu,2008,66.22370373066786
bol,2008,9665.364240897054
bra,2008,190922.40667304667
brb,2008,278.33079884780267
brn,2008,383.4264308025046
btn,2008,678.7030118801084
bwa,2008,1932.4904417564699
caf,2008,4310.957831369627
can,2008,33258.52093695489
che,2008,7656.662867178009
chi,2008,157.12749155480068
chl,2008,16611.856559819356
chn,2008,1327723.0987754161
civ,2008,19778.034743339926
cmr,2008,19422.02733569831
cod,2008,60942.618579276284
cog,2008,4046.774132412158
cok,2008,18.579235232375588
col,2008,43999.63758989068
com,2008,663.0104944330133
cpv,2008,485.07185800407314
cri,2008,4437.374160043721
cub,2008,11172.137180240446
cym,2008,53.52538306234168
cyp,2008,1086.3646490733086
cze,2008,10538.722290109265
deu,2008,81425.64716372866
dji,2008,823.5393161506047
dma,2008,70.41835028896044
dnk,2008,5522.136422737421
dom,2008,9403.504855623694
dza,2008,35036.125280593464
ecu,2008,14451.872317208179
egy,2008,80336.61952302244
eri,2008,3089.7215721294247
esh,2008,472.75545820045414
esp,2008,46273.335621909755
est,2008,1327.495834595307
eth,2008,83645.63031131297
fin,2008,5343.064940413422
fji,2008,854.2852160782775
flk,2008,2.915083273994832
fra,2008,62485.38765812422
fro,2008,48.03229910664993
fsm,2008,104.63607160537698
gab,2008,1531.8982519278788
gbr,2008,62420.99303880747
geo,2008,4103.774388906741
gha,2008,23771.110623516306
gib,2008,33.707986736095044
gin,2008,9824.461944162953
glp,2008,401.63424787835015
gmb,2008,1704.1452569626001
gnb,2008,1459.664367781894
gnq,2008,868.412614214703
grc,2008,11089.322963568364
grd,2008,104.84755175388781
grl,2008,57.09334825430967
gtm,2008,13925.615276675611
guf,2008,220.71515228300032
gum,2008,160.71489413898317
guy,2008,742.5080987158932
hkg,2008,6954.512711109341
hnd,2008,7934.907377559833
hrv,2008,4400.004952768786
hti,2008,9590.922240536518
hun,2008,10100.606686937981
idn,2008,237955.54385649515
imn,2008,83.87873763693271
ind,2008,1166508
irl,2008,4435.476468437484
irn,2008,70511.50748303851
irq,2008,27752.4262205379
isl,2008,312.2360596214297
isr,2008,6864.192792273149
ita,2008,59183.696434182966
jam,2008,2765.8254426765516
jor,2008,6410.195171956369
jpn,2008,127306.2
kaz,2008,15713.250106776584
ken,2008,40142.02203079759
kgz,2008,5205.658746490535
khm,2008,13618.722436685402
kir,2008,99.80358950212604
kna,2008,47.906987570750694
kor,2008,48355.8
kwt,2008,2596.7502778889316
lao,2008,6110.452307645178
lbn,2008,4658.433957045622
lbr,2008,3639.5975260450937
lby,2008,6112.045431843436
lca,2008,169.0300895276724
lie,2008,35.62847514872396
lka,2008,20194.948772825865
lso,2008,2004.6093230703136
ltu,2008,3182.7108706891727
lux,2008,487.5599779979801
lva,2008,2150.880794051945
mac,2008,520.678219656402
mar,2008,31814.233172837
mco,2008,35.02681586045789
mda,2008,4074.2897369356206
mdg,2008,20172.37743715874
mdv,2008,347.0777171321087
mex,2008,110175.90143086789
mhl,2008,56.76701164115823
mkd,2008,2089.8111946239706
mli,2008,14237.730935470594
mlt,2008,411.3089542760599
mmr,2008,50456.733874263235
mne,2008,628.081713530445
mng,2008,2581.6419544966784
mnp,2008,55.20165932456775
moz,2008,22472.558161986897
mrt,2008,3325.2342579966594
msr,2008,4.8727227577928645
mtq,2008,399.4334655195162
mus,2008,1250.1635067108189
mwi,2008,13848.651134417405
mys,2008,27523.528138652324
myt,2008,198.00057785694972
nam,2008,2061.369273512661
ncl,2008,249.29928324163367
ner,2008,15385.066778295535
nga,2008,151591.51078770487
nic,2008,5634.732684073357
niu,2008,1.6142549476529962
nld,2008,16641.658865706464
nor,2008,4792.20016000648
npl,2008,26948.086841275872
nru,2008,9.995416244929968
nzl,2008,4223.8733183953555
omn,2008,2689.5857411297065
pak,2008,173461.03155294273
pan,2008,3495.916599029238
per,2008,28397.521334665165
phl,2008,91861.58908675113
plw,2008,18.901452375408972
png,2008,7049.846608360802
pol,2008,38774.21598596631
pri,2008,3676.4150608560813
prk,2008,23845.940270850842
prt,2008,10642.352387638552
pry,2008,6046.20881780753
pse,2008,3741.171204184466
pyf,2008,266.84861076255714
qat,2008,1404.6112938560457
reu,2008,823.4989642796779
rom,2008,21056.200877762723
rus,2008,141904.31231800522
rwa,2008,9608.319165137334
sau,2008,25310.936836392128
sdn,2008,33351.665683862484
sen,2008,12110.303631657289
sgp,2008,4826.220693984584
shn,2008,5.188241804407576
slb,2008,508.67381670690014
sle,2008,6187.558914298993
slv,2008,6096.3856331799625
smr,2008,30.569113153738687
som,2008,11497.44647759914
spm,2008,6.279063045114175
srb,2008,9158.70246733137
stp,2008,172.62530382465962
sur,2008,514.139361493189
svk,2008,5458.131381038101
svn,2008,2045.0685101416243
swe,2008,9277.433550251702
swz,2008,1059.1811280048053
syc,2008,91.2446593363525
syr,2008,20202.99871679932
tca,2008,31.021974186625773
tcd,2008,11281.967486850264
tgo,2008,6136.934465831059
tha,2008,67233.33113585843
tjk,2008,7142.261684791606
tkl,2008,1.1117131933072013
tkm,2008,4889.442689340785
tls,2008,1066.5728604592744
ton,2008,104.47034030781671
tto,2008,1306.8590736424248
tun,2008,10506.046404783552
tur,2008,70731.23065664442
tuv,2008,10.422881725832342
twn,2008,23262.049978341318
tza,2008,42222.123651591224
uga,2008,30699.437078727395
ukr,2008,45725.49150888689
ury,2008,3320.9489660799095
usa,2008,309237.98493914393
uzb,2008,27367.6908104555
vct,2008,107.7676061794413
ven,2008,27476.381864301213
vgb,2008,25.946428445239818
vir,2008,106.14005115913791
vnm,2008,84596.59656255077
vut,2008,227.07613101817242
wlf,2008,13.405720904729284
wsm,2008,185.19765112674153
yem,2008,21403.706165560834
zaf,2008,50217.36971485409
zmb,2008,12961.555603963616
zwe,2008,12488.4490844861
abw,2009,100.90621686711978
afg,2009,28780.45214637579
ago,2009,22654.791355849204
aia,2009,13.186285774227725
alb,2009,3009.5142302096983
and,2009,84.724637930956
ant,2009,196.9657924174639
are,2009,7712.358081150517
arg,2009,40263.81139730554
arm,2009,2851.4492198298094
asm,2009,57.45283017053216
atg,2009,86.27677973835861
aus,2009,21308.46802276061
aut,2009,8398.598690466972
aze,2009,8811.159478319427
bdi,2009,8450.07737158879
bel,2009,10893.580437018649
ben,2009,9000.531417325528
bfa,2009,15235.59273727043
bgd,2009,147906.6489019703
bgr,2009,7565.180152879191
bhr,2009,1154.389419289321
bhs,2009,347.71294703674084
bih,2009,3781.7615370425106
blr,2009,9313.468515177497
blz,2009,312.9529906690018
bmu,2009,65.87743593618038
bol,2009,9831.312949287714
bra,2009,192837.75096206742
brb,2009,279.5834723396071
brn,2009,389.11995165125904
btn,2009,687.5355242271207
bwa,2009,1965.6896706614216
caf,2009,4364.695872584845
can,2009,33574.09231438813
che,2009,7737.793058337089
chi,2009,158.66798217731736
chl,2009,16794.846449899185
chn,2009,1335069.8488304692
civ,2009,20184.33500325009
cmr,2009,19913.426766511253
cod,2009,62838.31202250292
cog,2009,4171.262151050486
cok,2009,18.22366040571897
col,2009,44507.995207129476
com,2009,677.4537276987963
cpv,2009,489.70828621808914
cri,2009,4496.28673638424
cub,2009,11165.982288285895
cym,2009,55.0227561926253
cyp,2009,1101.4844913528757
cze,2009,10616.798558632421
deu,2009,81150.5618359928
dji,2009,832.9893965778055
dma,2009,70.4677578360091
dnk,2009,5543.506889004416
dom,2009,9524.93519887014
dza,2009,35554.397755247184
ecu,2009,14694.507241937601
egy,2009,81641.15569086887
eri,2009,3139.3912444701673
esh,2009,477.0024818244109
esp,2009,46727.86519728346
est,2009,1319.1827349465675
eth,2009,85765.85303601756
fin,2009,5358.810528661128
fji,2009,865.2305204079275
flk,2009,2.9012215721392574
fra,2009,62736.63684278308
fro,2009,47.95609308458312
fsm,2009,104.37353680663601
gab,2009,1578.7195910164653
gbr,2009,63023.23789473579
geo,2009,4067.2277588087845
gha,2009,24321.78947108059
gib,2009,33.66897306693509
gin,2009,10026.656688118414
glp,2009,403.2548796642844
gmb,2009,1751.1399829275424
gnb,2009,1493.182067131662
gnq,2009,907.225828426068
grc,2009,10993.220134104447
grd,2009,105.21677370416178
grl,2009,56.90372424075953
gtm,2009,14238.824493664411
guf,2009,226.30920689906296
gum,2009,161.38849984533553
guy,2009,743.6734972495103
hkg,2009,7018.68780441639
hnd,2009,8106.686410577085
hrv,2009,4394.512226205927
hti,2009,9745.047110048941
hun,2009,10081.597537411253
idn,2009,241861.34610440116
imn,2009,84.63736843425336
ind,2009,1190484
irl,2009,4508.49868289268
irn,2009,71036.5075625516
irq,2009,28222.925496892538
isl,2009,317.0410536416397
isr,2009,7003.8539080451155
ita,2009,59288.71432234067
jam,2009,2780.7139583767935
jor,2009,6714.7646297877145
jpn,2009,127150.6
kaz,2009,15839.460721429294
ken,2009,41157.05777325698
kgz,2009,5267.025658295609
khm,2009,13823.36797985064
kir,2009,102.30076299969676
kna,2009,48.33612176359129
kor,2009,48428.4
kwt,2009,2747.9963304792627
lao,2009,6232.129439190375
lbn,2009,4688.396600019243
lbr,2009,3777.5623319753463
lby,2009,6172.265847624328
lca,2009,171.28943447905215
lie,2009,35.83767021487829
lka,2009,20396.811875859526
lso,2009,2002.551295144958
ltu,2009,3127.0802014770516
lux,2009,498.06507343977586
lva,2009,2117.5729564545304
mac,2009,533.549208788669
mar,2009,32128.354628236055
mco,2009,35.3351182855908
mda,2009,4045.5305801680147
mdg,2009,20697.487697210974
mdv,2009,358.1976126282258
mex,2009,111855.55538259576
mhl,2009,57.01394945737583
mkd,2009,2094.4170135695235
mli,2009,14672.430874658128
mlt,2009,412.8268495052366
mmr,2009,50932.83349960153
mne,2009,630.579723251222
mng,2009,2622.527638143708
mnp,2009,54.929012674552325
moz,2009,23037.59459174709
mrt,2009,3414.587073869287
msr,2009,4.8645439524624985
mtq,2009,397.79342482613174
mus,2009,1251.7546775557346
mwi,2009,14216.328017230382
mys,2009,28111.718555703057
myt,2009,203.7627848194711
nam,2009,2094.031678042121
ncl,2009,253.48148533418373
ner,2009,15942.009098046225
nga,2009,155288.0661887629
nic,2009,5714.44771151422
niu,2009,1.5948886754386886
nld,2009,16677.875904597546
nor,2009,4841.799949655578
npl,2009,27248.648990677226
nru,2009,10.073984776121927
nzl,2009,4235.406155654222
omn,2009,2801.709499060039
pak,2009,177909.47911113087
pan,2009,3559.854566103673
per,2009,28636.911828989803
phl,2009,93669.26459303012
plw,2009,18.533334503610963
png,2009,7241.811515524832
pol,2009,38822.325424213486
pri,2009,3682.478561563562
prk,2009,23959.942877653757
prt,2009,10636.903794555976
pry,2009,6130.630283326144
pse,2009,3828.8904403572383
pyf,2009,268.856500433187
qat,2009,1612.096413607956
reu,2009,828.6615542797766
rom,2009,20891.128430297693
rus,2009,141508.44718743896
rwa,2009,9843.823714923914
sau,2009,25940.732928241447
sdn,2009,33994.6307124017
sen,2009,12412.066562413154
sgp,2009,5034.067192360803
shn,2009,5.1740909315192685
slb,2009,522.1778399182283
sle,2009,6311.881778536093
slv,2009,6124.378285107953
smr,2009,30.911457590665023
som,2009,11790.821453818728
spm,2009,6.307685611878707
srb,2009,9134.033926045691
stp,2009,176.97363218045177
sur,2009,520.2814253765304
svk,2009,5467.401405237926
svn,2009,2058.749835003473
swe,2009,9341.935807329754
swz,2009,1064.0665918088073
syc,2009,91.36869015243342
syr,2009,20656.764138327915
tca,2009,31.76126489019371
tcd,2009,11632.293224373725
tgo,2009,6289.846108114207
tha,2009,67774.97918436422
tjk,2009,7271.312408361385
tkl,2009,1.103098678466808
tkm,2009,4944.415387821293
tls,2009,1088.867103666157
ton,2009,105.30096371780932
tto,2009,1313.7849198786114
tun,2009,10591.384261638817
tur,2009,71542.32867651217
tuv,2009,10.565571718109966
twn,2009,23418.336317859823
tza,2009,43342.655364676466
uga,2009,31607.130875667288
ukr,2009,45387.682888665666
ury,2009,3331.557172052499
usa,2009,313626.7214384365
uzb,2009,27709.384302806164
vct,2009,107.70126170114631
ven,2009,27879.385670082163
vgb,2009,26.892742574245247
vir,2009,105.83640381710067
vnm,2009,85422.31267388261
vut,2009,233.3740590348873
wlf,2009,12.804173825542788
wsm,2009,187.06251477431917
yem,2009,21933.414552190094
zaf,2009,50792.03517411482
zmb,2009,13297.61393595228
zwe,2009,12605.148099617285
abw,2010,101.16068620813687
afg,2010,29662.94502083758
ago,2010,23425.292846750166
aia,2010,13.37081412490477
alb,2010,2988.5031471215434
and,2010,84.59958448034526
ant,2010,199.68561660314134
are,2010,8306.098926574705
arg,2010,40691.28579328788
arm,2010,2829.6234447425727
asm,2010,56.99638158842163
atg,2010,87.58788702091957
aus,2010,21551.082682736902
aut,2010,8424.945125470937
aze,2010,8882.735424651539
bdi,2010,8701.24922780191
bel,2010,10958.24431478108
ben,2010,9226.45428756411
bfa,2010,15651.349885683001
bgd,2010,149989.57758439708
bgr,2010,7526.9629088384445
bhr,2010,1205.464371883269
bhs,2010,353.1673989523701
bih,2010,3756.3528960156555
blr,2010,9264.414913095252
blz,2010,320.8517789829805
bmu,2010,65.50559781152288
bol,2010,9998.350134497457
bra,2010,194735.12690091212
brb,2010,280.72043160243396
brn,2010,395.0037575351506
btn,2010,696.7169629987659
bwa,2010,1992.9793744354931
caf,2010,4399.736372478374
can,2010,33889.694975366954
che,2010,7822.598969106324
chi,2010,160.01882825591144
chl,2010,16977.228557485945
chn,2010,1342382.6333335983
civ,2010,20593.650484657457
cmr,2010,20401.37474538165
cod,2010,64754.720740003424
cog,2010,4286.365207115665
cok,2010,17.88994377297069
col,2010,44996.6003814802
com,2010,691.7309003365017
cpv,2010,494.110407217104
cri,2010,4554.492515063875
cub,2010,11169.706285861585
cym,2010,56.38865739593714
cyp,2010,1114.5959441538191
cze,2010,10681.197942723918
deu,2010,80971.12794695064
dji,2010,842.6818333414452
dma,2010,70.52363175658581
dnk,2010,5564.749070482053
dom,2010,9646.648370997238
dza,2010,36083.81326587226
ecu,2010,14936.06602278599
egy,2010,83005.89770435324
eri,2010,3179.8075909367612
esh,2010,481.6938088715151
esp,2010,47014.69962037265
est,2010,1310.0195773791593
eth,2010,87899.0494353691
fin,2010,5375.349946264798
fji,2010,873.883536164937
flk,2010,2.8864958904858415
fra,2010,62991.65307249824
fro,2010,47.89925910719165
fsm,2010,104.59449393972893
gab,2010,1628.9413600165374
gbr,2010,63572.965790032926
geo,2010,4031.1507457882963
gha,2010,24852.873689799908
gib,2010,33.644886792885586
gin,2010,10222.30659608649
glp,2010,404.0407696468377
gmb,2010,1798.4971314149118
gnb,2010,1527.1001796765179
gnq,2010,946.4286305519508
grc,2010,10907.051192706045
grd,2010,105.70186760909425
grl,2010,56.73899354400638
gtm,2010,14557.269405926989
guf,2010,231.83706152188284
gum,2010,162.05230239455585
guy,2010,745.6890500455522
hkg,2010,7080.2913737272565
hnd,2010,8275.885203115915
hrv,2010,4387.5962717256
hti,2010,9899.578444026327
hun,2010,10063.685557283641
idn,2010,245790.3172181458
imn,2010,85.00831200190241
ind,2010,1214460
irl,2010,4562.441996827796
irn,2010,71658.43740217485
irq,2010,28893.583818808944
isl,2010,320.8991900131444
isr,2010,7136.888055835755
ita,2010,59431.01425240473
jam,2010,2796.408562693843
jor,2010,7054.403034621844
jpn,2010,126995
kaz,2010,15982.874922418187
ken,2010,42154.9290860729
kgz,2010,5332.4109690526275
khm,2010,14035.882409772756
kir,2010,104.61075567951413
kna,2010,48.77093504586488
kor,2010,48501
kwt,2010,2906.540275943783
lao,2010,6351.393444052299
lbn,2010,4811.774549316214
lbr,2010,3902.859811930322
lby,2010,6215.984826519989
lca,2010,173.21462843682446
lie,2010,36.05818237972678
lka,2010,20593.193418146566
lso,2010,2001.4804315903566
ltu,2010,3072.0344149056687
lux,2010,508.7946377356519
lva,2010,2083.7379385986374
mac,2010,547.0235828409691
mar,2010,32439.004066893194
mco,2010,35.67550121983748
mda,2010,4018.3485372032696
mdg,2010,21214.169485500137
mdv,2010,371.71694616273106
mex,2010,113522.5332067746
mhl,2010,57.28807654581882
mkd,2010,2099.174937025122
mli,2010,15093.842614053565
mlt,2010,414.99167153828296
mmr,2010,51428.58345217058
mne,2010,632.8470986044891
mng,2010,2667.3822622814196
mnp,2010,54.853897371720315
moz,2010,23601.13915973364
mrt,2010,3504.5247056676058
msr,2010,4.874506503788396
mtq,2010,395.36673980469277
mus,2010,1251.6442640039886
mwi,2010,14582.594693433306
mys,2010,28669.48281387958
myt,2010,209.3350220916495
nam,2010,2125.1379162287003
ncl,2010,257.67438140779564
ner,2010,16512.696734792735
nga,2010,158971.77169957588
nic,2010,5794.946462744718
niu,2010,1.5739181678357117
nld,2010,16712.66499449476
nor,2010,4894.59020973203
npl,2010,27455.11401916814
nru,2010,10.16866915943862
nzl,2010,4251.001221488545
omn,2010,2954.6768583356857
pak,2010,182359.80143728596
pan,2010,3624.4746831527746
per,2010,28882.544540283598
phl,2010,95503.95780087494
plw,2010,18.248721115214433
png,2010,7430.097658246891
pol,2010,38856.098187490235
pri,2010,3684.2007762749236
prk,2010,24074.865254427208
prt,2010,10614.952266215563
pry,2010,6216.781817881196
pse,2010,3923.9737336975363
pyf,2010,270.81386715424463
qat,2010,1803.3751277863362
reu,2010,832.9742198206895
rom,2010,20752.969020745168
rus,2010,141100.9059284158
rwa,2010,10069.016769112086
sau,2010,26639.261689865547
sdn,2010,34647.13661261281
sen,2010,12715.627744905578
sgp,2010,5215.1114910719625
shn,2010,5.1983222314367685
slb,2010,536.496139047519
sle,2010,6434.600202770905
slv,2010,6152.9575231913595
smr,2010,31.28468571252119
som,2010,12079.487700506148
spm,2010,6.30502463304575
srb,2010,9114.715480703226
stp,2010,180.90422134024337
sur,2010,526.4855074211182
svk,2010,5478.501906860996
svn,2010,2071.394644861961
swe,2010,9406.911994228878
swz,2010,1067.9849218515212
syc,2010,91.53379898318451
syr,2010,20753.161196930447
tca,2010,32.49671002525598
tcd,2010,11987.469473655361
tgo,2010,6440.663073287795
tha,2010,68294.25376224035
tjk,2010,7402.616998745907
tkl,2010,1.1089411071277573
tkm,2010,5002.8853850404475
tls,2010,1111.4116546963314
ton,2010,105.68707958154766
tto,2010,1321.5066726856596
tun,2010,10666.684414808899
tur,2010,72455.9572228791
tuv,2010,10.702257496140795
twn,2010,23566.87003864169
tza,2010,44477.624309177394
uga,2010,32524.032691654294
ukr,2010,45033.02256293512
ury,2010,3342.479656157127
usa,2010,318019.79922372504
uzb,2010,28043.218237027497
vct,2010,107.7137582297638
ven,2010,28297.74902987381
vgb,2010,27.655038531597203
vir,2010,105.55659756427835
vnm,2010,86269.23673992035
vut,2010,240.07511352525293
wlf,2010,12.343292726617642
wsm,2010,188.99089070749145
yem,2010,22494.36095822508
zaf,2010,51368.37402814907
zmb,2010,13646.20665787632
zwe,2010,12735.260613452825
abw,2011,101.6192623405285
afg,2011,30670.907702640452
ago,2011,24143.660392906106
aia,2011,13.563043657546578
alb,2011,2970.5361084254023
and,2011,83.59409496728041
ant,2011,199.84975540303705
are,2011,8676.398650142637
arg,2011,41147.705246083206
arm,2011,2818.1317989918402
asm,2011,56.78373313775419
atg,2011,88.87976032063177
aus,2011,21777.518083918676
aut,2011,8438.066622087954
aze,2011,8960.565937187026
bdi,2011,8929.92607120724
bel,2011,10993.743938740088
ben,2011,9430.75379729225
bfa,2011,16030.786523136665
bgd,2011,152016.4653170051
bgr,2011,7484.329075689988
bhr,2011,1239.5243126187745
bhs,2011,358.07431074106336
bih,2011,3713.611365722632
blr,2011,9224.14815645886
blz,2011,328.8560094227025
bmu,2011,64.95918077400592
bol,2011,10170.245299156752
bra,2011,196688.56642937261
brb,2011,281.8036002583064
brn,2011,400.92315736537904
btn,2011,706.03935897234
bwa,2011,2008.995773767039
caf,2011,4404.589582733909
can,2011,34118.549060929436
che,2011,7892.555436654763
chi,2011,160.70405031275405
chl,2011,17161.508345348528
chn,2011,1349625.990567608
civ,2011,20961.802191921473
cmr,2011,20839.92389449353
cod,2011,66542.92975358879
cog,2011,4380.872223751492
cok,2011,17.58105971940015
col,2011,45471.79476120027
com,2011,704.3227259633944
cpv,2011,497.27106921747355
cri,2011,4613.7112839330275
cub,2011,11189.681302385283
cym,2011,57.63596481728934
cyp,2011,1122.779283130511
cze,2011,10717.853592713105
deu,2011,80708.00601869292
dji,2011,850.9600601838955
dma,2011,70.61944229211257
dnk,2011,5572.784614759181
dom,2011,9772.173951080493
dza,2011,36544.89353503629
ecu,2011,15180.13687243581
egy,2011,84260.52259904795
eri,2011,3203.754368235831
esh,2011,486.09969771678254
esp,2011,46998.27372947356
est,2011,1300.7507471507965
eth,2011,89853.36253278425
fin,2011,5380.196884058534
fji,2011,879.3173764604945
flk,2011,2.8609856408319616
fra,2011,63106.79603903374
fro,2011,47.73568490358163
fsm,2011,105.35119340556092
gab,2011,1679.2793279259959
gbr,2011,63905.02796367074
geo,2011,3998.154649765198
gha,2011,25307.001187164424
gib,2011,33.55063130667641
gin,2011,10387.34397470767
glp,2011,403.94368790361193
gmb,2011,1842.2715021761067
gnb,2011,1558.0200562589073
gnq,2011,983.7156669556033
grc,2011,10809.30729858003
grd,2011,106.34939871155245
grl,2011,56.44874752038451
gtm,2011,14886.287855431417
guf,2011,237.38712182529983
gum,2011,162.6268030673836
guy,2011,748.8831568059793
hkg,2011,7135.356386693756
hnd,2011,8445.206389008017
hrv,2011,4374.87240240822
hti,2011,10058.082313890665
hun,2011,10037.408678785943
idn,2011,249620.70326952107
imn,2011,84.7310153843429
ind,2011,1229912
irl,2011,4582.722573641515
irn,2011,72379.43229927981
irq,2011,29796.75825665796
isl,2011,322.8834020973415
isr,2011,7260.834190176299
ita,2011,59480.27843572295
jam,2011,2814.1114831223895
jor,2011,7431.269013483952
jpn,2011,126869.8
kaz,2011,16155.837855672606
ken,2011,43041.00469462198
kgz,2011,5405.884244378713
khm,2011,14257.548915881283
kir,2011,106.65268035744401
kna,2011,49.24022171326766
kor,2011,48574
kwt,2011,3072.3188370036364
lao,2011,6464.22193012814
lbn,2011,5044.816850180451
lbr,2011,4004.6710302356278
lby,2011,6227.577585161566
lca,2011,174.8099071821113
lie,2011,36.226736344555725
lka,2011,20773.37846911314
lso,2011,1997.417699351002
ltu,2011,3020.796542026157
lux,2011,518.358850766875
lva,2011,2051.100634056392
mac,2011,560.9551335521694
mar,2011,32677.635258681432
mco,2011,35.95822748398521
mda,2011,3996.339273704276
mdg,2011,21674.840122759553
mdv,2011,387.487697775243
mex,2011,115211.65574739363
mhl,2011,57.56992087394648
mkd,2011,2102.1697347197005
mli,2011,15465.267116169009
mlt,2011,416.95133897527757
mmr,2011,51927.71728792539
mne,2011,634.2252906909366
mng,2011,2716.278693780505
mnp,2011,55.0046269523553
moz,2011,24110.598835079447
mrt,2011,3587.207433587827
msr,2011,4.896438007647322
mtq,2011,391.1625102700743
mus,2011,1247.1026552230333
mwi,2011,14914.548505493154
mys,2011,29177.503362627314
myt,2011,214.24471615066673
nam,2011,2149.841578727344
ncl,2011,261.7781118383089
ner,2011,17060.355950155783
nga,2011,162287.49864955913
nic,2011,5878.353573362708
niu,2011,1.5653375512738799
nld,2011,16707.63245516458
nor,2011,4939.29535325973
npl,2011,27538.18074569668
nru,2011,10.255065418985001
nzl,2011,4269.581852091213
omn,2011,3152.8570637971557
pak,2011,186709.5807644581
pan,2011,3690.983167764626
per,2011,29141.939988423357
phl,2011,97326.42649907325
plw,2011,18.071115775559964
png,2011,7609.522300762097
pol,2011,38835.18563278225
pri,2011,3666.859872627461
prk,2011,24191.727049915313
prt,2011,10550.082456270362
pry,2011,6307.488473851118
pse,2011,3898.512567550683
pyf,2011,272.617726169955
qat,2011,1974.345442639795
reu,2011,834.6730039735098
rom,2011,20627.98612639276
rus,2011,140785.23014951285
rwa,2011,10260.607172354736
sau,2011,27413.321137029216
sdn,2011,35237.299802080764
sen,2011,12992.372839122892
sgp,2011,5360.370558264602
shn,2011,5.2632141985945085
slb,2011,551.4730169567206
sle,2011,6542.374613027162
slv,2011,6184.596543477367
smr,2011,31.603193436888066
som,2011,12336.955141908977
spm,2011,6.250939070565137
srb,2011,9092.15059048316
stp,2011,183.93737439042667
sur,2011,532.9409795596271
svk,2011,5486.405298757275
svn,2011,2080.666102428613
swe,2011,9449.425707997936
swz,2011,1068.6248687427774
syc,2011,91.59089208512482
syr,2011,20444.706647830473
tca,2011,33.237423506456096
tcd,2011,12321.692817553925
tgo,2011,6574.973645969706
tha,2011,68759.23395475789
tjk,2011,7541.217152027082
tkl,2011,1.1121626676026146
tkm,2011,5069.02862718542
tls,2011,1133.6083740028373
ton,2011,105.46525172998258
tto,2011,1330.590348623588
tun,2011,10707.730177196661
tur,2011,73309.1575245169
tuv,2011,10.828412174783269
twn,2011,23696.395957694993
tza,2011,45528.31001099937
uga,2011,33370.3450214983
ukr,2011,44693.56324910261
ury,2011,3354.8457357850975
usa,2011,320949.3401273726
uzb,2011,28388.650982780182
vct,2011,107.86304235028011
ven,2011,28767.070208201516
vgb,2011,28.200575134953123
vir,2011,105.35059307362886
vnm,2011,87136.45477281512
vut,2011,247.11245174905338
wlf,2011,12.041504051836476
wsm,2011,190.9142859018569
yem,2011,23088.104731609164
zaf,2011,51838.42835155873
zmb,2011,13978.621427911572
zwe,2011,12853.32928629726
abw,2012,102.21870889082652
afg,2012,31790.195109818447
ago,2012,24861.781348198027
aia,2012,13.749094082965598
alb,2012,2957.8131317397124
and,2012,81.99119250913655
ant,2012,200.02116291527963
are,2012,8846.603063353601
arg,2012,41616.24633973677
arm,2012,2813.4796069236345
asm,2012,56.79032887309802
atg,2012,90.108144033841
aus,2012,21999.870477502966
aut,2012,8457.274081470618
aze,2012,9037.415829100046
bdi,2012,9155.343465141064
bel,2012,11026.747568280987
ben,2012,9633.866737971135
bfa,2012,16408.794048050815
bgd,2012,154052.95021350533
bgr,2012,7444.027369591957
bhr,2012,1257.9957124104078
bhs,2012,362.3740937340314
bih,2012,3659.053621141504
blr,2012,9186.032367159456
blz,2012,336.8752301589251
bmu,2012,64.39472296048594
bol,2012,10343.14198525075
bra,2012,198624.1263857264
brb,2012,282.75692210448875
brn,2012,407.0403744902456
btn,2012,715.7385115259844
bwa,2012,2019.560883746469
caf,2012,4392.922880091047
can,2012,34347.44496518123
che,2012,7965.672091759687
chi,2012,161.1991785854227
chl,2012,17342.443492515275
chn,2012,1356832.7749318867
civ,2012,21335.94666659377
cmr,2012,21274.630738713273
cod,2012,68344.09097282027
cog,2012,4465.9825365483675
cok,2012,17.30005967400493
col,2012,45922.39084611754
com,2012,716.7744138814725
cpv,2012,500.2818471763694
cri,2012,4672.399641967577
cub,2012,11219.643493854903
cym,2012,58.761804200325166
cyp,2012,1129.0447922734713
cze,2012,10740.033062117891
deu,2012,80544.51005518461
dji,2012,859.6260788784463
dma,2012,70.72884824919562
dnk,2012,5581.237070657573
dom,2012,9897.868678073823
dza,2012,37017.39595484763
ecu,2012,15422.607502596016
egy,2012,85574.98859969135
eri,2012,3218.237120365609
esh,2012,490.912609419716
esp,2012,46814.22849950919
est,2012,1290.7000136665297
eth,2012,91817.92104445556
fin,2012,5386.141063761841
fji,2012,882.5256077734031
flk,2012,2.813605842422028
fra,2012,63228.14466988122
fro,2012,47.59004480588423
fsm,2012,106.61487253151743
gab,2012,1732.5287102660036
gbr,2012,64184.154195883624
geo,2012,3964.407656027903
gha,2012,25741.589608851584
gib,2012,33.468107090667
gin,2012,10547.602095777112
glp,2012,403.1021097257898
gmb,2012,1886.3368977505459
gnb,2012,1589.2443294690238
gnq,2012,1021.0815526866656
grc,2012,10724.123106992427
grd,2012,107.08844964395229
grl,2012,56.17143218837203
gtm,2012,15219.954128193016
guf,2012,242.85514743167053
gum,2012,163.224629643778
guy,2012,752.8852425645617
hkg,2012,7189.049444711104
hnd,2012,8611.937187447198
hrv,2012,4360.324560601892
hti,2012,10216.817760630267
hun,2012,10012.342636818306
idn,2012,253465.3385572695
imn,2012,84.08605767982385
ind,2012,1245364
irl,2012,4583.83356592158
irn,2012,73102.25874345764
irq,2012,30860.94255346441
isl,2012,323.93021489300037
isr,2012,7369.222802067673
ita,2012,59562.87665578342
jam,2012,2832.6741764557582
jor,2012,7828.9045601680755
jpn,2012,126744.6
kaz,2012,16340.58608711063
ken,2012,43908.738668074024
kgz,2012,5483.670685100909
khm,2012,14488.160436973089
kir,2012,108.51648700722933
kna,2012,49.7209899613559
kor,2012,48647
kwt,2012,3240.7878458554615
lao,2012,6574.577004913976
lbn,2012,5358.9171171930675
lbr,2012,4095.114399856655
lby,2012,6224.124655507178
lca,2012,176.05817132146
lie,2012,36.42140941344505
lka,2012,20946.936364808094
lso,2012,1995.2396812756467
ltu,2012,2970.849024434894
lux,2012,528.0502563701541
lva,2012,2018.260072656626
mac,2012,575.4209910225687
mar,2012,32916.007670989056
mco,2012,36.26722892842295
mda,2012,3975.822589199144
mdg,2012,22127.56606093121
mdv,2012,405.2530201117867
mex,2012,116883.89928200727
mhl,2012,57.8615172848456
mkd,2012,2105.3962214281155
mli,2012,15822.838433258596
mlt,2012,419.5788142366747
mmr,2012,52451.20374268623
mne,2012,635.3150975411171
mng,2012,2768.837669668131
mnp,2012,55.40696555278397
moz,2012,24618.918862797356
mrt,2012,3670.217190140842
msr,2012,4.9135943333831396
mtq,2012,386.30368143048696
mus,2012,1241.1992281877006
mwi,2012,15245.077683365347
mys,2012,29654.768768846352
myt,2012,218.97399872985184
nam,2012,2173.2660908117873
ncl,2012,265.9128315116607
ner,2012,17620.751788160756
nga,2012,165589.3395417906
nic,2012,5962.617820064361
niu,2012,1.5464491741240318
nld,2012,16703.058294280025
nor,2012,4987.200550836383
npl,2012,27533.789188920702
nru,2012,10.344619519162409
nzl,2012,4292.07555109239
omn,2012,3385.1500402227066
pak,2012,191059.3370813268
pan,2012,3758.0784070805535
per,2012,29408.597629439675
phl,2012,99174.33967329063
plw,2012,17.995965317359456
png,2012,7784.990324984997
pol,2012,38800.52432411004
pri,2012,3647.3521689176237
prk,2012,24310.195322851006
prt,2012,10470.653373754523
pry,2012,6400.14399361991
pse,2012,4151.564687587042
pyf,2012,274.42622893645455
qat,2012,2125.2072536511278
reu,2012,835.7098667101467
rom,2012,20530.92054278855
rus,2012,140461.51548853674
rwa,2012,10446.24757894182
sau,2012,28214.09168068332
sdn,2012,35838.95140982053
sen,2012,13270.6034095083
sgp,2012,5477.829017482652
shn,2012,5.360922977649735
slb,2012,567.2840398110461
sle,2012,6646.776099926851
slv,2012,6217.164929996014
smr,2012,31.935254655705407
som,2012,12590.844515159613
spm,2012,6.155034818769245
srb,2012,9074.232156605998
stp,2012,186.556950993927
sur,2012,539.4438874182468
svk,2012,5496.122911226301
svn,2012,2088.69436428862
swe,2012,9492.357307320399
swz,2012,1068.7070259884795
syc,2012,91.69515155140347
syr,2012,19779.30835064721
tca,2012,33.95263784199392
tcd,2012,12659.41264102465
tgo,2012,6707.400870762944
tha,2012,69204.85370871394
tjk,2012,7681.654012950572
tkl,2012,1.120935519380587
tkm,2012,5138.67086419237
tls,2012,1155.8571841709954
ton,2012,104.8101751025827
tto,2012,1340.3438170032412
tun,2012,10740.661666127196
tur,2012,74256.35546070072
tuv,2012,10.955707003578413
twn,2012,23818.023281405796
tza,2012,46591.738030114946
uga,2012,34219.90217055704
ukr,2012,44338.75900431905
ury,2012,3367.7307125037105
usa,2012,323881.0478310824
uzb,2012,28726.976698621464
vct,2012,108.07415852746463
ven,2012,29263.132313709124
vgb,2012,28.554660781222502
vir,2012,105.18281224731362
vnm,2012,88026.03163862116
vut,2012,254.53375004058202
wlf,2012,11.886527037133476
wsm,2012,192.90471008470422
yem,2012,23683.445589238243
zaf,2012,52314.70451468602
zmb,2012,14323.338568553761
zwe,2012,12986.573511326733
abw,2013,102.91035664843918
afg,2013,32973.7144831066
ago,2013,25578.321834272974
aia,2013,13.920366780138625
alb,2013,2949.4585980484276
and,2013,80.07660950069304
ant,2013,200.2052808326817
are,2013,8895.142116907291
arg,2013,42094.32523045241
arm,2013,2813.3869766879543
asm,2013,56.92866292772798
atg,2013,91.29541968261191
aus,2013,22219.37482222089
aut,2013,8482.316158257921
aze,2013,9112.735641271824
bdi,2013,9379.869610319136
bel,2013,11057.706973286151
ben,2013,9836.362337854507
bfa,2013,16785.703621096294
bgd,2013,156094.68658452705
bgr,2013,7404.740953075004
bhr,2013,1271.741183346256
bhs,2013,366.28401535736845
bih,2013,3598.321409674235
blr,2013,9149.668294851028
blz,2013,344.8817257700748
bmu,2013,63.830101014084
bol,2013,10516.96678905672
bra,2013,200551.35667333184
brb,2013,283.61076351772175
brn,2013,413.24550445846876
btn,2013,725.7344384937219
bwa,2013,2027.865953462479
caf,2013,4373.151170546195
can,2013,34576.3529512147
che,2013,8038.867173778204
chi,2013,161.63035456674166
chl,2013,17529.1545305843
chn,2013,1364009.1013895278
civ,2013,21716.09938705248
cmr,2013,21706.061069697033
cod,2013,70158.89821473247
cog,2013,4545.029580286189
cok,2013,17.038898885782334
col,2013,46383.42526754822
com,2013,729.0364848828708
cpv,2013,503.1428824698949
cri,2013,4730.677135635863
cub,2013,11255.528338734846
cym,2013,59.78754635712112
cyp,2013,1133.9900339604296
cze,2013,10753.029929978895
deu,2013,80473.51979256868
dji,2013,868.4402989078236
dma,2013,70.84483067638847
dnk,2013,5589.466108813293
dom,2013,10024.012822984514
dza,2013,37498.80108062006
ecu,2013,15669.614395119048
egy,2013,86918.10893676314
eri,2013,3226.27095472372
esh,2013,496.36873882845896
esp,2013,46525.363686158875
est,2013,1280.7313711417794
eth,2013,93781.8718439762
fin,2013,5392.022652032812
fji,2013,884.4956484042281
flk,2013,2.7872656430921112
fra,2013,63341.877968749446
fro,2013,47.47850771544297
fsm,2013,108.23731533542464
gab,2013,1786.5166851506099
gbr,2013,64422.95581711946
geo,2013,3931.0497786101746
gha,2013,26160.233554475417
gib,2013,33.40110836775881
gin,2013,10709.652687645234
glp,2013,401.85806433112106
gmb,2013,1930.6918952701765
gnb,2013,1620.5393509020391
gnq,2013,1058.3129578387545
grc,2013,10647.768147450832
grd,2013,107.90927867332628
grl,2013,55.92693005635596
gtm,2013,15558.225523545538
guf,2013,248.4537070417547
gum,2013,163.9070959066656
guy,2013,757.4549011507495
hkg,2013,7243.45580621208
hnd,2013,8777.313991884197
hrv,2013,4343.8570769569105
hti,2013,10375.60633230746
hun,2013,9988.58345296877
idn,2013,257299.72260722023
imn,2013,83.25096391698068
ind,2013,1260816
irl,2013,4575.5731445131805
irn,2013,73964.40196465947
irq,2013,32065.618377153176
isl,2013,324.3621169275169
isr,2013,7480.233003658584
ita,2013,59647.35868973411
jam,2013,2851.821668251659
jor,2013,8238.563377606133
jpn,2013,126619.4
kaz,2013,16531.35498606613
ken,2013,44754.55585623168
kgz,2013,5564.757039183142
khm,2013,14725.41064810418
kir,2013,110.2441700011231
kna,2013,50.2096875742552
kor,2013,48720
kwt,2013,3410.298174003776
lao,2013,6684.035871767786
lbn,2013,5718.382875066118
lbr,2013,4176.897641915276
lby,2013,6214.082221420358
lca,2013,177.08514176886536
lie,2013,36.61511743009628
lka,2013,21113.91561743467
lso,2013,1994.4199711120627
ltu,2013,2921.497372750576
lux,2013,537.8756190196847
lva,2013,1985.532584924727
mac,2013,589.970311631184
mar,2013,33148.768518721874
mco,2013,36.58240234710517
mda,2013,3956.1874409784796
mdg,2013,22575.158136087073
mdv,2013,424.6612785547942
mex,2013,118540.75279938255
mhl,2013,58.180392543553126
mkd,2013,2108.7178009685977
mli,2013,16173.247297046457
mlt,2013,422.47167671936313
mmr,2013,52983.89375447025
mne,2013,636.1956772337676
mng,2013,2824.079481074343
mnp,2013,55.97939205988995
moz,2013,25130.947163070065
mrt,2013,3753.3022795819993
msr,2013,4.93208351447652
mtq,2013,381.25562898133705
mus,2013,1234.3413908458742
mwi,2013,15572.946087341918
mys,2013,30111.93768618043
myt,2013,223.55460564621606
nam,2013,2195.9512360372096
ncl,2013,270.0077854243838
ner,2013,18193.128806312696
nga,2013,168877.54866073455
nic,2013,6047.844706092796
niu,2013,1.5402178547569743
nld,2013,16698.07775123359
nor,2013,5035.5997537740195
npl,2013,27504.119968273615
nru,2013,10.431761345272644
nzl,2013,4317.306129024323
omn,2013,3640.879766445342
pak,2013,195434.1348708483
pan,2013,3826.190480248029
per,2013,29702.2229860312
phl,2013,101028.9416785188
plw,2013,17.99016458466747
png,2013,7958.323188000251
pol,2013,38758.1616136616
pri,2013,3619.2592359212217
prk,2013,24430.252211629642
prt,2013,10382.598520681873
pry,2013,6494.58433136977
pse,2013,4274.506725628999
pyf,2013,276.22658251982205
qat,2013,2259.6609226085643
reu,2013,836.2124825910413
rom,2013,20449.40897095969
rus,2013,140131.49509911056
rwa,2013,10629.740405927923
sau,2013,29062.834460294
sdn,2013,36449.169645038775
sen,2013,13550.670522957118
sgp,2013,5572.73805699708
shn,2013,5.490104222609356
slb,2013,583.8026055404732
sle,2013,6748.562154729655
slv,2013,6250.96693923056
smr,2013,32.271942321490336
som,2013,12844.032955409399
spm,2013,6.047048785303991
srb,2013,9059.1737308719
stp,2013,188.85702897714248
sur,2013,545.9718686734162
svk,2013,5506.993762463578
svn,2013,2095.557023138619
swe,2013,9534.975504536329
swz,2013,1068.567575862002
syc,2013,91.8245494037609
syr,2013,18933.996204064497
tca,2013,34.64728813537298
tcd,2013,12998.129483886836
tgo,2013,6837.777331531911
tha,2013,69631.43782590223
tjk,2013,7825.5601347442425
tkl,2013,1.1341430481368042
tkm,2013,5210.436396473465
tls,2013,1178.4589841252687
ton,2013,103.98858738228098
tto,2013,1350.440179975204
tun,2013,10768.775525632767
tur,2013,75269.93304446612
tuv,2013,11.093900766541788
twn,2013,23932.64313377741
tza,2013,47667.87808886356
uga,2013,35094.310438021115
ukr,2013,43970.98834813258
ury,2013,3381.273451366877
usa,2013,326821.3407640788
uzb,2013,29062.81853507336
vct,2013,108.36018922117081
ven,2013,29709.258986239045
vgb,2013,28.77747029573305
vir,2013,105.04918898157788
vnm,2013,88935.15626966408
vut,2013,262.2347999651332
wlf,2013,11.805788966114871
wsm,2013,194.87948479260535
yem,2013,24319.34084855781
zaf,2013,52784.36420161881
zmb,2013,14675.551977679866
zwe,2013,13125.884523766108
abw,2014,103.62960102701904
afg,2014,34151.161834312305
ago,2014,26292.494649994565
aia,2014,14.092363498499553
alb,2014,2943.896840414953
and,2014,78.26946223610138
ant,2014,200.4097461841253
are,2014,8910.212027488613
arg,2014,42578.18195034532
arm,2014,2814.4245942283646
asm,2014,57.09565885361067
atg,2014,92.43320224972474
aus,2014,22438.0516144344
aut,2014,8512.594736077814
aze,2014,9185.817081405194
bdi,2014,9607.055970225532
bel,2014,11087.570424009571
ben,2014,10038.935841442717
bfa,2014,17162.21485187166
bgd,2014,158130.73308643044
bgr,2014,7364.705846299075
bhr,2014,1291.9997215840647
bhs,2014,370.1172732808521
bih,2014,3539.3226567965426
blr,2014,9114.415918315204
blz,2014,352.8742998873861
bmu,2014,63.27027729494248
bol,2014,10691.61914447739
bra,2014,202481.598235749
brb,2014,284.4296716144865
brn,2014,419.3513475790933
btn,2014,735.8699248442045
bwa,2014,2038.283277094744
caf,2014,4356.590457673174
can,2014,34805.271331724456
che,2014,8108.257024079033
chi,2014,162.14533918604565
chl,2014,17734.247844596804
chn,2014,1371164.4544843961
civ,2014,22101.885343383135
cmr,2014,22135.22991046614
cod,2014,71989.68581812127
cog,2014,4622.817080384805
cok,2014,16.822530867853494
col,2014,46902.341604239184
com,2014,741.089054002684
cpv,2014,505.78090981843985
cri,2014,4788.723324209946
cub,2014,11291.170720708516
cym,2014,60.76333150203378
cyp,2014,1138.559671931704
cze,2014,10765.140196800245
deu,2014,80480.18993078386
dji,2014,877.0368682586577
dma,2014,70.98608696788837
dnk,2014,5596.7274932129385
dom,2014,10151.038397446724
dza,2014,37985.64911649065
ecu,2014,15929.643406314137
egy,2014,88245.4638243302
eri,2014,3231.644618428125
esh,2014,502.58385989559014
esp,2014,46220.734403073766
est,2014,1271.992485127305
eth,2014,95730.2388126504
fin,2014,5396.357946553326
fji,2014,886.7147909284208
flk,2014,2.788115000553483
fra,2014,63428.91491960013
fro,2014,47.38872923438605
fsm,2014,109.95859836147501
gab,2014,1838.401295685031
gbr,2014,64643.76688848024
geo,2014,3899.5479425315116
gha,2014,26568.375856004965
gib,2014,33.32328801980128
gin,2014,10882.248517337543
glp,2014,400.75558142267926
gmb,2014,1975.2635286765696
gnb,2014,1651.65005502988
gnq,2014,1095.2306459908216
grc,2014,10573.986672178813
grd,2014,108.75046554092958
grl,2014,55.709423331190976
gtm,2014,15901.079208077808
guf,2014,254.41848962607892
gum,2014,164.78131967473206
guy,2014,762.3177754736812
hkg,2014,7301.51250834526
hnd,2014,8943.12751779791
hrv,2014,4325.438215639554
hti,2014,10534.330312992011
hun,2014,9966.105788305116
idn,2014,261094.18349328847
imn,2014,82.49354099917477
ind,2014,1276268
irl,2014,4571.731808293237
irn,2014,74910.2806895535
irq,2014,33276.7480202567
isl,2014,324.6799852803137
isr,2014,7595.113305212613
ita,2014,59690.056825107415
jam,2014,2871.1383146763396
jor,2014,8624.60811919702
jpn,2014,126494.2
kaz,2014,16720.489876409738
ken,2014,45574.60538303547
kgz,2014,5647.899935261391
khm,2014,14965.733848569484
kir,2014,111.94908170951095
kna,2014,50.70334922568142
kor,2014,48793
kwt,2014,3569.181927948064
lao,2014,6795.025065820913
lbn,2014,6054.500761428496
lbr,2014,4254.443931917756
lby,2014,6208.714865694929
lca,2014,178.0479054937979
lie,2014,36.77962194102486
lka,2014,21274.64523185698
lso,2014,1994.1989253960605
ltu,2014,2871.524651405693
lux,2014,547.9109378676983
lva,2014,1953.2175817069858
mac,2014,604.0098693458058
mar,2014,33368.33709062807
mco,2014,36.87744271238023
mda,2014,3936.3622496366343
mdg,2014,23021.382664966968
mdv,2014,445.18771909812415
mex,2014,120187.65679453242
mhl,2014,58.516116893237346
mkd,2014,2111.916824227137
mli,2014,16526.107314474782
mlt,2014,425.0727512603247
mmr,2014,53503.39824863618
mne,2014,636.9419779898278
mng,2014,2880.6746650971177
mnp,2014,56.598293862790385
moz,2014,25652.706016044278
mrt,2014,3836.1632336782604
msr,2014,4.950102456211896
mtq,2014,376.5981126550339
mus,2014,1227.0533289818732
mwi,2014,15896.981369003446
mys,2014,30565.02618709514
myt,2014,228.02304721413648
nam,2014,2218.6345625014073
ncl,2014,274.0000108585052
ner,2014,18776.499629903345
nga,2014,172153.65709248986
nic,2014,6134.18354063929
niu,2014,1.5300125581581745
nld,2014,16691.309393924912
nor,2014,5081.013422361555
npl,2014,27535.1676974916
nru,2014,10.529605741872347
nzl,2014,4343.302467201077
omn,2014,3894.406226257239
pak,2014,199872.17283518842
pan,2014,3895.8854173600685
per,2014,30048.48900427632
phl,2014,102863.61717726024
plw,2014,18.038179687651088
png,2014,8132.562332307245
pol,2014,38716.99857406757
pri,2014,3574.028053647385
prk,2014,24551.254857414733
prt,2014,10294.12243341966
pry,2014,6590.342921612725
pse,2014,4399.901751928219
pyf,2014,278.05875479594
qat,2014,2378.0724370414
reu,2014,836.3086382585942
rom,2014,20365.158718358452
rus,2014,139797.770996634
rwa,2014,10816.519669228945
sau,2014,29896.700945924993
sdn,2014,37062.411168425046
sen,2014,13833.13437923195
sgp,2014,5654.841408984269
shn,2014,5.600692767775983
slb,2014,600.8076984481171
sle,2014,6848.037995123488
slv,2014,6286.368483955676
smr,2014,32.55554317795144
som,2014,13100.066251149869
spm,2014,5.928668275544449
srb,2014,9044.504937221438
stp,2014,191.01007028375844
sur,2014,552.5031342053107
svk,2014,5518.008634772656
svn,2014,2101.460789107442
swe,2014,9576.684146438683
swz,2014,1068.6295511199316
syc,2014,91.94446229587282
syr,2014,18093.470353565404
tca,2014,35.319784904934146
tcd,2014,13334.280410913016
tgo,2014,6965.977518101578
tha,2014,70039.16929226778
tjk,2014,7975.176620886509
tkl,2014,1.1591580536947264
tkm,2014,5282.420141992127
tls,2014,1201.79244245881
ton,2014,103.3905150053338
tto,2014,1360.4493303828922
tun,2014,10796.582998632517
tur,2014,76309.34740527697
tuv,2014,11.228577529383168
twn,2014,24041.33009792277
tza,2014,48756.53470408272
uga,2014,36021.97245403324
ukr,2014,43593.81019084884
ury,2014,3395.7043767987407
usa,2014,329778.77194635256
uzb,2014,29402.72973361049
vct,2014,108.70952259142288
ven,2014,30001.163947689212
vgb,2014,28.94866251828256
vir,2014,104.96773644992078
vnm,2014,89859.88214452258
vut,2014,270.05895616786955
wlf,2014,11.73421688481782
wsm,2014,196.7160409474628
yem,2014,24971.603712613647
zaf,2014,53229.696472282274
zmb,2014,15028.66026779637
zwe,2014,13259.273677085086
abw,2015,104.31560483735878
afg,2015,35271.799194257306
ago,2015,27004.265592979347
aia,2015,14.27552468801953
alb,2015,2939.8522364039873
and,2015,76.83058708929381
ant,2015,200.64015506085522
are,2015,8955.487963219568
arg,2015,43064.93203688714
arm,2015,2814.1035521201306
asm,2015,57.20382305304937
atg,2015,93.54322732398876
aus,2015,22657.355225728475
aut,2015,8547.34002830845
aze,2015,9256.164863752674
bdi,2015,9839.348721875445
bel,2015,11117.13806038537
ben,2015,10242.142965504634
bfa,2015,17538.997926853244
bgd,2015,160152.9485277798
bgr,2015,7322.6360443213625
bhr,2015,1326.3227626154585
bhs,2015,374.1149234123563
bih,2015,3487.8980323861592
blr,2015,9079.826547071429
blz,2015,360.84515387778924
bmu,2015,62.72825310393793
bol,2015,10867.084457392433
bra,2015,204422.00338696875
brb,2015,285.2545560672655
brn,2015,425.2538273394889
btn,2015,746.0275551594883
bwa,2015,2053.779788451491
caf,2015,4351.351964184072
can,2015,35034.172101988894
che,2015,8171.233469610383
chi,2015,162.88249920860977
chl,2015,17964.979506914897
chn,2015,1378306.0767418852
civ,2015,22493.05567416103
cmr,2015,22563.00103470007
cod,2015,73838.03557237292
cog,2015,4702.821953434758
cok,2015,16.649000969462403
col,2015,47509.10112400412
com,2015,752.8861470640633
cpv,2015,508.18052371529285
cri,2015,4846.62411125988
cub,2015,11322.024704245012
cym,2015,61.708977228329545
cyp,2015,1143.4177122696
cze,2015,10782.356169806715
deu,2015,80549.85583627135
dji,2015,885.144616340021
dma,2015,71.16567503797843
dnk,2015,5602.617279895531
dom,2015,10279.177580665078
dza,2015,38474.088364540825
ecu,2015,16208.074217568905
egy,2015,89524.78060314395
eri,2015,3237.308552805674
esh,2015,509.6070313798689
esp,2015,45965.71605501886
est,2015,1265.2174664729748
eth,2015,97652.78594571326
fin,2015,5398.185142711211
fji,2015,890.2885617268887
flk,2015,2.833310243423723
fra,2015,63477.93510894196
fro,2015,47.32392278303901
fsm,2015,111.61059111592151
gab,2015,1886.2111386201318
gbr,2015,64863.592095558364
geo,2015,3870.8810521229466
gha,2015,26970.19985393717
gib,2015,33.22552827222335
gin,2015,11071.256723766328
glp,2015,400.15758344444686
gmb,2015,2020.0239492414014
gnb,2015,1682.3706503169249
gnq,2015,1131.6844593199573
grc,2015,10498.453432530023
grd,2015,109.57232511256058
grl,2015,55.52393903850888
gtm,2015,16248.47338257473
guf,2015,260.93547643731415
gum,2015,165.88924196597864
guy,2015,767.245217618615
hkg,2015,7365.198230558313
hnd,2015,9110.698041728985
hrv,2015,4305.126493226735
hti,2015,10692.93885235309
hun,2015,9944.825987267997
idn,2015,264826.7407742915
imn,2015,81.9745559701873
ind,2015,1291720
irl,2015,4582.027459446844
irn,2015,75887.25848696871
irq,2015,34391.708342960075
isl,2015,325.2459726465454
isr,2015,7713.704256730366
ita,2015,59661.858699481636
jam,2015,2890.317365297494
jor,2015,8959.04099933837
jpn,2015,126369
kaz,2015,16902.607009174593
ken,2015,46367.15089690907
kgz,2015,5732.107254120389
khm,2015,15206.540817068057
kir,2015,113.69633934054983
kna,2015,51.190537894857066
kor,2015,48866
kwt,2015,3708.2975129099223
lao,2015,6909.273142470912
lbn,2015,6315.875071153666
lbr,2015,4331.07289392187
lby,2015,6215.733564944591
lca,2015,179.08240319813618
lie,2015,36.90302775551959
lka,2015,21429.425157607304
lso,2015,1994.0320692620692
ltu,2015,2820.189523960075
lux,2015,558.165435099838
lva,2015,1921.5722632193053
mac,2015,617.0996166217881
mar,2015,33569.51484135852
mco,2015,37.147275177013285
mda,2015,3915.6259789569403
mdg,2015,23469.186881201837
mdv,2015,466.2595349419113
mex,2015,121828.59937797139
mhl,2015,58.871396695049505
mkd,2015,2114.820819355398
mli,2015,16888.357418764477
mlt,2015,426.9986605459119
mmr,2015,53994.462273528574
mne,2015,637.6577440498962
mng,2015,2937.607386390585
mnp,2015,57.17102504656873
moz,2015,26188.474622186473
mrt,2015,3918.587501481131
msr,2015,4.96579110059479
mtq,2015,372.7511112584345
mus,2015,1219.7037591285027
mwi,2015,16216.770587337542
mys,2015,31025.850245351925
myt,2015,232.44424280484844
nam,2015,2241.8386278056614
ncl,2015,277.824738333599
ner,2015,19370.35001613513
nga,2015,175420.20224965672
nic,2015,6221.725349077013
niu,2015,1.5327381195018557
nld,2015,16682.196390014433
nor,2015,5121.155383831064
npl,2015,27688.723806648093
nru,2015,10.641928165265742
nzl,2015,4368.665287252093
omn,2015,4125.725598772426
pak,2015,204400.2143027099
pan,2015,3967.5211249096274
per,2015,30463.3178429215
phl,2015,104659.68090422341
plw,2015,18.105524515016793
png,2015,8309.964281049548
pol,2015,38683.29677386537
pri,2015,3506.7129878018686
prk,2015,24672.90941667546
prt,2015,10211.463697143561
pry,2015,6687.118051326555
pse,2015,4650.368362293248
pyf,2015,279.93508506308785
qat,2015,2480.5606259499814
reu,2015,836.1126522819862
rom,2015,20265.285187954807
rus,2015,139461.82616005916
rwa,2015,11010.228730895595
sau,2015,30665.03849117518
sdn,2015,37675.055227168064
sen,2015,14118.318738090691
sgp,2015,5731.607423022938
shn,2015,5.679882859971819
slb,2015,618.1583772684912
sle,2015,6945.5467010727925
slv,2015,6323.5845519143395
smr,2015,32.76854922555773
som,2015,13361.719603663434
spm,2015,5.827898011107642
srb,2015,9028.297992608743
stp,2015,193.13732285249787
sur,2015,559.006912293109
svk,2015,5528.393456307622
svn,2015,2106.5530624452135
swe,2015,9617.1929778826
swz,2015,1069.1970319274897
syc,2015,91.98020703740895
syr,2015,17400.119909871813
tca,2015,35.97224272005257
tcd,2015,13665.589947142513
tgo,2015,7092.016982960871
tha,2015,70428.09303412912
tjk,2015,8131.970340145279
tkl,2015,1.1852922332404714
tkm,2015,5353.276428513851
tls,2015,1226.1350234001482
ton,2015,103.29424659767379
tto,2015,1369.9944810339957
tun,2015,10827.075993258157
tur,2015,77341.15185352415
tuv,2015,11.375783560270103
twn,2015,24144.94635354907
tza,2015,49857.68538157196
uga,2015,37018.94208173203
ukr,2015,43210.341387408866
ury,2015,3411.178563992214
usa,2015,332758.2870121981
uzb,2015,29751.290172901347
vct,2015,109.12143487975038
ven,2015,30074.507497043338
vgb,2015,29.144904804618346
vir,2015,104.93245466805476
vnm,2015,90796.86563798082
vut,2015,277.8913592842628
wlf,2015,11.612455697226537
wsm,2015,198.33876962776358
yem,2015,25618.49161604122
zaf,2015,53638.205728799454
zmb,2015,15378.160336096327
zwe,2015,13378.597523268481
abw,2016,105.83051092656298
afg,2016,36318.26445355507
ago,2016,27637.071076969976
aia,2016,14.304710232249633
alb,2016,2940.800276614601
and,2016,76.56005785874984
ant,2016,201.05035309194943
are,2016,9183.39069496431
arg,2016,43465.897862493664
arm,2016,2806.3035542671073
asm,2016,57.345822353322994
atg,2016,93.73447143292032
aus,2016,22871.3270188907
aut,2016,8545.214801633747
aze,2016,9335.900350959171
bdi,2016,10036.798923923785
bel,2016,11131.443401847615
ben,2016,10458.5305639023
bfa,2016,17925.76269804546
bgd,2016,162362.55431295338
bgr,2016,7271.00771989047
bhr,2016,1364.9729605166633
bhs,2016,379.297633934432
bih,2016,3477.355993675316
blr,2016,9047.187493570345
blz,2016,366.91317020845815
bmu,2016,62.50737979438151
bol,2016,11031.048262479753
bra,2016,206371.0705347373
brb,2016,286.3833251936491
brn,2016,432.8531288878456
btn,2016,761.4263038382328
bwa,2016,2063.53939453845
caf,2016,4405.536712114013
can,2016,35213.00396873836
che,2016,8183.971822189544
chi,2016,162.30897141389474
chl,2016,18142.095041463515
chn,2016,1383594.3945288064
civ,2016,22716.59609048206
cmr,2016,22847.406354537423
cod,2016,75432.9308514948
cog,2016,4781.842086361243
cok,2016,16.55287162189204
col,2016,48166.06877096832
com,2016,763.0218614299048
cpv,2016,508.6571257502553
cri,2016,4919.663627512807
cub,2016,11323.514457205509
cym,2016,61.83513792109926
cyp,2016,1153.1919905198195
cze,2016,10807.739892322788
deu,2016,80224.52468220184
dji,2016,894.0017735211874
dma,2016,71.31116944199351
dnk,2016,5607.996686069184
dom,2016,10406.644987997364
dza,2016,38751.71632276146
ecu,2016,16433.100598546334
egy,2016,90360.52952141201
eri,2016,3306.969519799656
esh,2016,506.6953534399255
esp,2016,45987.323727825504
est,2016,1263.104681266907
eth,2016,99281.1464115193
fin,2016,5403.492700103875
fji,2016,898.0791425660998
flk,2016,2.8391027941869496
fra,2016,63628.55822034985
fro,2016,47.15728987156668
fsm,2016,112.23099105870828
gab,2016,1904.3170420705599
gbr,2016,65044.239452542206
geo,2016,3847.5834316030387
gha,2016,27389.461120464654
gib,2016,33.1085374104009
gin,2016,11185.914368221838
glp,2016,402.7736763720875
gmb,2016,2054.8094323417668
gnb,2016,1702.2302565112545
gnq,2016,1154.0316225306553
grc,2016,10458.01501939401
grd,2016,110.30269079288699
grl,2016,55.328432937697755
gtm,2016,16590.712148454542
guf,2016,266.857634431316
gum,2016,168.09678170969903
guy,2016,771.0809738749463
hkg,2016,7440.919210795373
hnd,2016,9271.187298619696
hrv,2016,4291.727517787569
hti,2016,10818.142932725688
hun,2016,9904.168775453467
idn,2016,267661.4774340161
imn,2016,81.6859142404941
ind,2016,1303812
irl,2016,4617.471488364532
irn,2016,76568.50388378114
irq,2016,35217.933329297346
isl,2016,328.5748275308253
isr,2016,7874.251650880643
ita,2016,59494.572835311126
jam,2016,2905.7527566405397
jor,2016,9182.349107537857
jpn,2016,126199.4
kaz,2016,17044.559193611698
ken,2016,47132.432356426354
kgz,2016,5777.9709683700785
khm,2016,15375.666997894412
kir,2016,113.97857223633126
kna,2016,51.295194202806776
kor,2016,48872
kwt,2016,3798.122305755977
lao,2016,7016.081120790024
lbn,2016,6352.332251932102
lbr,2016,4464.9999756657635
lby,2016,6273.613347010924
lca,2016,180.93548723689585
lie,2016,36.77308799999175
lka,2016,21621.724251371106
lso,2016,1999.3923195658228
ltu,2016,2808.334933507932
lux,2016,564.2443955666413
lva,2016,1910.6023849214926
mac,2016,624.3600040560808
mar,2016,33627.043409422586
mco,2016,37.01647539855055
mda,2016,3873.5185944989425
mdg,2016,23952.898378412174
mdv,2016,473.91804858172776
mex,2016,123341.50375816223
mhl,2016,59.0175354789744
mkd,2016,2118.3192182227667
mli,2016,17277.585072118505
mlt,2016,427.122383243938
mmr,2016,54341.87924982934
mne,2016,638.7248010069271
mng,2016,2978.6079929168627
mnp,2016,57.31294293106065
moz,2016,26569.369163169125
mrt,2016,3976.5394346372827
msr,2016,4.975943394046076
mtq,2016,372.65057995861645
mus,2016,1218.8280180071652
mwi,2016,16629.106061204617
mys,2016,31559.13786940302
myt,2016,236.7258329309511
nam,2016,2259.8344917073036
ncl,2016,282.5460438106648
ner,2016,19962.315744996748
nga,2016,178844.15618149049
nic,2016,6288.378073227256
niu,2016,1.5238882722531115
nld,2016,16687.53526618787
nor,2016,5157.366406584475
npl,2016,28256.206024223262
nru,2016,10.66834504218721
nzl,2016,4388.672365956156
omn,2016,4199.311303043853
pak,2016,208644.27533240008
pan,2016,4027.5213876149137
per,2016,30741.58293313255
phl,2016,106655.05021712484
plw,2016,18.15046857076347
png,2016,8478.402840487275
pol,2016,38625.095954170334
pri,2016,3495.5895588027142
prk,2016,24806.900361736494
prt,2016,10195.282691872468
pry,2016,6799.744313252791
pse,2016,4722.879040574286
pyf,2016,283.5293652699717
qat,2016,2532.5434537765072
reu,2016,839.9287418537674
rom,2016,20162.149233237367
rus,2016,139298.2695467284
rwa,2016,11232.004319037402
sau,2016,31351.019709464184
sdn,2016,38276.366293382845
sen,2016,14359.196573633903
sgp,2016,5786.668814474635
shn,2016,5.647430423866174
slb,2016,632.2579026364975
sle,2016,7060.011978413182
slv,2016,6352.450911049036
smr,2016,32.65316743890381
som,2016,13529.659295110718
spm,2016,5.796031261639931
srb,2016,9005.210058810753
stp,2016,193.96891541668995
sur,2016,564.9176395747593
svk,2016,5533.2459571121635
svn,2016,2109.0546016954813
swe,2016,9663.71918075355
swz,2016,1073.5660241152332
syc,2016,91.45467123579907
syr,2016,17677.0741395577
tca,2016,36.045786040099024
tcd,2016,13952.565249841042
tgo,2016,7184.029666832768
tha,2016,70946.84312674504
tjk,2016,8199.178263470742
tkl,2016,1.1784484971345863
tkm,2016,5405.608362482256
tls,2016,1255.244742669345
ton,2016,103.92013331998905
tto,2016,1374.9814702567076
tun,2016,10858.424292752794
tur,2016,77863.1881255841
tuv,2016,11.404022115307317
twn,2016,24204.882303706952
tza,2016,50926.224057768275
uga,2016,38000.882755974926
ukr,2016,42970.36227120185
ury,2016,3423.0120419811224
usa,2016,335441.8104411973
uzb,2016,30012.915969540052
vct,2016,109.40292000828649
ven,2016,30530.411299243075
vgb,2016,29.20448999863725
vir,2016,105.62251113109406
vnm,2016,91728.43011864561
vut,2016,284.1109511954436
wlf,2016,11.545406761863289
wsm,2016,199.18218979614747
yem,2016,26335.916168917447
zaf,2016,53799.7960248604
zmb,2016,15700.207094846231
zwe,2016,13365.71034359054
abw,2017,107.3467760383381
afg,2017,37367.30295778353
ago,2017,28267.678872407687
aia,2017,14.33336803920995
alb,2017,2941.7244256140048
and,2017,76.29197326437165
ant,2017,201.45313386238567
are,2017,9411.136480039013
arg,2017,43866.52546916219
arm,2017,2798.506919286366
asm,2017,57.484474729264264
atg,2017,93.92225743796611
aus,2017,23085.09350114942
aut,2017,8543.1656513385
aze,2017,9415.607235893529
bdi,2017,10233.813058919892
bel,2017,11145.728150250416
ben,2017,10674.34472707951
bfa,2017,18311.366954192257
bgd,2017,164571.5522107282
bgr,2017,7219.491115630915
bhr,2017,1403.5885032141907
bhs,2017,384.48421548240236
bih,2017,3466.822611352443
blr,2017,9014.562102578328
blz,2017,372.98920403484726
bmu,2017,62.28850240548587
bol,2017,11195.178278905865
bra,2017,208318.71552220642
brb,2017,287.50373505302724
brn,2017,440.45919234669213
btn,2017,776.8469113259529
bwa,2017,2073.554322993165
caf,2017,4459.893468315629
can,2017,35391.83517217613
che,2017,8196.67946513787
chi,2017,161.7406263004974
chl,2017,18319.108945187418
chn,2017,1388880.620645482
civ,2017,22941.648344883888
cmr,2017,23132.665687206452
cod,2017,77023.30775403096
cog,2017,4860.822850868916
cok,2017,16.45945120687221
col,2017,48823.5232412925
com,2017,773.1789636637241
cpv,2017,509.21824625379674
cri,2017,4992.776924377239
cub,2017,11324.498881224286
cym,2017,61.95901735781182
cyp,2017,1162.9060031196307
cze,2017,10832.966513096393
deu,2017,79902.04858316682
dji,2017,902.9177591783086
dma,2017,71.45403299496334
dnk,2017,5613.3785296814785
dom,2017,10534.158923810635
dza,2017,39033.08349429636
ecu,2017,16658.296657335548
egy,2017,91202.88993468187
eri,2017,3376.4352996629536
esh,2017,503.9057541412543
esp,2017,46009.10915860328
est,2017,1260.9928833478725
eth,2017,100908.82671573512
fin,2017,5408.801734521149
fji,2017,905.8446195174059
flk,2017,2.844790603201974
fra,2017,63778.58093747622
fro,2017,46.992162737643675
fsm,2017,112.8465211018069
gab,2017,1922.556767446727
gbr,2017,65224.08606828126
geo,2017,3824.2951668987394
gha,2017,27808.870006269055
gib,2017,32.9926037359711
gin,2017,11301.265177954137
glp,2017,405.38218041584764
gmb,2017,2089.5687163424564
gnb,2017,1722.1683677866101
gnq,2017,1176.3326258284462
grc,2017,10417.934968029162
grd,2017,111.03103463529358
grl,2017,55.134693526880554
gtm,2017,16933.588410231005
guf,2017,272.79173738135137
gum,2017,170.30329909498803
guy,2017,774.897450623578
hkg,2017,7516.487013247501
hnd,2017,9431.908162847049
hrv,2017,4278.340454002907
hti,2017,10943.365787668985
hun,2017,9863.569860995185
idn,2017,270491.24831481685
imn,2017,81.39988082048312
ind,2017,1315904
irl,2017,4652.700097967354
irn,2017,77251.33179276835
irq,2017,36043.66973903428
isl,2017,331.88269814399007
isr,2017,8034.747168620913
ita,2017,59328.88565234294
jam,2017,2921.1194684141724
jor,2017,9405.511123088974
jpn,2017,126029.8
kaz,2017,17186.46052213581
ken,2017,47897.47775040434
kgz,2017,5823.81829260279
khm,2017,15545.103222744454
kir,2017,114.25415290111958
kna,2017,51.397958100123745
kor,2017,48878
kwt,2017,3887.892700885954
lao,2017,7122.918395813049
lbn,2017,6388.968302449436
lbr,2017,4598.217444464238
lby,2017,6331.953780650275
lca,2017,182.78790885962442
lie,2017,36.64432244447584
lka,2017,21813.442195435753
lso,2017,2005.045779345653
ltu,2017,2796.4852327767735
lux,2017,570.2847796247169
lva,2017,1899.6369269128365
mac,2017,631.611987002997
mar,2017,33689.8683383409
mco,2017,36.88685759169309
mda,2017,3831.427651606919
mdg,2017,24435.429408543667
mdv,2017,481.5807190466596
mex,2017,124854.96826083382
mhl,2017,59.16022977091325
mkd,2017,2121.7914983587993
mli,2017,17665.51016093992
mlt,2017,427.2482964883165
mmr,2017,54687.16893134571
mne,2017,639.7839439106343
mng,2017,3019.6935384850403
mnp,2017,57.451515810190656
moz,2017,26950.69569168112
mrt,2017,4034.5454511419393
msr,2017,4.9859121122456624
mtq,2017,372.55342133791265
mus,2017,1218.177371230195
mwi,2017,17039.7659005988
mys,2017,32092.816579595823
myt,2017,241.0013382176757
nam,2017,2278.028208126745
ncl,2017,287.2705897880819
ner,2017,20551.184995493022
nga,2017,182261.39579278472
nic,2017,6355.016888600459
niu,2017,1.515287814393615
nld,2017,16692.956185562573
nor,2017,5193.360498347012
npl,2017,28824.47999039264
nru,2017,10.694139273166183
nzl,2017,4408.879714940511
omn,2017,4272.89788326171
pak,2017,212894.4464181891
pan,2017,4087.582885638885
per,2017,31019.587255152564
phl,2017,108652.68863721086
plw,2017,18.19435329485511
png,2017,8647.069954779037
pol,2017,38566.80491553885
pri,2017,3484.4613346295005
prk,2017,24940.972115811455
prt,2017,10179.288113049677
pry,2017,6912.519854624104
pse,2017,4795.415014135374
pyf,2017,287.12128726327245
qat,2017,2584.508773846449
reu,2017,843.8505057268934
rom,2017,20059.19641192024
rus,2017,139134.79566745454
rwa,2017,11453.282821697789
sau,2017,32036.683459170377
sdn,2017,38877.71137023982
sen,2017,14599.916010742434
sgp,2017,5841.592314011533
shn,2017,5.616338629077139
slb,2017,646.3820205894284
sle,2017,7174.443763175728
slv,2017,6381.147360397393
smr,2017,32.53882829924208
som,2017,13698.110058970316
spm,2017,5.764827823868641
srb,2017,8982.131212212244
stp,2017,194.82546762650608
sur,2017,570.8268052274213
svk,2017,5538.043794871276
svn,2017,2111.5332424961152
swe,2017,9709.988401290766
swz,2017,1078.0757752423654
syc,2017,90.95116970374912
syr,2017,17954.109866011677
tca,2017,36.117999539100296
tcd,2017,14238.79460589719
tgo,2017,7276.281955458959
tha,2017,71463.1356565217
tjk,2017,8266.36212847221
tkl,2017,1.1717976180486758
tkm,2017,5457.921414619593
tls,2017,1284.408768728718
ton,2017,104.54176308100597
tto,2017,1379.9265727801596
tun,2017,10891.33994007504
tur,2017,78382.12215511221
tuv,2017,11.431595087438259
twn,2017,24263.40556317144
tza,2017,51991.80409450389
uga,2017,38978.55044872049
ukr,2017,42730.48003231732
ury,2017,3434.7388864999057
usa,2017,338125.3386653705
uzb,2017,30274.44782309637
vct,2017,109.68060510198721
ven,2017,30986.783648362943
vgb,2017,29.262997764482698
vir,2017,106.31059378131054
vnm,2017,92661.61047747689
vut,2017,290.341024109292
wlf,2017,11.480247270754838
wsm,2017,200.01570309397505
yem,2017,27052.73919347331
zaf,2017,53969.08184803478
zmb,2017,16021.424249633994
zwe,2017,13355.328293818518
abw,2018,108.864363641895
afg,2018,38418.8247895228
ago,2018,28896.224355856568
aia,2018,14.361512294580201
alb,2018,2942.6246360176583
and,2018,76.02630031878884
ant,2018,201.84869674956272
are,2018,9638.733848656433
arg,2018,44266.82394828308
arm,2018,2790.7136412158666
asm,2018,57.619897133129435
atg,2018,94.10667829362639
aus,2018,23298.66323043903
aut,2018,8541.19155086516
aze,2018,9495.285569264786
bdi,2018,10430.417988385687
bel,2018,11159.992583471874
ben,2018,10889.620778371669
bfa,2018,18695.882182465582
bgd,2018,166779.96346263716
bgr,2018,7168.086453122445
bhr,2018,1442.171274253963
bhs,2018,389.67456400234414
bih,2018,3456.2979025861528
blr,2018,8981.950349873081
blz,2018,379.07303984512316
bmu,2018,62.07159400474675
bol,2018,11359.47003887788
bra,2018,210264.97657731973
brb,2018,288.61601034411126
brn,2018,448.0717814332175
btn,2018,792.2886138058495
bwa,2018,2083.80884607986
caf,2018,4514.411637161626
can,2018,35570.665732799294
che,2018,8209.356812844202
chi,2018,161.17739393448224
chl,2018,18496.023949942784
chn,2018,1394164.7726571355
civ,2018,23168.119308863592
cmr,2018,23418.726425925077
cod,2018,78609.44460981869
cog,2018,4939.766672033551
cok,2018,16.368626808495033
col,2018,49481.451449070744
com,2018,783.3561362830801
cpv,2018,509.8586789286634
cri,2018,5065.962018616088
cub,2018,11324.991559640886
cym,2018,62.08067685907054
cyp,2018,1172.5605632801605
cze,2018,10858.03572054042
deu,2018,79582.38901369603
dji,2018,911.8889495053943
dma,2018,71.59433641467206
dnk,2018,5618.7627778421665
dom,2018,10661.718137410342
dza,2018,39317.95954539319
ecu,2018,16883.65783296421
egy,2018,92051.45457802265
eri,2018,3445.7179158294916
esh,2018,501.23071349792224
esp,2018,46031.0699487261
est,2018,1258.8820709655088
eth,2018,102535.86875598949
fin,2018,5414.112226032395
fji,2018,913.5858697910573
flk,2018,2.8503764859472147
fra,2018,63928.01136190633
fro,2018,46.82852106264657
fsm,2018,113.45735141511057
gab,2018,1940.9220713819918
gbr,2018,65403.14274779777
geo,2018,3801.0162414231036
gha,2018,28228.417418073514
gib,2018,32.877712983485154
gin,2018,11417.266454313603
glp,2018,407.98329956639145
gmb,2018,2124.3034150954836
gnb,2018,1742.1801482675373
gnq,2018,1198.5903126418946
grc,2018,10378.208442782367
grd,2018,111.75741098717403
grl,2018,54.942696966740044
gtm,2018,17277.085031891314
guf,2018,278.73746420469524
gum,2018,172.50882984632372
guy,2018,778.6951661014
hkg,2018,7591.906990437121
hnd,2018,9592.854408761112
hrv,2018,4264.9653254976765
hti,2018,11068.60691251889
hun,2018,9823.029359516982
idn,2018,273316.22693691443
imn,2018,81.11642051421043
ind,2018,1327996
irl,2018,4687.7161950750715
irn,2018,77935.65620276786
irq,2018,36868.944126811046
isl,2018,335.1698676430723
isr,2018,8195.193629487354
ita,2018,59164.7755783327
jam,2018,2936.4193467384807
jor,2018,9628.534986277233
jpn,2018,125860.2
kaz,2018,17328.311084909532
ken,2018,48662.30162036738
kgz,2018,5869.6492558764285
khm,2018,15714.846887960775
kir,2018,114.52331378517252
kna,2018,51.49888045517123
kor,2018,48884
kwt,2018,3977.6116548716072
lao,2018,7229.783943819314
lbn,2018,6425.7735009516055
lbr,2018,4730.769012135447
lby,2018,6390.726489945995
lca,2018,184.63968587219279
lie,2018,36.516715244581114
lka,2018,22004.59929703312
lso,2018,2010.9743870380269
ltu,2018,2784.640413097605
lux,2018,576.2871078154438
lva,2018,1888.6758813565987
mac,2018,638.855859142244
mar,2018,33757.663374817224
mco,2018,36.75840580718203
mda,2018,3789.3531211315812
mdg,2018,24916.85268780394
mdv,2018,489.24740108392314
mex,2018,126368.97782978562
mhl,2018,59.29959993244861
mkd,2018,2125.237607961017
mli,2018,18052.212922581133
mlt,2018,427.37637072030833
mmr,2018,55030.40565257113
mne,2018,640.8351570647121
mng,2018,3060.8633098023324
mnp,2018,57.586860569160045
moz,2018,27332.42759749722
mrt,2018,4092.6022194866932
msr,2018,4.995702189731763
mtq,2018,372.45958988615007
mus,2018,1217.7379530936037
mwi,2018,17448.853323802457
mys,2018,32626.8727101279
myt,2018,245.27113348821862
nam,2018,2296.4075894434886
ncl,2018,291.9982630323887
ner,2018,21137.148509210758
nga,2018,185672.33468247447
nic,2018,6421.642169067233
niu,2018,1.5069263506740282
nld,2018,16698.45804106604
nor,2018,5229.140586336651
npl,2018,29393.518038924387
nru,2018,10.719332615446195
nzl,2018,4429.278986378078
omn,2018,4346.485291817414
pak,2018,217150.51405514646
pan,2018,4147.70397296435
per,2018,31297.337818480875
phl,2018,110652.51687460855
plw,2018,18.237215703732737
png,2018,8815.957637486184
pol,2018,38508.42347903558
pri,2018,3473.3284260819537
prk,2018,25075.12400029031
prt,2018,10163.477445078652
pry,2018,7025.4406627801845
pse,2018,4867.974908152054
pyf,2018,290.71093344652627
qat,2018,2636.457537724364
reu,2018,847.8714344149274
rom,2018,19956.427087220298
rus,2018,138971.40437555817
rwa,2018,11674.094859104747
sau,2018,32722.046995037406
sdn,2018,39479.08836269969
sen,2018,14840.486806684128
sgp,2018,5896.3827400187965
shn,2018,5.586523660750174
slb,2018,660.5298717835977
sle,2018,7288.8441184872145
slv,2018,6409.678467167273
smr,2018,32.42551773732862
som,2018,13867.040413425993
spm,2018,5.734267200703826
srb,2018,8959.061470836274
stp,2018,195.7054419797098
sur,2018,576.734451227984
svk,2018,5542.78686116923
svn,2018,2113.9889394315687
swe,2018,9756.00410715603
swz,2018,1082.7176146255204
syc,2018,90.46834514078944
syr,2018,18231.22265980068
tca,2018,36.188918962902875
tcd,2018,14524.32396526748
tgo,2018,7368.759089301143
tha,2018,71977.0564985762
tjk,2018,8333.521977802748
tkl,2018,1.1653315571611387
tkm,2018,5510.215618401503
tls,2018,1313.625203925075
ton,2018,105.15928463258732
tto,2018,1384.8309145269166
tun,2018,10925.726387348117
tur,2018,78897.99580307116
tuv,2018,11.458525734261515
twn,2018,24320.56549588015
tza,2018,53054.60774255501
uga,2018,39952.20837358592
ukr,2018,42490.694499001285
ury,2018,3446.361963876832
usa,2018,340808.8715739181
uzb,2018,30535.885900122215
vct,2018,109.95459230652268
ven,2018,31443.61194977125
vgb,2018,29.32045706363205
vir,2018,106.99675567517404
vnm,2018,93596.39314481089
vut,2018,296.5812117860044
wlf,2018,11.416898466564318
wsm,2018,200.8396556990349
yem,2018,27768.993383390974
zaf,2018,54145.58915753192
zmb,2018,16341.862903667035
zwe,2018,13347.29705914799
abw,2019,110.38323850409044
afg,2019,39472.74417245538
ago,2019,29522.832008750156
aia,2019,14.389156680136708
alb,2019,2943.500860315638
and,2019,75.76300662547243
ant,2019,202.23723404859976
are,2019,9866.190723861615
arg,2019,44666.802068302575
arm,2019,2782.923714107648
asm,2019,57.752201130996305
atg,2019,94.28782365247365
aus,2019,23512.044295586882
aut,2019,8539.291492042994
aze,2019,9574.935401662178
bdi,2019,10626.638412022905
bel,2019,11174.236974412994
ben,2019,11104.391198285712
bfa,2019,19079.374116736704
bgd,2019,168987.80833194463
bgr,2019,7116.793954531155
bhr,2019,1480.7230231139376
bhs,2019,394.86857913653495
bih,2019,3445.7818845904894
blr,2019,8949.352211289537
blz,2019,385.1644697828598
bmu,2019,61.85662814205162
bol,2019,11523.919233307772
bra,2019,212209.89057008844
brb,2019,289.7203677838699
brn,2019,455.6906707464995
btn,2019,807.75068263833
bwa,2019,2094.2885018338006
caf,2019,4569.081475762726
can,2019,35749.49567026904
che,2019,8222.004272275219
chi,2019,160.61920563450994
chl,2019,18672.84269054488
chn,2019,1399446.8679328635
civ,2019,23395.92334891714
cmr,2019,23705.540197714585
cod,2019,80191.59734865931
cog,2019,5018.675779760389
cok,2019,16.28029170038925
col,2019,50139.84077323439
com,2019,793.5521678367584
cpv,2019,510.5736364813535
cri,2019,5139.21699744078
cub,2019,11325.00559328774
cym,2019,62.20017556724969
cyp,2019,1182.1564696469982
cze,2019,10882.94720224325
deu,2019,79265.50813835433
dji,2019,920.9120123410188
dma,2019,71.73214790686822
dnk,2019,5624.149398250101
dom,2019,10789.32142252908
dza,2019,39606.13267960198
ecu,2019,17109.179726474737
egy,2019,92905.8489632592
eri,2019,3514.8284240850417
esh,2019,498.6633167338348
esp,2019,46053.20374253001
est,2019,1256.7722423735868
eth,2019,104162.31105798233
fin,2019,5419.424155063954
fji,2019,921.303730197819
flk,2019,2.8558631578897278
fra,2019,64076.857450116986
fro,2019,46.666344891881586
fsm,2019,114.06364433142203
gab,2019,1959.4053739373628
gbr,2019,65581.42010258361
geo,2019,3777.746638628369
gha,2019,28648.09499442972
gib,2019,32.76385114300467
gin,2019,11533.878935045712
glp,2019,410.57723056823136
gmb,2019,2159.0150125697573
gnb,2019,1762.261151270717
gnq,2019,1220.8072975599164
grc,2019,10338.830694612574
grd,2019,112.48187226539511
grl,2019,54.75241984494824
gtm,2019,17621.185486127742
guf,2019,284.6945052241166
gum,2019,174.71340804291114
guy,2019,782.4746201365032
hkg,2019,7667.184248378883
hnd,2019,9754.02003185936
hrv,2019,4251.602155959329
hti,2019,11193.865820537996
hun,2019,9782.54738694864
idn,2019,276136.5788291415
imn,2019,80.83549875613146
ind,2019,1340088
irl,2019,4722.522634442999
irn,2019,78621.39722476236
irq,2019,37693.78115714847
isl,2019,338.4366141134401
isr,2019,8355.593652325804
ita,2019,59002.221427419354
jam,2019,2951.6541721557155
jor,2019,9851.428072210596
jpn,2019,125690.6
kaz,2019,17470.110971882394
ken,2019,49426.91733753532
kgz,2019,5915.463887180235
khm,2019,15884.8954189576
kir,2019,114.78627663336596
kna,2019,51.5980103293676
kor,2019,48890
kwt,2019,4067.281913840363
lao,2019,7336.676788235098
lbn,2019,6462.738817664366
lbr,2019,4862.694872562447
lby,2019,6449.905382680384
lca,2019,186.49083544797207
lie,2019,36.390250839707875
lka,2019,22195.214928155558
lso,2019,2017.1615346773349
ltu,2019,2772.8004658219047
lux,2019,582.2518913567131
lva,2019,1877.7192404345503
mac,2019,646.0919006282564
mar,2019,33830.12852247998
mco,2019,36.63110438142786
mda,2019,3747.2949739925034
mdg,2019,25397.23508018701
mdv,2019,496.91795613028
mex,2019,127883.51794364331
mhl,2019,59.435760781969776
mkd,2019,2128.657495089859
mli,2019,18437.767136877817
mlt,2019,427.50657691060394
mmr,2019,55371.66032456057
mne,2019,641.8784247313192
mng,2019,3102.1166015403583
mnp,2019,57.71908871007981
moz,2019,27714.54041198791
mrt,2019,4150.706676283539
msr,2019,5.005318385758038
mtq,2019,372.3690409082946
mus,2019,1217.4970138077858
mwi,2019,17856.46324207177
mys,2019,33161.29322456862
myt,2019,249.53556339993685
nam,2019,2314.961428898956
ncl,2019,296.72895552503496
ner,2019,21720.381676819063
nga,2019,189077.353162977
nic,2019,6488.2542752175705
niu,2019,1.498794055665313
nld,2019,16704.039745454706
nor,2019,5264.709545341569
npl,2019,29963.293777741354
nru,2019,10.74394582425168
nzl,2019,4449.862290031686
omn,2019,4420.073484491079
pak,2019,221412.27457120604
pan,2019,4207.8830620439085
per,2019,31574.841383625528
phl,2019,112654.45929110098
plw,2019,18.279091109063458
png,2019,8985.05826998155
pol,2019,38449.95146525162
pri,2019,3462.1909405722927
prk,2019,25209.355344140153
prt,2019,10147.848217420042
pry,2019,7138.502867598357
pse,2019,4940.557445657802
pyf,2019,294.29838242821455
qat,2019,2688.3906292438746
reu,2019,851.9855423160877
rom,2019,19853.841623315577
rus,2019,138808.0955247064
rwa,2019,11894.468587164734
sau,2019,33407.12634364218
sdn,2019,40080.495344332296
sen,2019,15080.917933460136
sgp,2019,5951.044688973239
shn,2019,5.557908449465506
slb,2019,674.7006364519681
sle,2019,7403.214941433603
slv,2019,6438.04863633029
smr,2019,32.313221935915685
som,2019,14036.421410323823
spm,2019,5.704329730956794
srb,2019,8936.000852753597
stp,2019,196.60742471252482
sur,2019,582.640618062234
svk,2019,5547.475047303405
svn,2019,2116.421646966115
swe,2019,9801.76970390137
swz,2019,1087.4835693995105
syc,2019,90.00494948223952
syr,2019,18508.408406772007
tca,2019,36.25857878759008
tcd,2019,14809.195579847552
tgo,2019,7461.447496671348
tha,2019,72488.68757308947
tjk,2019,8400.65785401464
tkl,2019,1.159042716302021
tkm,2019,5562.491007224543
tls,2019,1342.892238000707
ton,2019,105.77283987590197
tto,2019,1389.695581424547
tun,2019,10961.494856885956
tur,2019,79410.85018064614
tuv,2019,11.484836242258439
twn,2019,24376.409192338917
tza,2019,54114.802585122095
uga,2019,40922.09856070856
ukr,2019,42251.00549990545
ury,2019,3457.884038622522
usa,2019,343492.4090594277
uzb,2019,30797.230366776006
vct,2019,110.22498013914685
ven,2019,31900.88405622254
vgb,2019,29.376895828793707
vir,2019,107.68104798448367
vnm,2019,94532.76470249846
vut,2019,302.83116485277094
wlf,2019,11.355285909073954
wsm,2019,201.65437784606837
yem,2019,28484.709105265527
zaf,2019,54328.88206345026
zmb,2019,16661.57004735732
zwe,2019,13341.47474405811
abw,2020,111.90336663231557
afg,2020,40528.97923568424
ago,2020,30147.616491826353
aia,2020,14.416314395929986
alb,2020,2944.3530508722133
and,2020,75.50206036556531
ant,2020,202.61893128403898
are,2020,10093.514474609019
arg,2020,45066.46828893596
arm,2020,2775.137132027797
asm,2020,57.881493209307024
atg,2020,94.46578001047588
aus,2020,23725.244348021653
aut,2020,8537.464484678252
aze,2020,9654.55678355549
bdi,2020,10822.497080903322
bel,2020,11188.461591108597
ben,2020,11318.685904848664
bfa,2020,19461.903304944204
bgd,2020,171195.1061593227
bgr,2020,7065.613842611424
bhr,2020,1519.2453769240033
bhs,2020,400.0661640607776
bih,2020,3435.274574625078
blr,2020,8916.767662719685
blz,2020,391.26329331011004
bmu,2020,61.643578838927674
bol,2020,11688.521704827468
bra,2020,214153.49307235656
brb,2020,290.81701645881844
brn,2020,463.31564514818444
btn,2020,823.2324223589717
bwa,2020,2104.9799692359306
caf,2020,4623.894009873998
can,2020,35928.32500345284
che,2020,8234.622243140844
chi,2020,160.06599394391841
chl,2020,18849.567709038958
chn,2020,1404726.9236483634
civ,2020,23624.98158741206
cmr,2020,23993.06244587867
cod,2020,81770.0017093215
cog,2020,5097.55222803107
cok,2020,16.194344927350727
col,2020,50798.6790370938
com,2020,803.765942448389
cpv,2020,511.35870930161445
cri,2020,5212.540015410682
cub,2020,11324.553621726138
cym,2020,62.317570542361686
cyp,2020,1191.6945066248509
cze,2020,10907.700644965993
deu,2020,78951.3687963611
dji,2020,929.9838784074844
dma,2020,71.86753327582352
dnk,2020,5629.5383591801055
dom,2020,10916.967615371266
dza,2020,39897.407809699245
ecu,2020,17334.85809379377
egy,2020,93765.72814665751
eri,2020,3583.7770079928787
esh,2020,496.1971945993211
esp,2020,46075.5082263556
est,2020,1254.6633958300026
eth,2020,105788.18910801118
fin,2020,5424.737502391193
fji,2020,928.9989994482212
flk,2020,2.861253238886867
fra,2020,64225.12701671061
fro,2020,46.50561462647291
fsm,2020,114.66555479248478
gab,2020,1977.9996931768712
gbr,2020,65758.92855491416
geo,2020,3754.486342005846
gha,2020,29067.895033547906
gib,2020,32.651004454406575
gin,2020,11651.066455407263
glp,2020,413.1641632386424
gmb,2020,2193.7048756596446
gnb,2020,1782.4072809243723
gnq,2020,1242.9859888990443
grc,2020,10299.797059160259
grd,2020,113.20446904126237
grl,2020,54.56383916664925
gtm,2020,17965.873827547526
guf,2020,290.66256166590335
gum,2020,176.91706621231916
guy,2020,786.2362949583793
hkg,2020,7742.32366060912
hnd,2020,9915.399239053599
hrv,2020,4238.2509691380355
hti,2020,11319.142042126561
hun,2020,9742.12405952693
idn,2020,278952.46198375546
imn,2020,80.55708159704996
ind,2020,1352180
irl,2020,4757.122219922475
irn,2020,79308.48055669661
irq,2020,38518.20376967768
isl,2020,341.6832106818402
isr,2020,8515.94967283562
ita,2020,58841.2023915132
jam,2020,2966.8256625164777
jor,2020,10074.197240225873
jpn,2020,125521
kaz,2020,17611.860272791597
ken,2020,50191.33721823425
kgz,2020,5961.262215435021
khm,2020,16055.246269816116
kir,2020,115.04325309446764
kna,2020,51.695395056712876
kor,2020,48896
kwt,2020,4156.906031871846
lao,2020,7443.595996950362
lbn,2020,6499.85585430211
lbr,2020,4994.032048618134
lby,2020,6509.466425125266
lca,2020,188.34137415567088
lie,2020,36.264913946722025
lka,2020,22385.307578783028
lso,2020,2023.59192454778
ltu,2020,2760.965382321579
lux,2020,588.17963235074
lva,2020,1866.766996346926
mac,2020,653.3203788599561
mar,2020,33906.987452527705
mco,2020,36.50493793014309
mda,2020,3705.253181177923
mdg,2020,25876.638174595526
mdv,2020,504.59225193131584
mex,2020,129398.5745923199
mhl,2020,59.56882191015169
mkd,2020,2132.0511076682333
mli,2020,18822.240762963815
mlt,2020,427.6388865475248
mmr,2020,55711.0006297683
mne,2020,642.9137311309415
mng,2020,3143.452716224285
mnp,2020,57.848306658337734
moz,2020,28097.011596923745
mrt,2020,4208.855999823893
msr,2020,5.014765292008139
mtq,2020,372.2817305062822
mus,2020,1217.4428094504317
mwi,2020,18262.683078843005
mys,2020,33696.06568003977
myt,2020,253.79494541918513
nam,2020,2333.6794038677413
ncl,2020,301.46256416558606
ner,2020,22301.046051916535
nga,2020,192476.80154277736
nic,2020,6554.853554945337
niu,2020,1.490881635242854
nld,2020,16709.700230871953
nor,2020,5300.070198888748
npl,2020,30533.78201640523
nru,2020,10.767998709815718
nzl,2020,4470.622162324208
omn,2020,4493.662420155303
pak,2020,225679.53356754946
pan,2020,4268.118621226588
per,2020,31852.10447306181
phl,2020,114658.44369230104
plw,2020,18.320013214764003
png,2020,9154.364580516267
pol,2020,38391.38869430308
pri,2020,3451.048982253716
prk,2020,25343.66548379978
prt,2020,10132.398003587401
pry,2020,7251.7027352202595
pse,2020,5013.161438989536
pyf,2020,297.8837092377522
qat,2020,2740.308870428545
reu,2020,856.187316049802
rom,2020,19751.44038534845
rus,2020,138644.868968912
rwa,2020,12114.429940484371
sau,2020,34091.936410758295
sdn,2020,40681.930540689056
sen,2020,15321.217655244816
sgp,2020,6005.5825480727635
shn,2020,5.530422006029877
slb,2020,688.8935321517316
sle,2020,7517.557979434327
slv,2020,6466.262117762073
smr,2020,32.20192732413492
som,2020,14206.226385312359
spm,2020,5.674996547158578
srb,2020,8912.949376082819
stp,2020,197.53011359703453
sur,2020,588.5453447904815
svk,2020,5552.108244283344
svn,2020,2118.8313194434522
swe,2020,9847.288536353408
swz,2020,1092.3662957012405
syc,2020,89.55983312680405
syr,2020,18785.66328049233
tca,2020,36.32701227536639
tcd,2020,15093.448368160378
tgo,2020,7554.334676590812
tha,2020,72998.10707039303
tjk,2020,8467.769799559714
tkl,2020,1.1529239081680378
tkm,2020,5614.747614406418
tls,2020,1372.2081431194574
ton,2020,106.38256425131794
tto,2020,1394.5216211658674
tun,2020,10998.56357492755
tur,2020,79920.72566595685
tuv,2020,11.510547787753504
twn,2020,24430.98159900929
tza,2020,55172.542984288615
uga,2020,41888.44394577732
ukr,2020,42011.41286408614
ury,2020,3469.3077779111027
usa,2020,346175.9510177463
uzb,2020,31058.481388823886
vct,2020,110.49186364838987
ven,2020,32358.588248167394
vgb,2020,29.432341009184885
vir,2020,108.36352007931512
vnm,2020,95470.71188179623
vut,2020,309.090549843826
wlf,2020,11.295339183377916
wsm,2020,202.46018473413392
yem,2020,29199.91460203323
zaf,2020,54518.55906448689
zmb,2020,16980.588963909075
zwe,2020,13337.730647570696
abw,2021,113.30492216927253
afg,2021,41692.07351045054
ago,2021,30797.15876232231
aia,2021,14.442260822003657
alb,2021,2944.3559225647437
and,2021,75.27403099483085
ant,2021,202.98360404139586
are,2021,10304.898637975413
arg,2021,45431.36790160234
arm,2021,2764.9895775212003
asm,2021,58.016433155179904
atg,2021,94.63579915061237
aus,2021,23938.6346679949
aut,2021,8538.065875833914
aze,2021,9710.08920035794
bdi,2021,10998.62162104181
bel,2021,11206.009552365218
ben,2021,11537.186540747516
bfa,2021,19875.82960879361
bgd,2021,173258.8866742598
bgr,2021,7022.691785540871
bhr,2021,1556.3745062326038
bhs,2021,404.94068591386275
bih,2021,3423.8733444866166
blr,2021,8883.641291385773
blz,2021,396.42899205129066
bmu,2021,61.45740449581171
bol,2021,11846.196952820492
bra,2021,215898.51708016678
brb,2021,291.69097178302206
brn,2021,470.6516485139564
btn,2021,838.5253819204122
bwa,2021,2113.508551612453
caf,2021,4677.218805108106
can,2021,36101.353799749326
che,2021,8252.576404549156
chi,2021,159.58256676725208
chl,2021,19008.485252080693
chn,2021,1407615.6518165572
civ,2021,23831.434584439365
cmr,2021,24257.158103814396
cod,2021,83446.86113012893
cog,2021,5174.243347693977
cok,2021,16.112674007088884
col,2021,51412.72333527636
com,2021,813.1815668642854
cpv,2021,511.7255035616096
cri,2021,5281.560905190374
cub,2021,11311.375403417347
cym,2021,62.42972946126155
cyp,2021,1201.0557300843639
cze,2021,10929.375471191375
deu,2021,78669.35043973025
dji,2021,938.3171250123648
dma,2021,71.99688018017271
dnk,2021,5639.616307254811
dom,2021,11034.472367914757
dza,2021,40139.863380806724
ecu,2021,17547.993092216762
egy,2021,94550.37056508631
eri,2021,3649.692794822127
esh,2021,493.88648463713383
esp,2021,46080.3393087247
est,2021,1252.293135031346
eth,2021,107476.66913493368
fin,2021,5431.621044928447
fji,2021,935.2415608133751
flk,2021,2.8664029112373663
fra,2021,64394.52285444524
fro,2021,46.36515957150423
fsm,2021,115.11064308924661
gab,2021,1995.0597236892454
gbr,2021,65952.88526808232
geo,2021,3728.6667186825916
gha,2021,29488.81977043416
gib,2021,32.55239273489141
gin,2021,11759.528769324315
glp,2021,415.5813351339503
gmb,2021,2226.425862618843
gnb,2021,1800.9142520698806
gnq,2021,1264.6918867047455
grc,2021,10263.694126560918
grd,2021,113.78632203659593
grl,2021,54.39904687025648
gtm,2021,18301.423914753606
guf,2021,296.3438360775841
gum,2021,179.06770349175775
guy,2021,789.1388032610803
hkg,2021,7820.388969529302
hnd,2021,10066.51112426032
hrv,2021,4225.25925274425
hti,2021,11431.687363247227
hun,2021,9705.894123499796
idn,2021,281459.7040105582
imn,2021,80.31378518188141
ind,2021,1364188
irl,2021,4789.2830827603075
irn,2021,79854.8339886347
irq,2021,39364.351675579215
isl,2021,344.90227489204625
isr,2021,8677.567429419554
ita,2021,58689.69404459288
jam,2021,2978.7947408946
jor,2021,10302.528635301527
jpn,2021,125241
kaz,2021,17732.35524889754
ken,2021,50945.58856927328
kgz,2021,5997.680511393044
khm,2021,16194.965429536644
kir,2021,115.31145506170908
kna,2021,51.78843622585988
kor,2021,48831.6
kwt,2021,4246.538066408958
lao,2021,7544.011007752354
lbn,2021,6535.080803485337
lbr,2021,5129.488944106282
lby,2021,6556.4003726409865
lca,2021,189.9691352120619
lie,2021,36.15538759118986
lka,2021,22547.96870045028
lso,2021,2028.3385595929076
ltu,2021,2749.716220254101
lux,2021,594.5626104598635
lva,2021,1857.4881838484084
mac,2021,661.3499839089541
mar,2021,33948.12548185066
mco,2021,36.394686660381616
mda,2021,3664.6109262574923
mdg,2021,26366.99880507979
mdv,2021,511.8525623641898
mex,2021,130788.00807958846
mhl,2021,59.70769554935101
mkd,2021,2136.257875561168
mli,2021,19230.267138581985
mlt,2021,427.66967661039496
mmr,2021,55976.508478544245
mne,2021,643.9554167331701
mng,2021,3177.407537689627
mnp,2021,57.983169235933765
moz,2021,28478.874388644374
mrt,2021,4264.291048293864
msr,2021,5.023790846900494
mtq,2021,372.25691216157077
mus,2021,1217.435952013523
mwi,2021,18717.26134845482
mys,2021,34218.40084580783
myt,2021,258.2833405593373
nam,2021,2351.1324678016504
ncl,2021,306.0809638583927
ner,2021,22965.8233101501
nga,2021,196262.35360185296
nic,2021,6611.023876693597
niu,2021,1.4833628578117202
nld,2021,16722.017196462075
nor,2021,5340.430289026773
npl,2021,31095.479467261634
nru,2021,10.793102297897102
nzl,2021,4489.5838108215485
omn,2021,4571.445981917304
pak,2021,229872.01234402825
pan,2021,4325.78534958985
per,2021,32090.088335045162
phl,2021,116626.61938931896
plw,2021,18.362722921347615
png,2021,9322.627271652696
pol,2021,38310.62612000129
pri,2021,3441.0434955564415
prk,2021,25446.818498907272
prt,2021,10118.317547701716
pry,2021,7358.374181060405
pse,2021,5071.254521955204
pyf,2021,301.2754310384274
qat,2021,2790.7230720464204
reu,2021,860.0789044601909
rom,2021,19647.267662972597
rus,2021,138438.45710456534
rwa,2021,12328.697032221049
sau,2021,34768.937338257354
sdn,2021,41270.50526293046
sen,2021,15558.779408738452
sgp,2021,6059.0989249226495
shn,2021,5.504667726554855
slb,2021,702.7899622362012
sle,2021,7630.923573630279
slv,2021,6483.7814093905545
smr,2021,32.10467189575845
som,2021,14383.362382923962
spm,2021,5.646200250669644
srb,2021,8899.188683290244
stp,2021,198.25782384145248
sur,2021,594.0474583791752
svk,2021,5554.039714555966
svn,2021,2120.6146268579155
swe,2021,9898.175275638976
swz,2021,1096.2874306242052
syc,2021,89.14276749066106
syr,2021,19067.506740960012
tca,2021,36.39239348949601
tcd,2021,15403.020637332802
tgo,2021,7645.431470718903
tha,2021,73428.42674520587
tjk,2021,8521.158943026016
tkl,2021,1.1471095107969569
tkm,2021,5660.948735848253
tls,2021,1402.9764209597938
ton,2021,106.85933822898868
tto,2021,1396.9104753018898
tun,2021,11026.132378644745
tur,2021,80387.1550443703
tuv,2021,11.537382491029561
twn,2021,24487.93789284004
tza,2021,56276.430808952464
uga,2021,42966.73822389408
ukr,2021,41817.62133949346
ury,2021,3479.0104310077395
usa,2021,349282.5565044436
uzb,2021,31283.482863437515
vct,2021,110.69613060665665
ven,2021,32788.948007683284
vgb,2021,29.485313221027422
vir,2021,108.98721782285692
vnm,2021,96219.15671730935
vut,2021,315.3396049393509
wlf,2021,11.238374807855811
wsm,2021,203.02260134187432
yem,2021,29931.15860182641
zaf,2021,54670.2885333697
zmb,2021,17328.896561150235
zwe,2021,13312.490926185463
abw,2022,114.707579692417
afg,2022,42858.06685634233
ago,2022,31445.024129013178
aia,2022,14.467802338915282
alb,2022,2944.340511725221
and,2022,75.04788375808305
ant,2022,203.34258586697732
are,2022,10516.204564625488
arg,2022,45796.00551532898
arm,2022,2754.8419693828023
asm,2022,58.148562056606835
atg,2022,94.80316504257632
aus,2022,24151.845125414897
aut,2022,8538.721546939221
aze,2022,9765.621908726596
bdi,2022,11174.657372457314
bel,2022,11223.527944455453
ben,2022,11755.285764107743
bfa,2022,20288.721849193786
bgd,2022,175321.9353847638
bgr,2022,6979.83949423602
bhr,2022,1593.4836337857134
bhs,2022,409.8186657891849
bih,2022,3412.4809729604253
blr,2022,8850.514744983635
blz,2022,401.5994820065626
bmu,2022,61.27276681903611
bol,2022,12004.02720361812
bra,2022,217642.33513249626
brb,2022,292.5579988597202
brn,2022,477.99364544068874
btn,2022,853.8392765649401
bwa,2022,2122.2512959190044
caf,2022,4730.702882046945
can,2022,36274.38203478662
che,2022,8270.47852576936
chi,2022,159.10312975517
chl,2022,19167.315473588584
chn,2022,1410502.7803148895
civ,2022,24039.295107702997
cmr,2022,24522.193632312097
cod,2022,85119.93602790429
cog,2022,5250.949012555286
cok,2022,16.03312496112909
col,2022,52027.18938137308
com,2022,822.6235635447407
cpv,2022,512.1596612828253
cri,2022,5350.646338648172
cub,2022,11297.760409979574
cym,2022,62.540138074599554
cyp,2022,1210.3687863445075
cze,2022,10950.925219633895
deu,2022,78389.56200755121
dji,2022,946.703921945642
dma,2022,72.12420855038914
dnk,2022,5649.671875101253
dom,2022,11152.016620346783
dza,2022,40385.6512515697
ecu,2022,17761.284725142687
egy,2022,95340.91196936675
eri,2022,3715.510871947799
esh,2022,491.6651282731667
esp,2022,46085.45380598708
est,2022,1249.9228616581995
eth,2022,109164.57909859122
fin,2022,5438.500012489641
fji,2022,941.4575740697878
flk,2022,2.8714722199373837
fra,2022,64563.33637145115
fro,2022,46.2258638199696
fsm,2022,115.55097230090544
gab,2022,2012.239625261239
gbr,2022,66146.12248396738
geo,2022,3702.846959154959
gha,2022,29909.974909518565
gib,2022,32.454594947670074
gin,2022,11868.62544135725
glp,2022,417.99282201251776
gmb,2022,2259.1556514401436
gnb,2022,1819.501050194396
gnq,2022,1286.3742950239898
grc,2022,10227.877967512375
grd,2022,114.36633286056693
grl,2022,54.235614754706994
gtm,2022,18637.541884763952
guf,2022,302.035191302856
gum,2022,181.2176659381904
guy,2022,792.0244898113912
hkg,2022,7898.35163192484
hnd,2022,10217.815886425105
hrv,2022,4212.275621300548
hti,2022,11544.24078643463
hun,2022,9669.6996258083
idn,2022,283961.8565953963
imn,2022,80.07249691351585
ind,2022,1376196
irl,2022,4821.282961157976
irn,2022,80402.29856092438
irq,2022,40210.1398899062
isl,2022,348.1043138993853
isr,2022,8839.145080260872
ita,2022,58539.49506533343
jam,2022,2990.703938948697
jor,2022,10530.755074726778
jpn,2022,124961
kaz,2022,17852.85085790743
ken,2022,51699.99088895541
kgz,2022,6034.0989985897195
khm,2022,16334.92087087611
kir,2022,115.57406989427714
kna,2022,51.88002543311711
kor,2022,48767.2
kwt,2022,4336.133891563091
lao,2022,7644.442852213333
lbn,2022,6570.411609467209
lbr,2022,5264.4174572872735
lby,2022,6603.811651035292
lca,2022,191.59616484867166
lie,2022,36.04676525637886
lka,2022,22710.045863514548
lso,2022,2033.322130006846
ltu,2022,2738.466998757161
lux,2022,600.9112240694054
lva,2022,1848.209322361769
mac,2022,669.3774964805164
mar,2022,33993.578949303206
mco,2022,36.28534539471839
mda,2022,3623.968457111521
mdg,2022,26856.524244277523
mdv,2022,519.1160786560938
mex,2022,132177.89791704778
mhl,2022,59.8436761981194
mkd,2022,2140.4402744201757
mli,2022,19637.22413024119
mlt,2022,427.70318153353344
mmr,2022,56239.928463033415
mne,2022,644.99035443487
mng,2022,3211.4243647668577
mnp,2022,58.115222380805726
moz,2022,28861.184797786933
mrt,2022,4319.809043173966
msr,2022,5.032675552727237
mtq,2022,372.2347674249665
mus,2022,1217.5973905577764
mwi,2022,19170.27415723197
mys,2022,34741.120904484495
myt,2022,262.7664317964476
nam,2022,2368.7510174711224
ncl,2022,310.7025579297196
ner,2022,23627.70232860174
nga,2022,200040.4507749408
nic,2022,6667.167042467965
niu,2022,1.476039424091209
nld,2022,16734.373464180586
nor,2022,5380.583810318596
npl,2022,31657.928259206874
nru,2022,10.81768293259064
nzl,2022,4508.72137361257
omn,2022,4649.219991637516
pak,2022,234070.23065166097
pan,2022,4383.508999369928
per,2022,32327.816562839358
phl,2022,118596.97390012215
plw,2022,18.40454290708019
png,2022,9491.114583632509
pol,2022,38229.83904840897
pri,2022,3430.937616725482
prk,2022,25550.064410672072
prt,2022,10104.390405104248
pry,2022,7465.173087614518
pse,2022,5129.381362975088
pyf,2022,304.66497166115187
qat,2022,2841.1268334469596
reu,2022,864.0538000504125
rom,2022,19543.24810702224
rus,2022,138232.04414289448
rwa,2022,12542.71075506713
sau,2022,35445.731262615234
sdn,2022,41859.40721077673
sen,2022,15796.32138337249
sgp,2022,6112.503625767837
shn,2022,5.479909347724361
slb,2022,716.7089171437959
sle,2022,7744.308223385672
slv,2022,6501.139886551867
smr,2022,32.008219204970324
som,2022,14560.868079419697
spm,2022,5.617965213382195
srb,2022,8885.409096240403
stp,2022,199.00628404886757
sur,2022,599.5487561711634
svk,2022,5555.931611294289
svn,2022,2122.380062514656
swe,2022,9948.82303043544
swz,2022,1100.3242437166712
syc,2022,88.74182950181832
syr,2022,19349.377363024818
tca,2022,36.456754391519766
tcd,2022,15711.893888676655
tgo,2022,7736.752719499236
tha,2022,73856.38612713014
tjk,2022,8574.548366868903
tkl,2022,1.1414461760112375
tkm,2022,5707.150100051623
tls,2022,1433.8036312972156
ton,2022,107.33198766952952
tto,2022,1399.2597337043212
tun,2022,11054.973043820582
tur,2022,80851.32376834954
tuv,2022,11.563658178640424
twn,2022,24543.707683501547
tza,2022,57378.01281384677
uga,2022,44041.12122212976
ukr,2022,41623.828791529915
ury,2022,3488.62787537733
usa,2022,352389.2623832745
uzb,2022,31508.485520021284
vct,2022,110.89731330891922
ven,2022,33219.71512684052
vgb,2022,29.537458770506223
vir,2022,109.60938818656437
vnm,2022,96968.81003879549
vut,2022,321.5988303930987
wlf,2022,11.182890411304983
wsm,2022,203.57559721116468
yem,2022,30661.99088104063
zaf,2022,54828.186867972996
zmb,2022,17676.417477866045
zwe,2022,13289.3213423031
abw,2023,116.11131360576029
afg,2023,44026.86961781883
ago,2023,32091.308014055103
aia,2023,14.492948351547145
alb,2023,2944.306761853115
and,2023,74.82359544864698
ant,2023,203.69600894485922
are,2023,10727.435997806602
arg,2023,46160.38721560228
arm,2023,2744.694307614559
asm,2023,58.27796684684993
atg,2023,94.96793931373766
aus,2023,24364.882639848205
aut,2023,8539.430828723467
aze,2023,9821.154908650833
bdi,2023,11350.609387563321
bel,2023,11241.017131966546
ben,2023,11973.00641681796
bfa,2023,20700.63886825816
bgd,2023,177384.2749223326
bgr,2023,6937.0571843017315
bhr,2023,1630.5737165703051
bhs,2023,414.70002336677305
bih,2023,3401.097487423253
blr,2023,8817.388023519658
blz,2023,406.77465188971996
bmu,2023,61.089646861535215
bol,2023,12162.008856948327
bra,2023,219384.9752402432
brb,2023,293.41825861229614
brn,2023,485.3414505738573
btn,2023,869.1734588623563
bwa,2023,2131.1960155333927
caf,2023,4784.337176960299
can,2023,36447.40972481531
che,2023,8288.329248455952
chi,2023,158.62763370902155
chl,2023,19326.060401792212
chn,2023,1413388.315522929
civ,2023,24248.483063647305
cmr,2023,24788.11554918919
cod,2023,86789.44175629306
cog,2023,5327.668394938304
cok,2023,15.955616157968779
col,2023,52642.067379385604
com,2023,832.090431808357
cpv,2023,512.6573492300489
cri,2023,5419.794816618947
cub,2023,11283.7187864504
cym,2023,62.6488370369701
cyp,2023,1219.6342693059003
cze,2023,10972.349503751844
deu,2023,78111.97600489948
dji,2023,955.1412219915003
dma,2023,72.2495652712501
dnk,2023,5659.705338667206
dom,2023,11269.599455197857
dza,2023,40634.58180155978
ecu,2023,17974.729354399828
egy,2023,96137.01668493758
eri,2023,3781.236799420842
esh,2023,489.52804095040824
esp,2023,46090.84822364267
est,2023,1247.5525757110213
eth,2023,110851.95143773536
fin,2023,5445.374461484137
fji,2023,947.6478602338966
flk,2023,2.8764630316047763
fra,2023,64731.574747731436
fro,2023,46.08771307768052
fsm,2023,115.9866896050676
gab,2023,2029.5325767770964
gbr,2023,66338.6490739567
geo,2023,3677.027063427912
gha,2023,30331.34734004638
gib,2023,32.35760105697343
gin,2023,11978.320374134837
glp,2023,420.39875592103124
gmb,2023,2291.8937412643695
gnb,2023,1838.1631328414983
gnq,2023,1308.0345504972206
grc,2023,10192.345046102408
grd,2023,114.94454430154974
grl,2023,54.073526048997834
gtm,2023,18974.21454728448
guf,2023,307.7363931932381
gum,2023,183.366974421239
guy,2023,794.8937453305294
hkg,2023,7976.214822202048
hnd,2023,10369.309045567612
hrv,2023,4199.300099792742
hti,2023,11656.802123500922
hun,2023,9633.540675971457
idn,2023,286459.0771323631
imn,2023,79.83319203154277
ind,2023,1388204
irl,2023,4853.1238400504535
irn,2023,80950.82111088993
irq,2023,41055.58562215563
isl,2023,351.28953762427335
isr,2023,9000.68454422481
ita,2023,58390.58930925746
jam,2023,3002.554647527509
jor,2023,10758.881580120367
jpn,2023,124681
kaz,2023,17973.347099798168
ken,2023,52454.53558659503
kgz,2023,6070.517677018077
khm,2023,16475.111651530922
kir,2023,115.8312703777156
kna,2023,51.9701964034084
kor,2023,48702.8
kwt,2023,4425.69523977757
lao,2023,7744.8910097421385
lbn,2023,6605.843207513415
lbr,2023,5398.847655108813
lby,2023,6651.673098379471
lca,2023,193.22248005429077
lie,2023,35.93903579573139
lka,2023,22871.55712725142
lso,2023,2038.529153272778
ltu,2023,2727.217717832927
lux,2023,607.225896892968
lva,2023,1838.9304118887924
mac,2023,677.4029812857827
mar,2023,34043.10229016684
mco,2023,36.17690291282084
mda,2023,3583.3257737478157
mdg,2023,27345.26201772545
mdv,2023,526.3827016638842
mex,2023,133568.23350498758
mhl,2023,59.97685332394849
mkd,2023,2144.5982289349326
mli,2023,20043.172589925183
mlt,2023,427.73936784276697
mmr,2023,56501.325151710895
mne,2023,646.0185233822586
mng,2023,3245.5029501743174
mnp,2023,58.24455297637227
moz,2023,29243.917353230565
mrt,2023,4375.405264500377
msr,2023,5.0414226810095
mtq,2023,372.2152633309338
mus,2023,1217.917548406616
mwi,2023,19621.810585804935
mys,2023,35264.213953022045
myt,2023,267.24452094261926
nam,2023,2386.525636113164
ncl,2023,315.32724759146544
ner,2023,24286.848028054712
nga,2023,203811.51727319276
nic,2023,6723.283683024076
niu,2023,1.4689038189327563
nld,2023,16746.768549433033
nor,2023,5420.533309754018
npl,2023,32221.10515656005
nru,2023,10.841756786548464
nzl,2023,4528.02808302583
omn,2023,4726.984906334804
pak,2023,238274.01099195002
pan,2023,4441.288248445031
per,2023,32565.295094095818
phl,2023,120569.43984356691
plw,2023,18.445500687121122
png,2023,9659.819569919278
pol,2023,38149.02740381944
pri,2023,3420.733580717723
prk,2023,25653.40284861739
prt,2023,10090.614685445187
pry,2023,7572.0964943346025
pse,2023,5187.540346890052
pyf,2023,308.05239856018267
qat,2023,2891.5206541439156
reu,2023,868.1072623274847
rom,2023,19439.382190844502
rus,2023,138025.6300839394
rwa,2023,12756.485526668856
sau,2023,36122.32808792809
sdn,2023,42448.6177638558
sen,2023,16033.84470463871
sgp,2023,6165.800104256811
shn,2023,5.45609019903261
slb,2023,730.6497002806377
sle,2023,7857.7108443672505
slv,2023,6518.341284506347
smr,2023,31.912559354031902
som,2023,14738.722437537608
spm,2023,5.59027518468448
srb,2023,8871.610556542282
stp,2023,199.77431346806281
sur,2023,605.0492571150716
svk,2023,5557.78381219984
svn,2023,2124.127571182606
swe,2023,9999.234747416833
swz,2023,1104.4701524541567
syc,2023,88.35610143626926
syr,2023,19631.273847136097
tca,2023,36.52011868037101
tcd,2023,16020.107898944909
tgo,2023,7828.285650614881
tha,2023,74282.0582096614
tjk,2023,8627.938071078144
tkl,2023,1.135928092219772
tkm,2023,5753.351707007675
tls,2023,1464.6879516083472
ton,2023,107.80064012676415
tto,2023,1401.5703160688565
tun,2023,11085.013196737324
tur,2023,81313.2597117192
tuv,2023,11.58939213848612
twn,2023,24598.327664327204
tza,2023,58477.42020881999
uga,2023,45111.81550707309
ukr,2023,41430.03522023282
ury,2023,3498.1620901750084
usa,2023,355496.0664192823
uzb,2023,31733.489358532122
vct,2023,111.09548339362729
ven,2023,33650.88014383919
vgb,2023,29.58879685862472
vir,2023,110.23006664710458
vnm,2023,97719.66702674862
vut,2023,327.86791168054555
wlf,2023,11.128829056843228
wsm,2023,204.11946368408118
yem,2023,31392.43113850836
zaf,2023,54991.90303655235
zmb,2023,18023.1964791478
zwe,2023,13268.104097285779
abw,2024,117.51609909991892
afg,2024,45198.39579848839
ago,2024,32736.098734531522
aia,2024,14.51770797575457
alb,2024,2944.2546162148433
and,2024,74.6011432398032
ant,2024,204.04400139689116
are,2024,10938.596445719746
arg,2024,46524.51890089191
arm,2024,2734.5465922184258
asm,2024,58.40473091112765
atg,2024,95.13018169755951
aus,2024,24577.753780414787
aut,2024,8540.193062873705
aze,2024,9876.688200120025
bdi,2024,11526.482342573832
bel,2024,11258.477473516456
ben,2024,12190.369639974368
bfa,2024,21111.635126754038
bgd,2024,179445.9269947955
bgr,2024,6894.3450722321895
bhr,2024,1667.6456514821314
bhs,2024,419.584680795017
bih,2024,3389.722915364773
blr,2024,8784.261127000225
blz,2024,411.95439383455783
bmu,2024,60.90802598645763
bol,2024,12320.138423181153
bra,2024,221126.46455348644
brb,2024,294.2719070187021
brn,2024,492.69488612389
btn,2024,884.5273078063021
bwa,2024,2140.3314312415146
caf,2024,4838.113300997489
can,2024,36620.436885464675
che,2024,8306.129203757811
chi,2024,158.15603023567004
chl,2024,19484.722002590468
chn,2024,1416272.2637863653
civ,2024,24458.924322431467
cmr,2024,25054.874354512136
cod,2024,88455.57763384625
cog,2024,5404.40072879462
cok,2024,15.880070100393745
col,2024,53257.34783436218
com,2024,841.5807827135125
cpv,2024,513.2150195883079
cri,2024,5489.0048860093
cub,2024,11269.260366094324
cym,2024,62.75586575358744
cyp,2024,1228.8527631454137
cze,2024,10993.647935409117
deu,2024,77836.5653870162
dji,2024,963.6262048278626
dma,2024,72.37299578668936
dnk,2024,5669.716969382434
dom,2024,11387.219983193776
dza,2024,40886.47952936419
ecu,2024,18188.323453623252
egy,2024,96938.3740313506
eri,2024,3846.875723294369
esh,2024,487.47051670470694
esp,2024,46096.519124405786
est,2024,1245.1822771902712
eth,2024,112538.81617574894
fin,2024,5452.24444739773
fji,2024,953.8132068136514
flk,2024,2.881377155493273
fra,2024,64899.24504573333
fro,2024,45.950693284482746
fsm,2024,116.41793617251804
gab,2024,2046.9322650169736
gbr,2024,66530.47376418913
geo,2024,3651.207031506419
gha,2024,30752.924927481243
gib,2024,32.261401191344824
gin,2024,12088.580158072991
glp,2024,422.79926484817304
gmb,2024,2324.639668525998
gnb,2024,1856.8962957831661
gnq,2024,1329.6738902394873
grc,2024,10157.091884311149
grd,2024,115.52099783296408
grl,2024,53.91276425671232
gtm,2024,19311.429117379765
guf,2024,313.44721479600423
gum,2024,185.51564895876487
guy,2024,797.7469485322306
hkg,2024,8053.981585208863
hnd,2024,10520.986259384406
hrv,2024,4186.33271330971
hti,2024,11769.371192041557
hun,2024,9597.417383960012
idn,2024,288951.51659176114
imn,2024,79.59584618094603
ind,2024,1400212
irl,2024,4884.807671873999
irn,2024,81500.35181405164
irq,2024,41900.70500120408
isl,2024,354.45815255016504
isr,2024,9162.187619687025
ita,2024,58242.960896215904
jam,2024,3014.348214736789
jor,2024,10986.912857783045
jpn,2024,124401
kaz,2024,18093.843974546708
ken,2024,53209.21471116345
kgz,2024,6106.936546671148
khm,2024,16615.53683420144
kir,2024,116.08322224559936
kna,2024,52.058981825237154
kor,2024,48638.4
kwt,2024,4515.223734711969
lao,2024,7845.354980994721
lbn,2024,6641.3708509149465
lbr,2024,5532.807365752923
lby,2024,6699.959575204624
lca,2024,194.84809729561718
lie,2024,35.83218824518883
lka,2024,23032.51981387567
lso,2024,2043.947150773457
ltu,2024,2715.968377483567
lux,2024,613.5070457068246
lva,2024,1829.651452431266
mac,2024,685.4265003948101
mar,2024,34096.46822431469
mco,2024,36.06934817806332
mda,2024,3542.6828761741917
mdg,2024,27833.256112239214
mdv,2024,533.6523362907882
mex,2024,134959.00456944344
mhl,2024,60.10731274285568
mkd,2024,2148.7316634844824
mli,2024,20448.16883861793
mlt,2024,427.77820261198366
mmr,2024,56760.76047779157
mne,2024,647.0399026355351
mng,2024,3279.6430479434966
mnp,2024,58.37124436004266
moz,2024,29627.048480417725
mrt,2024,4431.075343754752
msr,2024,5.050035402729389
mtq,2024,372.19836745367195
mus,2024,1218.3875619566734
mwi,2024,20071.953081917425
mys,2024,35787.6685741769
myt,2024,271.7178873372192
nam,2024,2404.4476081309263
ncl,2024,319.9549380874083
ner,2024,24943.4130493963
nga,2024,207575.94572126982
nic,2024,6779.374409733454
niu,2024,1.461948907798105
nld,2024,16759.201975559037
nor,2024,5460.281292621778
npl,2024,32784.987871967816
nru,2024,10.865339372361472
nzl,2024,4547.497514143659
omn,2024,4804.741154330858
pak,2024,242483.18311071818
pan,2024,4499.121815324279
per,2024,32802.52968399248
phl,2024,122543.95258856435
plw,2024,18.48562265364205
png,2024,9828.735567488471
pol,2024,38068.191110213746
pri,2024,3410.433556638433
prk,2024,25756.833444233805
prt,2024,10076.988529324799
pry,2024,7679.141531654991
pse,2024,5245.729959960195
pyf,2024,311.43777643673815
qat,2024,2941.9050022855267
reu,2024,872.2349037724971
rom,2024,19335.670389739007
rus,2024,137819.2149277402
rwa,2024,12970.034691143755
sau,2024,36798.73709639308
sdn,2024,43038.11968825658
sen,2024,16271.350414225471
sgp,2024,6218.9916730828545
shn,2024,5.433157829623397
slb,2024,744.611643483226
sle,2024,7971.130432980509
slv,2024,6535.389223723855
smr,2024,31.81768260725709
som,2024,14916.905986436777
spm,2024,5.5631145353247415
srb,2024,8857.793005564023
stp,2024,200.5608192658009
sur,2024,610.5489795772039
svk,2024,5559.596194469698
svn,2024,2125.8570974028803
swe,2024,10049.413325012232
swz,2024,1108.7190644427396
syc,2024,87.98473390314938
syr,2024,19913.19497534469
tca,2024,36.5825093266773
tcd,2024,16327.699483138927
tgo,2024,7920.01844276744
tha,2024,74705.51300718106
tjk,2024,8681.328055643527
tkl,2024,1.1305497421638218
tkm,2024,5799.553556707561
tls,2024,1495.6276337532217
ton,2024,108.26541794860847
tto,2024,1403.8431138274836
tun,2024,11116.18585257791
tur,2024,81772.99029193453
tuv,2024,11.614600952888374
twn,2024,24651.833031070004
tza,2024,59574.77443391917
uga,2024,46179.027073146994
ukr,2024,41236.24062563952
ury,2024,3507.6149937333325
usa,2024,358602.9664433616
uzb,2024,31958.49437892694
vct,2024,111.29071029766727
ven,2024,34082.43388765551
vgb,2024,29.639346096309076
vir,2024,110.84928759089034
vnm,2024,98471.72288725605
vut,2024,334.1465471139882
wlf,2024,11.076136691199231
wsm,2024,204.65448021203375
yem,2024,32122.49783613104
zaf,2024,55161.112144962324
zmb,2024,18369.27499690673
zwe,2024,13248.73016370684
abw,2025,118.9219121221281
afg,2025,46372.56287631603
ago,2025,33379.478151667216
aia,2025,14.542090049384111
alb,2025,2944.184017842564
and,2025,74.38050467704345
ant,2025,204.386687437555
are,2025,11149.68919968324
arg,2025,46888.40628978034
arm,2025,2724.3988231963576
asm,2025,58.528934265796295
atg,2025,95.28995010579689
aus,2025,24790.464787696375
aut,2025,8541.007601811389
aze,2025,9932.221783123536
bdi,2025,11702.280571877965
bel,2025,11275.909321875548
ben,2025,12407.395029287794
bfa,2025,21521.761104440713
bgd,2025,181506.9124329594
bgr,2025,6851.703375415495
bhr,2025,1704.7002799693926
bhs,2025,424.4725625965678
bih,2025,3378.357284388163
blr,2025,8751.134055431716
blz,2025,417.1386032644976
bmu,2025,60.72788586084336
bol,2025,12478.412519110854
bra,2025,222866.82939430146
brb,2025,295.1190952999871
brn,2025,500.05378148412467
btn,2025,899.900227479815
bwa,2025,2149.647088324482
caf,2025,4892.02347852143
can,2025,36793.463531772
che,2025,8323.879012532356
chi,2025,157.6882717310742
chl,2025,19643.302181927673
chn,2025,1419154.6314172358
civ,2025,24670.550173005293
cmr,2025,25322.42416672527
cod,2025,90118.52840919966
cog,2025,5481.145304072915
cok,2025,15.806413167020436
col,2025,53873.0215409212
com,2025,851.0933288483301
cpv,2025,513.8293838830814
cri,2025,5558.275138041223
cub,2025,11254.394682288044
cym,2025,62.86126242791406
cyp,2025,1238.0248425143675
cze,2025,11014.820124866965
deu,2025,77563.30355013275
dji,2025,972.1562562943609
dma,2025,72.49454415472435
dnk,2025,5679.70703425079
dom,2025,11504.877342180793
dza,2025,41141.18176248489
ecu,2025,18402.06360399257
egy,2025,97744.69603847594
eri,2025,3912.4324134520066
esh,2025,485.4881935714933
esp,2025,46102.46312703888
est,2025,1242.811966096406
eth,2025,114225.20114134636
fin,2025,5459.1100248114635
fji,2025,959.9543695007412
flk,2025,2.886216345679289
fra,2025,65066.35421274415
fro,2025,45.81479060948602
fsm,2025,116.8448474705738
gab,2025,2064.432838248815
gbr,2025,66721.60513851572
geo,2025,3625.386863395443
gha,2025,31174.69642430494
gib,2025,32.165985640290955
gin,2025,12199.373825782815
glp,2025,425.1944728793194
gmb,2025,2357.393003545515
gnb,2025,1875.6966421147295
gnq,2025,1351.2934609344136
grc,2025,10122.115060831127
grd,2025,116.09573366340327
grl,2025,53.75331315042337
gtm,2025,19649.173200020137
guf,2025,319.1674360798683
gum,2025,187.66370875988375
guy,2025,800.5844665804914
hkg,2025,8131.654842777738
hnd,2025,10672.843318000481
hrv,2025,4173.373487043919
hti,2025,11881.947815214846
hun,2025,9561.329860198792
idn,2025,291439.3198445127
imn,2025,79.36043540384091
ind,2025,1412220
irl,2025,4916.33637722857
irn,2025,82050.84392615991
irq,2025,42745.51315881478
isl,2025,357.6103617936095
isr,2025,9323.655993844675
ita,2025,58096.5942050005
jam,2025,3026.085947568733
jor,2025,11214.853323064423
jpn,2025,124121
kaz,2025,18214.34148212996
ken,2025,53964.02089284137
kgz,2025,6143.355607541956
khm,2025,16756.19548655882
kir,2025,116.33008453566944
kna,2025,52.146413390196415
kor,2025,48574
kwt,2025,4604.720899648592
lao,2025,7945.834286801113
lbn,2025,6676.990086412048
lbr,2025,5666.3223831993555
lby,2025,6748.647779702861
lca,2025,196.47303253715955
lie,2025,35.726211819471835
lka,2025,23192.950545763993
lso,2025,2049.5645560615912
ltu,2025,2704.718977711246
lux,2025,619.7550804913209
lva,2025,1820.3724439909752
mac,2025,693.4481133699509
mar,2025,34153.466085488246
mco,2025,35.962670333782725
mda,2025,3502.0397643984556
mdg,2025,28320.54729925807
mdv,2025,540.9248912820557
mex,2025,136350.2011497789
mhl,2025,60.23513680378903
mkd,2025,2152.8405021356207
mli,2025,20852.26508031609
mlt,2025,427.81965345196335
mmr,2025,57018.29387231463
mne,2025,648.054471168437
mng,2025,3313.844413410333
mnp,2025,58.49537650229552
moz,2025,30010.55632805903
mrt,2025,4486.815231751509
msr,2025,5.058516792162678
mtq,2025,372.18404789611304
mus,2025,1218.9992155219365
mwi,2025,20520.778066495237
mys,2025,36311.473811975666
myt,2025,276.18678990028684
nam,2025,2422.50885502584
ncl,2025,324.58553848959065
ner,2025,25597.53887567247
nga,2025,211334.1000435041
nic,2025,6835.4398153224465
niu,2025,1.4551679129652044
nld,2025,16771.673273670647
nor,2025,5499.830223359539
npl,2025,33349.555018512445
nru,2025,10.888445575893408
nzl,2025,4567.123563374681
omn,2025,4882.4891374678255
pak,2025,246697.5836322599
pan,2025,4557.008457598768
per,2025,33039.52591219005
phl,2025,124520.45011519858
plw,2025,18.524934132539446
png,2025,9997.856182509688
pol,2025,37987.33009125903
pri,2025,3400.0396501488704
prk,2025,25860.355830966204
prt,2025,10063.510107662622
pry,2025,7786.305417523964
pse,2025,5303.948782027469
pyf,2025,314.82116737803005
qat,2025,2992.2803170783477
reu,2025,876.4326575882079
rom,2025,19232.113180967877
rus,2025,137612.7986743368
rwa,2025,13183.370617172503
sau,2025,37474.966996366886
sdn,2025,43627.89700984349
sen,2025,16508.83947767515
sgp,2025,6272.0815111024895
shn,2025,5.411063622726804
slb,2025,758.5941055826622
sle,2025,8084.566058992347
slv,2025,6552.2872142597735
smr,2025,31.72357938770929
som,2025,15095.400678568312
spm,2025,5.536468227994441
srb,2025,8843.956384431664
stp,2025,201.3647884934684
sur,2025,616.0479413637418
svk,2025,5561.368634793875
svn,2025,2127.5685854875987
swe,2025,10099.361614389107
swz,2025,1113.0653326342097
syc,2025,87.62693960091158
syr,2025,20195.13960499705
tca,2025,36.643948600524524
tcd,2025,16634.70276513356
tgo,2025,8011.940138779363
tha,2025,75126.81770540623
tjk,2025,8734.718320554824
tkl,2025,1.1253058845166375
tkm,2025,5845.75564914243
tls,2025,1526.6210002188093
ton,2025,108.72643853997693
tto,2025,1406.07899122594
tun,2025,11148.428923024352
tur,2025,82230.54247938353
tuv,2025,11.639300534223342
twn,2025,24704.25755753258
tza,2025,60670.18805208905
uga,2025,47242.94685686222
ukr,2025,41042.445007787275
ury,2025,3516.988445880938
usa,2025,361709.9603498511
uzb,2025,32183.500581162632
vct,2025,111.48306134028971
ven,2025,34514.367466956945
vgb,2025,29.689124526902837
vir,2025,111.46708435564244
vnm,2025,99224.97285182858
vut,2025,340.4344471942662
wlf,2025,11.024761964441755
wsm,2025,205.18091495626228
yem,2025,32852.208294465374
zaf,2025,55335.513048377834
zmb,2025,18714.691434437707
zwe,2025,13231.09848389629
abw,2026,120.27573513099047
afg,2026,47641.42634475734
ago,2026,33962.24152507086
aia,2026,14.574481502996845
alb,2026,2942.241537799196
and,2026,74.09254974215
ant,2026,204.84194399852464
are,2026,11349.698177145692
arg,2026,47247.25755309966
arm,2026,2715.372113551673
asm,2026,58.66278702293338
atg,2026,95.5022015763991
aus,2026,24984.296263735872
aut,2026,8530.114041586721
aze,2026,9978.306080255887
bdi,2026,11840.900960615201
bel,2026,11280.118180320042
ben,2026,12598.407366447507
bfa,2026,21915.845870556725
bgd,2026,183353.53062912353
bgr,2026,6814.731619978012
bhr,2026,1741.02822966352
bhs,2026,429.26582273793804
bih,2026,3365.6022627486996
blr,2026,8722.281026264329
blz,2026,421.8963073719617
bmu,2026,60.492785353052994
bol,2026,12631.57189217979
bra,2026,224472.51810704535
brb,2026,295.86799534570935
brn,2026,507.11452376868897
btn,2026,914.8500894209604
bwa,2026,2153.988803659124
caf,2026,4935.54189441985
can,2026,36910.89426138844
che,2026,8332.975290965447
chi,2026,157.07780106786834
chl,2026,19790.56421449753
chn,2026,1420347.810240084
civ,2026,24827.139047519362
cmr,2026,25538.902003729727
cod,2026,91616.63810920475
cog,2026,5548.808077545345
cok,2026,15.733026287222184
col,2026,54467.44366655382
com,2026,859.1274967013563
cpv,2026,513.1497111712006
cri,2026,5626.105018082248
cub,2026,11233.03141801556
cym,2026,63.00128134259943
cyp,2026,1244.7736963713762
cze,2026,11029.352525236856
deu,2026,77201.33488040336
dji,2026,978.2092961757296
dma,2026,72.65602050758626
dnk,2026,5684.48650665542
dom,2026,11619.2243644415
dza,2026,41261.64819787013
ecu,2026,18608.18884418227
egy,2026,98313.72372031791
eri,2026,3972.7589497281297
esh,2026,482.8274750377207
esp,2026,46049.03994398521
est,2026,1240.8409506182315
eth,2026,115653.50323338051
fin,2026,5458.225191610821
fji,2026,965.2552792817179
flk,2026,2.8926451838009
fra,2026,65159.86437121493
fro,2026,45.637424307598266
fsm,2026,117.09076529780506
gab,2026,2076.089846969431
gbr,2026,66823.12782958875
geo,2026,3600.7779980663927
gha,2026,31542.198885163318
gib,2026,32.04145900066878
gin,2026,12277.111606870698
glp,2026,427.67576403276485
gmb,2026,2383.918734128323
gnb,2026,1889.626428995312
gnq,2026,1369.6732940178922
grc,2026,10078.853489841302
grd,2026,116.63960084329484
grl,2026,53.54521383924304
gtm,2026,19987.943439675437
guf,2026,324.6403186569597
gum,2026,189.66434262006138
guy,2026,802.4960965099713
hkg,2026,8213.92430341067
hnd,2026,10817.708951313394
hrv,2026,4160.41937029162
hti,2026,11987.83834075521
hun,2026,9525.673195501866
idn,2026,293611.481870447
imn,2026,79.05320128235905
ind,2026,1420998
irl,2026,4939.857452908385
irn,2026,82498.6119546977
irq,2026,43629.76928435801
isl,2026,360.12875300737653
isr,2026,9486.464820807449
ita,2026,57893.090439890184
jam,2026,3035.3221778167062
jor,2026,11443.91555083772
jpn,2026,123865
kaz,2026,18328.18542811252
ken,2026,54618.22391434404
kgz,2026,6177.01521948483
khm,2026,16878.211930943875
kir,2026,116.5961256441984
kna,2026,52.26256575376058
kor,2026,48512
kwt,2026,4696.150157289658
lao,2026,8037.101916795105
lbn,2026,6708.920414478407
lbr,2026,5789.88864196668
lby,2026,6779.283204696799
lca,2026,198.00447172867072
lie,2026,35.587902204027124
lka,2026,23335.95228577757
lso,2026,2049.652708937236
ltu,2026,2693.880781682392
lux,2026,625.4516671305328
lva,2026,1812.7049684539409
mac,2026,701.8865001890704
mar,2026,34108.53829768454
mco,2026,35.82344529841193
mda,2026,3464.658604880352
mdg,2026,28767.935106256766
mdv,2026,547.478727267326
mex,2026,137677.30314450315
mhl,2026,60.37289156113866
mkd,2026,2157.1636007100738
mli,2026,21232.304471223215
mlt,2026,427.0327578855566
mmr,2026,57221.56074232446
mne,2026,648.8944935274694
mng,2026,3342.4645931116447
mnp,2026,58.629152514499104
moz,2026,30330.680040018095
mrt,2026,4534.089558918898
msr,2026,5.069784272384993
mtq,2026,371.68167600198046
mus,2026,1217.099808653282
mwi,2026,20982.91507315899
mys,2026,36819.812696985704
myt,2026,280.6072639080395
nam,2026,2434.112388260498
ncl,2026,329.00913705408135
ner,2026,26297.342619496754
nga,2026,215114.44702892023
nic,2026,6886.77701615144
niu,2026,1.4484117797687204
nld,2026,16762.85534915202
nor,2026,5533.796563229711
npl,2026,33884.72388719515
nru,2026,10.913346908534319
nzl,2026,4582.028641347901
omn,2026,4960.409336840497
pak,2026,250690.48395493018
pan,2026,4614.290521509506
per,2026,33259.069085838186
phl,2026,126400.97845538236
plw,2026,18.56729973410948
png,2026,10165.538643131405
pol,2026,37869.97087002674
pri,2026,3384.602382542242
prk,2026,25927.443306621524
prt,2026,10039.708474588677
pry,2026,7889.9650237201
pse,2026,5352.029903332146
pyf,2026,317.8989934435782
qat,2026,3041.8219367669317
reu,2026,878.7296447051993
rom,2026,19126.902323497612
rus,2026,137462.45674726123
rwa,2026,13374.148971887043
sau,2026,38153.932157929936
sdn,2026,44136.995418556224
sen,2026,16714.470525563742
sgp,2026,6324.874568793755
shn,2026,5.3814082830933145
slb,2026,772.4332837375803
sle,2026,8181.188480203436
slv,2026,6563.498908726222
smr,2026,31.600765469239143
som,2026,15254.664806912231
spm,2026,5.50573861155379
srb,2026,8835.434391303817
stp,2026,201.65920793114867
sur,2026,621.4137677467755
svk,2026,5557.90470455681
svn,2026,2128.709104821221
swe,2026,10132.839533264185
swz,2026,1114.4304105689773
syc,2026,87.1467000701853
syr,2026,20474.914687731376
tca,2026,36.72557034521531
tcd,2026,16924.595045568713
tgo,2026,8085.517643037605
tha,2026,75476.77244189933
tjk,2026,8777.330286051358
tkl,2026,1.1200812527921173
tkm,2026,5886.95042377439
tls,2026,1557.6277017744671
ton,2026,109.11761707098766
tto,2026,1407.0416543712422
tun,2026,11146.667004509893
tur,2026,82523.69136283342
tuv,2026,11.665919034751266
twn,2026,24760.754963962085
tza,2026,61705.18207673963
uga,2026,48339.21759645277
ukr,2026,40904.796819078845
ury,2026,3526.1035166920437
usa,2026,364504.7976174578
uzb,2026,32377.442552463628
vct,2026,111.67027499076619
ven,2026,34937.08516625673
vgb,2026,29.7552549040804
vir,2026,112.02007008977698
vnm,2026,99842.06992923889
vut,2026,346.73962109485655
wlf,2026,10.973575596444178
wsm,2026,205.50819064298312
yem,2026,33585.73338812098
zaf,2026,55369.23850894623
zmb,2026,19051.115188645796
zwe,2026,13172.550699677968
abw,2027,121.63089476607219
afg,2027,48913.607535753334
ago,2027,34543.348290855545
aia,2027,14.606452211300732
alb,2027,2940.284796057505
and,2027,73.80670328850655
ant,2027,205.29128705327633
are,2027,11549.687837383628
arg,2027,47605.86835247112
arm,2027,2706.331487140177
asm,2027,58.79424932660996
atg,2027,95.71169602931329
aus,2027,25177.964968974502
aut,2027,8519.29151847823
aze,2027,10024.453786921837
bdi,2027,11979.638871687566
bel,2027,11284.277378582528
ben,2027,12789.076132633561
bfa,2027,22308.66753073743
bgd,2027,185199.15170219744
bgr,2027,6777.80213505791
bhr,2027,1777.3503589302295
bhs,2027,434.06368268227754
bih,2027,3352.8553530695776
blr,2027,8693.383499728154
blz,2027,426.65873915228354
bmu,2027,60.259406312591295
bol,2027,12784.920229969714
bra,2027,226076.62523283932
brb,2027,296.608758352291
brn,2027,514.1813631690239
btn,2027,929.82097817439535
bwa,2027,2158.576652198059
caf,2027,4979.262846862136
can,2027,37028.32446014162
che,2027,8341.988697236777
chi,2027,156.47180043031952
chl,2027,19937.71202080635
chn,2027,1421539.0633785147
civ,2027,24985.41773022948
cmr,2027,25756.52161723081
cod,2027,93111.07518993445
cog,2027,5616.496817093422
cok,2027,15.66133084607779
col,2027,55062.38848826702
com,2027,867.1919787249074
cpv,2027,512.5471296843684
cri,2027,5694.017348717211
cub,2027,11211.138825523178
cym,2027,63.13948149662627
cyp,2027,1251.4685897480779
cze,2027,11043.780877847272
deu,2027,76842.04092599126
dji,2027,984.3301722155647
dma,2027,72.81539938070033
dnk,2027,5689.220444891582
dom,2027,11733.627754025116
dza,2027,41386.42797578259
ecu,2027,18814.506146105345
egy,2027,98889.99260220154
eri,2027,4032.9761430865456
esh,2027,480.2610542552029
esp,2027,45995.9587085043
est,2027,1238.8666887281142
eth,2027,117082.15261887373
fin,2027,5457.338865824179
fji,2027,970.530901297744
flk,2027,2.8989905152199924
fra,2027,65252.55384820999
fro,2027,45.4613567281028
fsm,2027,117.33181545017892
gab,2027,2087.9036348402533
gbr,2027,66923.76549238052
geo,2027,3576.1324108278045
gha,2027,31910.033347971974
gib,2027,31.917844177629526
gin,2027,12355.681731161176
glp,2027,430.1514839373233
gmb,2027,2410.4830114866663
gnb,2027,1903.6631709793874
gnq,2027,1388.0414711721742
grc,2027,10035.910295594707
grd,2027,117.1813605848612
grl,2027,53.33863828557682
gtm,2027,20327.43941394007
guf,2027,330.1248585381118
gum,2027,191.66435508530535
guy,2027,804.3851264402011
hkg,2027,8296.147028135116
hnd,2027,10962.797047720576
hrv,2027,4147.468757680735
hti,2027,12093.733538564218
hun,2027,9490.038460700525
idn,2027,295778.4891518092
imn,2027,78.74821680936732
ind,2027,1429776
irl,2027,4963.189548932524
irn,2027,82946.74861463417
irq,2027,44513.892764479475
isl,2027,362.6271674793548
isr,2027,9649.259710630315
ita,2027,57691.06835405353
jam,2027,3044.4818043285845
jor,2027,11672.944440757996
jpn,2027,123609
kaz,2027,18442.18804311077
ken,2027,55272.80976323327
kgz,2027,6210.721501306551
khm,2027,17000.52704803194
kir,2027,116.8574155701434
kna,2027,52.377209368669476
kor,2027,48450
kwt,2027,4787.567034309883
lao,2027,8128.372634364943
lbn,2027,6740.882988499737
lbr,2027,5912.911746790216
lby,2027,6810.510569293851
lca,2027,199.5350251600934
lie,2027,35.450605327714555
lka,2027,23478.40997388313
lso,2027,2050.0186054863475
ltu,2027,2683.026057572378
lux,2027,631.1033547766017
lva,2027,1805.0258299634936
mac,2027,710.3272777215267
mar,2027,34068.73200018681
mco,2027,35.6852397051171
mda,2027,3427.222306852395
mdg,2027,29214.4175894252
mdv,2027,554.0343002332924
mex,2027,139004.9499701602
mhl,2027,60.50818617987439
mkd,2027,2161.462915301928
mli,2027,21611.139037878103
mlt,2027,426.2512819361911
mmr,2027,57422.82545262464
mne,2027,649.728429112576
mng,2027,3371.1572095801203
mnp,2027,58.76053944381681
moz,2027,30651.481138866893
mrt,2027,4581.471397829444
msr,2027,5.0809053948827465
mtq,2027,371.1826131510625
mus,2027,1215.3863422213187
mwi,2027,21442.929419831078
mys,2027,37328.57470337123
myt,2027,285.01829806977827
nam,2027,2445.9219569933744
ncl,2027,333.4359782196261
ner,2027,26993.18740707531
nga,2027,218883.34116145177
nic,2027,6938.0748777681665
niu,2027,1.4418113635732936
nld,2027,16754.079902434532
nor,2027,5567.492439252309
npl,2027,34420.587459520466
nru,2027,10.937803532541233
nzl,2027,4597.093342791895
omn,2027,5038.325897427433
pak,2027,254688.67597737623
pan,2027,4671.647514621868
per,2027,33478.296643559246
phl,2027,128283.573225113
plw,2027,18.608908735658368
png,2027,10333.461837503351
pol,2027,37752.64225833317
pri,2027,3369.112676233661
prk,2027,25994.630728481778
prt,2027,10016.075156060704
pry,2027,7993.77803707551
pse,2027,5400.125309211238
pyf,2027,320.97452928783963
qat,2027,3091.360434858388
reu,2027,881.1213822119681
rom,2027,19021.81345120935
rus,2027,137311.85347501654
rwa,2027,13564.691753022873
sau,2027,38832.82904133728
sdn,2027,44646.61382213494
sen,2027,16920.160270347387
sgp,2027,6377.583788194753
shn,2027,5.3528039497217215
slb,2027,786.2957303105458
sle,2027,8277.882992358383
slv,2027,6574.506184128356
smr,2027,31.478850826360258
som,2027,15414.288363207694
spm,2027,5.47553985838209
srb,2027,8826.87580611193
stp,2027,201.97787717438968
sur,2027,626.7792909531295
svk,2027,5554.413357555102
svn,2027,2129.8334019624162
swe,2027,10166.043747048365
swz,2027,1115.9323209520792
syc,2027,86.68348056891213
syr,2027,20754.69592781301
tca,2027,36.80613187301713
tcd,2027,17213.667372444303
tgo,2027,8159.402349106634
tha,2027,75824.45726284245
tjk,2027,8820.00102726797
tkl,2027,1.1149770396502556
tkm,2027,5928.202852059727
tls,2027,1588.6953757531671
ton,2027,109.5049937687094
tto,2027,1407.9541184426107
tun,2027,11146.439676724089
tur,2027,82814.4530075414
tuv,2027,11.692062160038056
twn,2027,24816.243392888264
tza,2027,62737.42265888697
uga,2027,49430.25776121638
ukr,2027,40766.936574589534
ury,2027,3535.1224517636338
usa,2027,367299.68732376635
uzb,2027,32571.654458914552
vct,2027,111.85399502053698
ven,2027,35360.32153646135
vgb,2027,29.820526287824006
vir,2027,112.57116754319102
vnm,2027,100460.62163539151
vut,2027,353.0556609959291
wlf,2027,10.92356898430514
wsm,2027,205.82645000652565
yem,2027,34319.1296397272
zaf,2027,55410.1294515867
zmb,2027,19386.507140173962
zwe,2027,13116.424367401349
abw,2028,122.9873651524788
afg,2028,50189.01835993235
ago,2028,35122.884982637705
aia,2028,14.638010319235889
alb,2028,2938.3137243881843
and,2028,73.52294224231362
ant,2028,205.73483107760566
are,2028,11749.658997651017
arg,2028,47964.24334288296
arm,2028,2697.2769230480253
asm,2028,58.9233846461306
atg,2028,95.91848683588664
aus,2028,25371.476466672073
aut,2028,8508.539255103538
aze,2028,10070.66499841199
bdi,2028,12118.488166264984
bel,2028,11288.38746011061
ben,2028,12979.419274424557
bfa,2028,22700.292063868394
bgd,2028,187043.8021269526
bgr,2028,6740.915122881331
bhr,2028,1813.6669140143879
bhs,2028,438.8660533849342
bih,2028,3340.1165941591817
blr,2028,8664.44140895342
blz,2028,431.4258070854593
bmu,2028,60.02772990087858
bol,2028,12938.453874433104
bra,2028,227679.1813886166
brb,2028,297.34154183948357
brn,2028,521.254137799653
btn,2028,944.8123354539312
bwa,2028,2163.3977770667652
caf,2028,5023.175756264203
can,2028,37145.754141669946
che,2028,8350.920138243502
chi,2028,155.8702209014759
chl,2028,20084.747812087462
chn,2028,1422728.38971154
civ,2028,25145.297953272686
cmr,2028,25975.223366038714
cod,2028,94602.03149224719
cog,2028,5684.210166367934
cok,2028,15.59126903277193
col,2028,55657.84588752071
com,2028,875.2851914451571
cpv,2028,512.0176125290574
cri,2028,5762.01053383765
cub,2028,11188.72715173833
cym,2028,63.27589809822229
cyp,2028,1258.1101131516475
cze,2028,11058.104684923934
deu,2028,76485.39241661243
dji,2028,990.5153409627497
dma,2028,72.97272137783936
dnk,2028,5693.909347254565
dom,2028,11848.08641975258
dza,2028,41515.295786907314
ecu,2028,19021.01179176119
egy,2028,99473.12443690658
eri,2028,4093.0897051019138
esh,2028,477.7840055400638
esp,2028,45943.21567855209
est,2028,1236.8891755474106
eth,2028,118511.13115680183
fin,2028,5456.451063785396
fji,2028,975.7819069682313
flk,2028,2.9052539564895654
fra,2028,65344.43162471502
fro,2028,45.28657365865597
fsm,2028,117.56812717009358
gab,2028,2099.8660124344706
gbr,2028,67023.5278120448
geo,2028,3551.450046494713
gha,2028,32278.182470465246
gib,2028,31.795131192866297
gin,2028,12435.040720846584
glp,2028,432.6217404432484
gmb,2028,2437.0838221130316
gnb,2028,1917.801281220804
gnq,2028,1406.3986012497696
grc,2028,9993.281993990578
grd,2028,117.72105368465685
grl,2028,53.133569814448144
gtm,2028,20667.64707378056
guf,2028,335.62083005700987
gum,2028,193.66376265437006
guy,2028,806.2519938701536
hkg,2028,8378.324257843502
hnd,2028,11108.103300700866
hrv,2028,4134.52166597541
hti,2028,12199.633318194406
hun,2028,9454.42576070946
idn,2028,297940.4785530302
imn,2028,78.44545736622696
ind,2028,1438554
irl,2028,4986.334733367132
irn,2028,83395.23831027799
irq,2028,45397.88921101008
isl,2028,365.10582382155917
isr,2028,9812.04125295196
ita,2028,57490.511732989944
jam,2028,3053.5663100272427
jor,2028,11901.94140325005
jpn,2028,123353
kaz,2028,18556.349565569428
ken,2028,55927.75844235474
kgz,2028,6244.4745231417055
khm,2028,17123.141011687687
kir,2028,117.1140804628981
kna,2028,52.49037344182613
kor,2028,48388
kwt,2028,4878.972054496286
lao,2028,8219.64635753192
lbn,2028,6772.8764442461725
lbr,2028,6035.420069551455
lby,2028,6842.298953272486
lca,2028,201.06470997829248
lie,2028,35.31431010779878
lka,2028,23620.33805528816
lso,2028,2050.6477376478533
ltu,2028,2672.15478054313
lux,2028,636.7106347738851
lva,2028,1797.3350109927765
mac,2028,718.7703824911158
mar,2028,34033.77966973081
mco,2028,35.54804239781037
mda,2028,3389.7307874535104
mdg,2028,29660.04203874572
mdv,2028,560.5915640611079
mex,2028,140333.13107971541
mhl,2028,60.64108597952225
mkd,2028,2165.7383321263696
mli,2028,21988.83171479739
mlt,2028,425.475166295226
mmr,2028,57622.14116287149
mne,2028,650.5562488040567
mng,2028,3399.9223049829666
mnp,2028,58.88960072316286
moz,2028,30972.924241007895
mrt,2028,4628.955132560677
msr,2028,5.09188299290179
mtq,2028,370.68682313141744
mus,2028,1213.8491035468064
mwi,2028,21900.931984575476
mys,2028,37837.74859677033
myt,2028,289.4203854799481
nam,2028,2457.926798870988
ncl,2028,337.865975891416
ner,2028,27685.280036202224
nga,2028,222641.3806858292
nic,2028,6989.334161715349
niu,2028,1.4353613422073102
nld,2028,16745.346468669693
nor,2028,5600.920811201624
npl,2028,34957.12729030307
nru,2028,10.96182725544281
nzl,2028,4612.312212017824
omn,2028,5116.238973174767
pak,2028,258692.0191988477
pan,2028,4729.07798642923
per,2028,33697.21469516067
phl,2028,130168.17955829558
plw,2028,18.649781225791894
png,2028,10501.619373865997
pol,2028,37635.34440261724
pri,2028,3353.571604386126
prk,2028,26061.918154728108
prt,2028,9992.608310157608
pry,2028,8097.741487878833
pse,2028,5448.234395327153
pyf,2028,324.04783571883877
qat,2028,3140.8959434181515
reu,2028,883.6029207808689
rom,2028,18916.847147691675
rus,2028,137160.98846485827
rwa,2028,13755.011265867903
sau,2028,39511.66053523334
sdn,2028,45156.72505842262
sen,2028,17125.905645968356
sgp,2028,6430.21139530907
shn,2028,5.325195722844752
slb,2028,800.1808274981437
sle,2028,8374.64582975551
slv,2028,6585.31299768447
smr,2028,31.357825618005904
som,2028,15574.252572579984
spm,2028,5.44585833005186
srb,2028,8818.280453796111
stp,2028,202.31952952409566
sur,2028,632.1445168518081
svk,2028,5550.894462624368
svn,2028,2130.941399302688
swe,2028,10198.97725098592
swz,2028,1117.5639162813156
syc,2028,86.23639204848232
syr,2028,21034.483064743028
tca,2028,36.88565370799261
tcd,2028,17501.962576389633
tgo,2028,8233.578210166817
tha,2028,76169.93243711916
tjk,2028,8862.730632531671
tkl,2028,1.109989129365999
tkm,2028,5969.513020639227
tls,2028,1619.822403266546
ton,2028,109.8886695762138
tto,2028,1408.8173552119044
tun,2028,11147.666779655614
tur,2028,83102.85353784135
tuv,2028,11.717742531846262
twn,2028,24870.749633830987
tza,2028,63767.053625792694
uga,2028,50516.340572494424
ukr,2028,40628.86395564607
ury,2028,3544.047112126183
usa,2028,370094.62839561386
uzb,2028,32766.13670616868
vct,2028,112.03428906037742
ven,2028,35784.06653695158
vgb,2028,29.884955306839743
vir,2028,113.12041326990688
vnm,2028,101080.62881706133
vut,2028,359.38227839260185
wlf,2028,10.87470180575347
wsm,2028,206.1359324406999
yem,2028,35052.402500205615
zaf,2028,55457.811584239855
zmb,2028,19720.92118568206
zwe,2028,13062.593001475554
abw,2029,124.34512107889452
afg,2029,51467.57381906455
ago,2029,35700.93221034797
aia,2029,14.669163762860025
alb,2029,2936.3282541260055
and,2029,73.2412438652202
ant,2029,206.17268761150052
are,2029,11949.612429742148
arg,2029,48322.387059943096
arm,2029,2688.208400319445
asm,2029,59.05025422360019
atg,2029,96.1226259987227
aus,2029,25564.836069419194
aut,2029,8497.856485381899
aze,2029,10116.939810207987
bdi,2029,12257.44312575292
bel,2029,11292.448960451215
ben,2029,13169.453509860456
bfa,2029,23090.78093222992
bgd,2029,188887.50744913504
bgr,2029,6704.070786966428
bhr,2029,1849.978127463514
bhs,2029,443.67284808486517
bih,2029,3327.386025073838
blr,2029,8635.45468693629
blz,2029,436.19742199857654
bmu,2029,59.79773755321179
bol,2029,13092.169261335492
bra,2029,229280.21640611877
brb,2029,298.0664992873401
brn,2029,528.3326914558186
btn,2029,959.8236225641837
bwa,2029,2168.4402015120872
caf,2029,5067.270767270707
can,2029,37263.18331914865
che,2029,8359.770507698235
chi,2029,155.27301427554374
chl,2029,20231.673742865678
chn,2029,1423915.7881173017
civ,2029,25306.697491190214
cmr,2029,26194.951691719976
cod,2029,96089.68572447533
cog,2029,5751.94686186899
cok,2029,15.52278564132778
col,2029,56253.806005271486
com,2029,883.4056597854758
cpv,2029,511.5574084739966
cri,2029,5830.083018268356
cub,2029,11165.8063807992
cym,2029,63.41056545267682
cyp,2029,1264.6988485044224
cze,2029,11072.323445512275
deu,2029,76131.3605075164
dji,2029,996.7615015342234
dma,2029,73.12802606146545
dnk,2029,5698.553704795404
dom,2029,11962.599298428851
dza,2029,41648.04174554902
ecu,2029,19227.702158499786
egy,2029,100062.76687024464
eri,2029,4153.104956361268
esh,2029,475.391740397659
esp,2029,45890.80716648662
est,2029,1234.9084061876952
eth,2029,119940.42194799006
fin,2029,5455.561801590865
fji,2029,981.0089441518303
flk,2029,2.911437082705043
fra,2029,65435.506551149396
fro,2029,45.113061093534185
fsm,2029,117.7998251647057
gab,2029,2111.9693509350514
gbr,2029,67122.42433293194
geo,2029,3526.7308497715153
gha,2029,32646.630097547706
gib,2029,31.67331021313749
gin,2029,12515.148074406192
glp,2029,435.0866386349036
gmb,2029,2463.719290335191
gnb,2029,1932.0355553227118
gnq,2029,1424.7452514239983
grc,2029,9950.965151580247
grd,2029,118.25871989298169
grl,2029,52.929991993302465
gtm,2029,21008.552730460226
guf,2029,341.12801333470117
gum,2029,195.6625812470524
guy,2029,808.09712507885
hkg,2029,8460.457189884146
hnd,2029,11253.623514176685
hrv,2029,4121.578112046892
hti,2029,12305.537591517881
hun,2029,9418.83520111365
idn,2029,300097.58213583526
imn,2029,78.14489869220672
ind,2029,1447332
irl,2029,5009.295044212658
irn,2029,83844.06631344657
irq,2029,46281.763923623075
isl,2029,367.5649374678081
isr,2029,9974.810004612473
ita,2029,57291.40459792637
jam,2029,3062.5771398050138
jor,2029,12130.907770283937
jpn,2029,123097
kaz,2029,18670.67023441118
ken,2029,56583.05132346556
kgz,2029,6278.274355265469
khm,2029,17246.05399591074
kir,2029,117.36624204515104
kna,2029,52.60208643110316
kor,2029,48326
kwt,2029,4970.365712500285
lao,2029,8310.923007194036
lbn,2029,6804.899493373016
lbr,2029,6157.440039925854
lby,2029,6874.619553064618
lca,2029,202.5935428903897
lie,2029,35.17900562266604
lka,2029,23761.750468303773
lso,2029,2051.526590514546
ltu,2029,2661.266925706775
lux,2029,642.2739913235418
lva,2029,1789.6324939797935
mac,2029,727.2157532490745
mar,2029,34003.43209644118
mco,2029,35.411842382591885
mda,2029,3352.183963656508
mdg,2029,30104.852506950152
mdv,2029,567.1504742502814
mex,2029,141661.83619662
mhl,2029,60.771653987482466
mkd,2029,2169.9897366716164
mli,2029,22365.44112829562
mlt,2029,424.7043525162539
mmr,2029,57819.55916729728
mne,2029,651.3779232961667
mng,2029,3428.7599215201253
mnp,2029,59.01639755952875
moz,2029,31294.976385038754
mrt,2029,4676.535531629865
msr,2029,5.102719827027505
mtq,2029,370.19427025755556
mus,2029,1212.4790448350052
mwi,2029,22357.026055263552
mys,2029,38347.32353704569
myt,2029,293.8139854780589
nam,2029,2470.116888280135
ncl,2029,342.2990469957927
ner,2029,28373.813148263835
nga,2029,226389.12289375273
nic,2029,7040.555610005442
niu,2029,1.429056633305452
nld,2029,16736.65458976706
nor,2029,5634.0845958225345
npl,2029,35494.325581617166
nru,2029,10.985429470430029
nzl,2029,4627.680039159158
omn,2029,5194.1487094654
pak,2029,262700.3780489024
pan,2029,4786.580523624164
per,2029,33915.82919375987
phl,2029,132054.74451414004
plw,2029,18.68993658818708
png,2029,10670.005084752858
pol,2029,37518.077450253455
pri,2029,3337.9802110778674
prk,2029,26129.305643586787
prt,2029,9969.306121736277
pry,2029,8201.852482578923
pse,2029,5496.35659095851
pyf,2029,327.1189714107872
qat,2029,3190.428587165528
reu,2029,886.16964989203
rom,2029,18812.00400026174
rus,2029,137009.8613232547
rwa,2029,13945.118973347702
sau,2029,40190.42936758204
sdn,2029,45667.303824656185
sen,2029,17331.703796256854
sgp,2029,6482.759538027663
shn,2029,5.298532460875894
slb,2029,814.087979176282
sle,2029,8471.47348447543
slv,2029,6595.92320512738
smr,2029,31.23768014617947
som,2029,15734.539945394316
spm,2029,5.416680851349251
srb,2029,8809.648158178028
stp,2029,202.682984993454
sur,2029,637.5094511613005
svk,2029,5547.3478877622165
svn,2029,2132.0330187377
swe,2029,10231.642996776052
swz,2029,1119.3185383389887
syc,2029,85.80460632038718
syr,2029,21314.275852512703
tca,2029,36.964155847851146
tcd,2029,17789.52055604987
tgo,2029,8308.030277888587
tha,2029,76513.2561187193
tjk,2029,8905.519190346531
tkl,2029,1.1051135916605472
tkm,2029,6010.881016327358
tls,2029,1651.007222234611
ton,2029,110.2687418943818
tto,2029,1409.6323115292482
tun,2029,11150.27364067181
tur,2029,83388.91869826966
tuv,2029,11.742972329028499
twn,2029,24924.29953623978
tza,2029,64794.20895897824
uga,2029,51597.72054817581
ukr,2029,40490.57864293628
ury,2029,3552.879311082799
usa,2029,372889.61978892214
uzb,2029,32960.88970069247
vct,2029,112.21122300662662
ven,2029,36208.310384606455
vgb,2029,29.948558163379474
vir,2029,113.66784288649455
vnm,2029,101702.09232168052
vut,2029,365.71919490390957
wlf,2029,10.826935555358045
wsm,2029,206.43686893875426
yem,2029,35785.557117270764
zaf,2029,55511.936237126516
zmb,2029,20054.407532317204
zwe,2029,13010.93877492043
abw,2030,125.70413797644557
afg,2030,52749.19187165212
ago,2030,36277.56515858708
aia,2030,14.699920276001963
alb,2030,2934.3283161663458
and,2030,72.96158574824997
ant,2030,206.6049653526548
are,2030,12149.548863109148
arg,2030,48680.30392368184
arm,2030,2679.125897956635
asm,2030,59.17491717076758
atg,2030,96.32416419527976
aus,2030,25758.048853098222
aut,2030,8487.242454329578
aze,2030,10163.278317982975
bdi,2030,12396.498416438219
bel,2030,11296.462407393637
ben,2030,13359.194431798715
bfa,2030,23480.191461476174
bgd,2030,190730.2923258613
bgr,2030,6667.269332133714
bhr,2030,1886.2842190671122
bhs,2030,448.48398223189696
bih,2030,3314.6636851198055
blr,2030,8606.423266538546
blz,2030,440.97349699105206
bmu,2030,59.569410973805454
bol,2030,13246.062917267258
bra,2030,230879.7593569063
brb,2030,298.7837802648907
brn,2030,535.4168733664715
btn,2030,974.8543195487239
bwa,2030,2173.6927548581925
caf,2030,5111.538687826142
can,2030,37380.61200530922
che,2030,8368.540686367794
chi,2030,154.6801330450106
chl,2030,20378.49191276356
chn,2030,1425101.2574730713
civ,2030,25469.539652583873
cmr,2030,26415.65477511775
cod,2030,97574.20456725637
cog,2030,5819.705725134648
cok,2030,15.455827925530302
col,2030,56850.259233706915
com,2030,891.5520079470434
cpv,2030,511.16301875888223
cri,2030,5898.233286463544
cub,2030,11142.386242425302
cym,2030,63.54351699110198
cyp,2030,1271.2353692993515
cze,2030,11086.436655452046
deu,2030,75779.91677178102
dji,2030,1003.0655752078841
dma,2030,73.28135198589871
dnk,2030,5703.154001452055
dom,2030,12077.165353951523
dza,2030,41784.47009205282
ecu,2030,19434.573715984516
egy,2030,100658.59126269496
eri,2030,4213.026859357546
esh,2030,473.07997915506064
esp,2030,45838.729538083
est,2030,1232.924375750739
eth,2030,121370.00923063711
fin,2030,5454.671095103817
fji,2030,986.2126381709062
flk,2030,2.9175414288248165
fra,2030,65525.787349730505
fro,2030,44.94080522989269
fsm,2030,118.02702980313282
gab,2030,2124.206534970992
gbr,2030,67220.46446113825
geo,2030,3501.97476525171
gha,2030,33015.36116141828
gib,2030,31.55237154764022
gin,2030,12595.966016213073
glp,2030,437.54628091886144
gmb,2030,2490.3876667202103
gnb,2030,1946.3611391623472
gnq,2030,1443.0819506954356
grc,2030,9908.956384650011
grd,2030,118.79439794720703
grl,2030,52.727888627617745
gtm,2030,21350.14304406268
guf,2030,346.6461940952515
gum,2030,197.66082622936636
guy,2030,809.9209354827474
hkg,2030,8542.546979954626
hnd,2030,11399.35359899611
hrv,2030,4108.638112874389
hti,2030,12411.446272652467
hun,2030,9383.266888173735
idn,2030,302249.9273680759
imn,2030,77.84651687800232
ind,2030,1456110
irl,2030,5032.072489948254
irn,2030,84293.21870397468
irq,2030,47165.521911241245
isl,2030,370.0047207312693
isr,2030,10137.566491902591
ita,2030,57093.73120154906
jam,2030,3071.515701735071
jor,2030,12359.844800755198
jpn,2030,122841
kaz,2030,18785.15028903797
ken,2030,57238.67103206867
kgz,2030,6312.121068093978
khm,2030,17369.266174835837
kir,2030,117.61401780536889
kna,2030,52.712376069201525
kor,2030,48264
kwt,2030,5061.748475835743
lao,2030,8402.202507000924
lbn,2030,6836.950918216697
lbr,2030,6278.996308779397
lby,2030,6907.445503682903
lca,2030,204.12154017777146
lie,2030,35.04468110890677
lka,2030,23902.66066638567
lso,2030,2052.642558779677
ltu,2030,2650.3624681255255
lux,2030,647.7939016128722
lva,2030,1781.9182613273258
mac,2030,735.6633308772283
mar,2030,33977.45684313759
mco,2030,35.276628824813066
mda,2030,3314.581752267674
mdg,2030,30548.890081867587
mdv,2030,573.7109878483066
mex,2030,142991.05530619502
mhl,2030,60.89995103869632
mkd,2030,2174.217013693101
mli,2030,22741.02195893165
mlt,2030,423.9387829994881
mmr,2030,58015.12897582295
mne,2030,652.193423095627
mng,2030,3457.6701014243076
mnp,2030,59.14098903077144
moz,2030,31617.6068279747
mrt,2030,4724.2077156513315
msr,2030,5.113418587499247
mtq,2030,369.7049193609067
mus,2030,1211.2677272393616
mwi,2030,22811.3079681322
mys,2030,38857.28906114297
myt,2030,298.1995264884678
nam,2030,2482.4828743663957
ncl,2030,346.7351113488823
ner,2030,29058.966419208326
nga,2030,230127.08756924476
nic,2030,7091.739945742725
niu,2030,1.4228923809526646
nld,2030,16728.00381427179
nor,2030,5666.986667609638
npl,2030,36032.165154652146
nru,2030,11.008621174372534
nzl,2030,4643.191846480585
omn,2030,5272.055243706232
pak,2030,266713.6216730254
pan,2030,4844.153748913552
per,2030,34134.145940775146
phl,2030,133943.2169934443
plw,2030,18.729393532244128
png,2030,10838.613017237765
pol,2030,37400.8415495594
pri,2030,3322.3395122810293
prk,2030,26196.793253329328
prt,2030,9946.166801946709
pry,2030,8306.108201358937
pse,2030,5544.491356694839
pyf,2030,330.18799299686674
qat,2030,3239.9584839774757
reu,2030,888.8172693296702
rom,2030,18707.28459999503
rus,2030,136858.47165588473
rwa,2030,14135.025566892919
sau,2030,40869.138116685725
sdn,2030,46178.32652103691
sen,2030,17537.552057273293
sgp,2030,6535.230289525369
shn,2030,5.272766464236037
slb,2030,828.0166099575265
sle,2030,8568.362684693988
slv,2030,6606.340563937006
smr,2030,31.118404853363927
som,2030,15895.134169129411
spm,2030,5.387994690773969
srb,2030,8800.978741951945
stp,2030,203.06714301288602
sur,2030,642.8740994543758
svk,2030,5543.773500121544
svn,2030,2133.108181663309
swe,2030,10264.043893361346
swz,2030,1121.189977028706
syc,2030,85.38735093609725
syr,2030,21594.07405860986
tca,2030,37.04165778071479
tcd,2030,18076.378524751985
tgo,2030,8382.744610017164
tha,2030,76854.48443869926
tjk,2030,8948.366789394135
tkl,2030,1.1003466713729069
tkm,2030,6052.306926112722
tls,2030,1682.248324915581
ton,2030,110.64530473592626
tto,2030,1410.3999101168592
tun,2030,11154.190612869023
tur,2030,83672.6738604423
tuv,2030,11.767763306786165
twn,2030,24976.918050370215
tza,2030,65819.01362254067
uga,2030,52674.63507620661
ukr,2030,40352.08031650763
ury,2030,3561.6208157294836
usa,2030,375684.660487719
uzb,2030,33155.9138497677
vct,2030,112.38486107643426
ven,2030,36633.04354560135
vgb,2030,30.01135064682466
vir,2030,114.21349110193253
vnm,2030,102325.01299733932
vut,2030,372.0661418325939
wlf,2030,10.780233443338718
wsm,2030,206.72948245865047
yem,2030,36518.59835622343
zaf,2030,55572.17820716142
zmb,2030,20387.013008110163
zwe,2030,12961.351790923136
abw,2031,126.94110298045429
afg,2031,54077.68885955416
ago,2031,36857.68746457048
aia,2031,14.732244409030097
alb,2031,2929.87624081174
and,2031,72.70987577818401
ant,2031,207.0592757338638
are,2031,12339.135895675585
arg,2031,49012.1429685986
arm,2031,2668.0431451800923
asm,2031,59.300020733267786
atg,2031,96.53597453430282
aus,2031,25939.606850450506
aut,2031,8475.083637882988
aze,2031,10199.138070768593
bdi,2031,12536.145001607872
bel,2031,11301.474521249427
ben,2031,13552.28911897593
bfa,2031,23891.067397669995
bgd,2031,192313.2328995291
bgr,2031,6634.1337461988815
bhr,2031,1922.3358977264065
bhs,2031,452.9351132122477
bih,2031,3299.49536880551
blr,2031,8574.616431256374
blz,2031,445.2104924294718
bmu,2031,59.36390262993804
bol,2031,13386.23534338195
bra,2031,232243.55137169643
brb,2031,299.2488774227868
brn,2031,542.1520294723732
btn,2031,989.0996438402041
bwa,2031,2179.8150034601836
caf,2031,5155.136496538685
can,2031,37485.43856543178
che,2031,8376.869698306724
chi,2031,154.14650248778972
chl,2031,20503.29101064052
chn,2031,1424479.6825473006
civ,2031,25634.095978377543
cmr,2031,26642.887478749853
cod,2031,99058.25526022007
cog,2031,5890.230816073884
cok,2031,15.391436394479888
col,2031,57391.58120310725
com,2031,900.2455169193478
cpv,2031,510.6174993228345
cri,2031,5961.531875118356
cub,2031,11106.476867091744
cym,2031,63.68324489831037
cyp,2031,1277.0235811429734
cze,2031,11092.503503527307
deu,2031,75436.10828677959
dji,2031,1009.1388885419252
dma,2031,73.44249273534487
dnk,2031,5707.913526474908
dom,2031,12180.768764554388
dza,2031,41907.96743197267
ecu,2031,19624.422791856505
egy,2031,101259.40714423041
eri,2031,4278.264265148201
esh,2031,471.2087812624595
esp,2031,45810.84200364336
est,2031,1230.6750288453472
eth,2031,122767.04193478201
fin,2031,5452.438994612323
fji,2031,990.4453089327812
flk,2031,2.9239569056090264
fra,2031,65624.10776033824
fro,2031,44.78576407195805
fsm,2031,118.04054786628382
gab,2031,2135.7883404271156
gbr,2031,67316.26811633211
geo,2031,3476.156957162587
gha,2031,33403.17647714731
gib,2031,31.443519109520658
gin,2031,12672.802400103912
glp,2031,439.76095736348935
gmb,2031,2517.2325509281677
gnb,2031,1961.1887312254587
gnq,2031,1461.8724736277
grc,2031,9872.45690373003
grd,2031,119.31448553152829
grl,2031,52.545982832506695
gtm,2031,21674.472350721033
guf,2031,351.77549391067885
gum,2031,199.41053210658822
guy,2031,810.5965338451676
hkg,2031,8622.439727688405
hnd,2031,11535.513525972243
hrv,2031,4095.280209800556
hti,2031,12503.683614100082
hun,2031,9345.118320035748
idn,2031,304059.4381641577
imn,2031,77.577954397730693
ind,2031,1463838
irl,2031,5055.228127248083
irn,2031,84679.42372063932
irq,2031,48057.63397472886
isl,2031,372.348513986264
isr,2031,10302.798445824516
ita,2031,56910.45823842327
jam,2031,3077.5070460330476
jor,2031,12586.637197468885
jpn,2031,122539.8
kaz,2031,18884.140996629783
ken,2031,57924.22292571672
kgz,2031,6339.003470471782
khm,2031,17475.60904346676
kir,2031,117.86266931737613
kna,2031,52.828287028193024
kor,2031,48204.2
kwt,2031,5153.645021387246
lao,2031,8479.748610660747
lbn,2031,6861.537137810207
lbr,2031,6404.37693486804
lby,2031,6943.332435789899
lca,2031,205.45859776955254
lie,2031,34.92378056182532
lka,2031,24028.584349073953
lso,2031,2052.8161434728277
ltu,2031,2636.6540762957684
lux,2031,653.3891987196238
lva,2031,1773.838452329008
mac,2031,743.8192265740587
mar,2031,33934.20352472095
mco,2031,35.15492808195697
mda,2031,3276.1720759121727
mdg,2031,31005.478106485065
mdv,2031,579.479512227319
mex,2031,144177.5778590353
mhl,2031,61.0287015498131
mkd,2031,2178.173140975044
mli,2031,23128.000727230803
mlt,2031,422.8474817552493
mmr,2031,58110.096375616726
mne,2031,652.7630596145995
mng,2031,3484.6607102956505
mnp,2031,59.266020864718655
moz,2031,31941.74203754343
mrt,2031,4773.2146875841545
msr,2031,5.124662650021184
mtq,2031,369.11358722376605
mus,2031,1210.0150758446184
mwi,2031,23317.42840704745
mys,2031,39332.54049502451
myt,2031,303.02107296203553
nam,2031,2494.0618363874205
ncl,2031,350.94457483745686
ner,2031,29858.555927747533
nga,2031,234349.2293187264
nic,2031,7134.858631341063
niu,2031,1.4169643763597712
nld,2031,16714.91806415494
nor,2031,5699.2519983959055
npl,2031,36544.2269498796
nru,2031,11.031894848303581
nzl,2031,4655.753665122307
omn,2031,5347.13695206378
pak,2031,270515.5752223504
pan,2031,4897.248596947682
per,2031,34312.67181615071
phl,2031,135718.11228306254
plw,2031,18.768989935017117
png,2031,10997.27947601307
pol,2031,37240.72954337888
pri,2031,3305.820412406058
prk,2031,26232.538660135375
prt,2031,9926.315746093733
pry,2031,8404.02220190015
pse,2031,5582.419793253006
pyf,2031,332.8995656705967
qat,2031,3288.110642568544
reu,2031,891.7544838365103
rom,2031,18597.820633688723
rus,2031,136683.99444886213
rwa,2031,14341.415053989484
sau,2031,41543.061307676006
sdn,2031,46694.68598594712
sen,2031,17752.57764050199
sgp,2031,6583.261040980192
shn,2031,5.251910816288985
slb,2031,841.6093377664787
sle,2031,8669.937810616491
slv,2031,6612.041335582573
smr,2031,31.011049555725968
som,2031,16057.969757070898
spm,2031,5.361434568221559
srb,2031,8791.816444722077
stp,2031,203.31242259470903
sur,2031,647.6960868218072
svk,2031,5533.638481159343
svn,2031,2133.85130728158
swe,2031,10294.662879732376
swz,2031,1122.5764013544872
syc,2031,85.04961389761216
syr,2031,21857.932145052957
tca,2031,37.12310988733888
tcd,2031,18373.917792884546
tgo,2031,8458.57342280745
tha,2031,77092.21591305565
tjk,2031,8974.306640124496
tkl,2031,1.095762445461664
tkm,2031,6083.019157070457
tls,2031,1711.0717830867115
ton,2031,110.90142976717898
tto,2031,1409.9523893194048
tun,2031,11151.464420571123
tur,2031,83899.21587426694
tuv,2031,11.792641907090577
twn,2031,25029.72254216798
tza,2031,66911.77251700897
uga,2031,53875.49693328065
ukr,2031,40226.90182795421
ury,2031,3567.7081769859756
usa,2031,378562.57958759397
uzb,2031,33287.5392211372
vct,2031,112.48023100246472
ven,2031,37020.58932869723
vgb,2031,30.077343582326872
vir,2031,114.60236651377241
vnm,2031,102843.50903880168
vut,2031,378.1870045637645
wlf,2031,10.735321210888792
wsm,2031,206.72565531795686
yem,2031,37270.791868124674
zaf,2031,55624.92445929956
zmb,2031,20741.65223243776
zwe,2031,12912.405527073073
abw,2032,128.1793543666433
afg,2032,55409.55278114533
ago,2032,37436.894814780426
aia,2032,14.764231200048075
alb,2032,2925.411707566864
and,2032,72.45979200045085
ant,2032,207.50884482852078
are,2032,12528.724298790787
arg,2032,49343.84102189105
arm,2032,2656.952884296457
asm,2032,59.423228319209954
atg,2032,96.7455743724139
aus,2032,26121.022743890517
aut,2032,8462.99621140838
aze,2032,10235.026009020894
bdi,2032,12675.929185329036
bel,2032,11306.435852478871
ben,2032,13745.20468531308
bfa,2032,24301.079098995993
bgd,2032,193894.96460632683
bgr,2032,6601.022276601652
bhr,2032,1958.3880982799137
bhs,2032,457.39099837454984
bih,2032,3284.3360697345647
blr,2032,8542.7882377740425
blz,2032,449.451556253637
bmu,2032,59.15972198911328
bol,2032,13526.585996355308
bra,2032,233605.76258651714
brb,2032,299.7062845770696
brn,2032,548.8933142954776
btn,2032,1003.3643644349881
bwa,2032,2186.1025094242696
caf,2032,5198.898506421085
can,2032,37590.26471907462
che,2032,8385.129336809194
chi,2032,153.6163194933351
chl,2032,20627.969793628552
chn,2032,1423855.6572074976
civ,2032,25799.875328553215
cmr,2032,26870.95394891878
cod,2032,100540.43123974951
cog,2032,5960.782340291862
cok,2032,15.328379840520778
col,2032,57933.406342511385
com,2032,908.9592953042084
cpv,2032,510.1260979614537
cri,2032,6024.913656437118
cub,2032,11070.049461310547
cym,2032,63.82151457327316
cyp,2032,1282.770141355238
cze,2032,11098.471161609374
deu,2032,75094.55546734577
dji,2032,1015.2634990376212
dma,2032,73.60195178324967
dnk,2032,5712.632079419769
dom,2032,12284.429589971698
dza,2032,42034.59682788867
ecu,2032,19814.464701860947
egy,2032,101865.43719642391
eri,2032,4343.411814048122
esh,2032,469.3981696312493
esp,2032,45783.08014562381
est,2032,1228.4243005300968
eth,2032,124165.19281453891
fin,2032,5450.214375724288
fji,2032,994.6553057337977
flk,2032,2.930305429017175
fra,2032,65721.65725433377
fro,2032,44.631724569787124
fsm,2032,118.04930361770758
gab,2032,2147.4886133728537
gbr,2032,67411.31572156471
geo,2032,3450.3210924741734
gha,2032,33791.236087146055
gib,2032,31.33536992125739
gin,2032,12750.278558970369
glp,2032,441.97103181197986
gmb,2032,2544.1143716492156
gnb,2032,1976.0924766914557
gnq,2032,1480.6595392201436
grc,2032,9836.194198975396
grd,2032,119.83297106323951
grl,2032,52.36525225429
gtm,2032,21999.516210326983
guf,2032,356.9158022492886
gum,2032,201.15943915222817
guy,2032,811.24874573779
hkg,2032,8702.315709829138
hnd,2032,11671.894268823344
hrv,2032,4081.9210869230023
hti,2032,12595.91815091463
hun,2032,9306.9843690068
idn,2032,305864.1287642116
imn,2032,77.31112698677784
ind,2032,1471566
irl,2032,5078.217215138244
irn,2032,85065.59484338018
irq,2032,48949.75865156911
isl,2032,374.6756503663264
isr,2032,10468.031872224532
ita,2032,56728.36359550992
jam,2032,3083.4245914538155
jor,2032,12813.432573123688
jpn,2032,122238.6
kaz,2032,18983.20759416671
ken,2032,58610.09693191955
kgz,2032,6365.90673211562
khm,2032,17582.33176598063
kir,2032,118.10755245198095
kna,2032,52.94298831403191
kor,2032,48144.4
kwt,2032,5245.542741031568
lao,2032,8557.27392708822
lbn,2032,6886.120293521816
lbr,2032,6529.407290682902
lby,2032,6979.618234809089
lca,2032,206.7948280377635
lie,2032,34.80366110236881
lka,2032,24154.05546231506
lso,2032,2053.188877718031
ltu,2032,2622.936260476537
lux,2032,658.945071078922
lva,2032,1765.7531341955798
mac,2032,751.9789796116689
mar,2032,33894.6012169849
mco,2032,35.034013596454415
mda,2032,3237.7351446738044
mdg,2032,31461.541006903622
mdv,2032,585.2485852169094
mex,2032,145364.6059745518
mhl,2032,61.15550081393071
mkd,2032,2182.1035158735467
mli,2032,23514.226714188753
mlt,2032,421.76307563250737
mmr,2032,58203.08991976949
mne,2032,653.3263765187228
mng,2032,3511.7478722463657
mnp,2032,59.38915780917243
moz,2032,32266.474400814775
mrt,2032,4822.306460470492
msr,2032,5.13578936694718
mtq,2032,368.52578922342525
mus,2032,1208.8903566998176
mwi,2032,23821.887329885467
mys,2032,39808.18042855228
myt,2032,307.83469144735733
nam,2032,2505.7942809394435
ncl,2032,355.15737476860573
ner,2032,30654.838835235412
nga,2032,238561.400784996
nic,2032,7177.934094322048
niu,2032,1.4111592722508326
nld,2032,16701.89818618301
nor,2032,5731.287198259946
npl,2032,37056.94554287491
nru,2032,11.054815803740363
nzl,2032,4668.455103629026
omn,2032,5422.2189194755365
pak,2032,274322.43874681613
pan,2032,4950.416583409529
per,2032,34490.86365993703
phl,2032,137494.91470134753
plw,2032,18.807986244156165
png,2032,11156.16276779359
pol,2032,37080.69414394736
pri,2032,3289.1972427691335
prk,2032,26268.40867919862
prt,2032,9906.586889025684
pry,2032,8502.091460429781
pse,2032,5620.346585486519
pyf,2032,335.60892599527654
qat,2032,3336.2630542757297
reu,2032,894.7559375761977
rom,2032,18488.461888408605
rus,2032,136509.41860821834
rwa,2032,14547.599026328666
sau,2032,42216.99079916359
sdn,2032,47211.587527069765
sen,2032,17967.663668859448
sgp,2032,6631.224576808686
shn,2032,5.231730439377132
slb,2032,855.2247447690548
sle,2032,8771.569215298534
slv,2032,6617.552174484009
smr,2032,30.904387835548846
som,2032,16221.10645194626
spm,2032,5.335280925376678
srb,2032,8782.607238471706
stp,2032,203.57565097173773
sur,2032,652.5181216413488
svk,2032,5523.483851310271
svn,2032,2134.576314027529
swe,2032,10325.056425220013
swz,2032,1124.0616787449012
syc,2032,84.72281222014685
syr,2032,22121.789252497583
tca,2032,37.203711941237465
tcd,2032,18670.936019009794
tgo,2032,8534.638244394066
tha,2032,77327.79765162202
tjk,2032,9000.26720931969
tkl,2032,1.091273260567043
tkm,2032,6113.754979486302
tls,2032,1739.9463359586075
ton,2032,111.15410197602537
tto,2032,1409.4570910839743
tun,2032,11149.848619337552
tur,2032,84124.07874957344
tuv,2032,11.817143465830133
twn,2032,25081.726768356937
tza,2032,68002.56220244324
uga,2032,55072.27498986221
ukr,2032,40101.6406217687
ury,2032,3573.706229243928
usa,2032,381440.60275723087
uzb,2032,33419.26719148308
vct,2032,112.57236286604726
ven,2032,37408.62752498519
vgb,2032,30.142647800532355
vir,2032,114.98921896159966
vnm,2032,103363.85447507669
vut,2032,384.3181122155862
wlf,2032,10.691340107120887
wsm,2032,206.713372488264
yem,2032,38022.99801717944
zaf,2032,55682.69314562894
zmb,2032,21095.557285420648
zwe,2032,12865.101361091358
abw,2033,129.41887210208088
afg,2033,56744.70767194154
ago,2033,38015.230938387045
aia,2033,14.795885902509784
alb,2033,2920.934631699045
and,2033,72.21131870657555
ant,2033,207.95374647305735
are,2033,12718.314020380587
arg,2033,49675.400279232956
arm,2033,2645.8551006985667
asm,2033,59.544582705463
atg,2033,96.95299813391908
aus,2033,26302.300907265315
aut,2033,8450.979485302449
aze,2033,10270.942187575234
bdi,2033,12815.84439125055
bel,2033,11311.346891625182
ben,2033,13937.949691667336
bfa,2033,24710.26787048189
bgd,2033,195475.5147206104
bgr,2033,6567.935087369946
bhr,2033,1994.4408008981995
bhs,2033,461.8515636815504
bih,2033,3269.1858492379897
blr,2033,8510.938644538774
blz,2033,453.6966251062536
bmu,2033,58.95685622616311
bol,2033,13667.11210064631
bra,2033,234966.4176192917
brb,2033,300.1561214847755
brn,2033,555.6405895601655
btn,2033,1017.6480437152587
bwa,2033,2192.5473744809233
caf,2033,5242.8168696832045
can,2033,37695.09047549813
che,2033,8393.320271999437
chi,2033,153.08955075934162
chl,2033,20752.530135400957
chn,2033,1423229.1685199018
civ,2033,25966.819250185785
cmr,2033,27099.81433679271
cod,2033,102020.8221054353
cog,2033,6031.359034442994
cok,2033,15.266617174104313
col,2033,58475.72681601289
com,2033,917.6923743503303
cpv,2033,509.68622816885244
cri,2033,6088.377334853874
cub,2033,11033.11209241098
cym,2033,63.9583487251568
cyp,2033,1288.4754522769952
cze,2033,11104.338955054864
deu,2033,74755.23652450336
dji,2033,1021.436955011104
dma,2033,73.75975531888464
dnk,2033,5717.31005606323
dom,2033,12388.146936077994
dza,2033,42164.20858709049
ecu,2033,20004.69644297659
egy,2033,102476.43221449158
eri,2033,4408.47380065534
esh,2033,467.64524861662466
esp,2033,45755.4427500321
est,2033,1226.1721881174306
eth,2033,125564.40842809892
fin,2033,5447.99716616992
fji,2033,998.8431401420166
flk,2033,2.936588041719499
fra,2033,65818.44327851415
fro,2033,44.4786770477197
fsm,2033,118.05340450429395
gab,2033,2159.3016918022818
gbr,2033,67505.61458002619
geo,2033,3424.4671360570173
gha,2033,34179.52831567451
gib,2033,31.22791718969162
gin,2033,12828.36391556536
glp,2033,444.17657593158384
gmb,2033,2571.031363548776
gnb,2033,1991.0687359034207
gnq,2033,1499.443312712013
grc,2033,9800.165983207415
grd,2033,120.34987949123311
grl,2033,52.18568554076489
gtm,2033,22325.263495090778
guf,2033,362.0669476744757
gum,2033,202.9075653894594
guy,2033,811.877935359965
hkg,2033,8782.175304640772
hnd,2033,11808.492388766264
hrv,2033,4068.5607359452024
hti,2033,12688.149926772881
hun,2033,9268.865134505548
idn,2033,307664.1079211085
imn,2033,77.04601788495353
ind,2033,1479294
irl,2033,5101.0413624304165
irn,2033,85451.73336000106
irq,2033,49841.8954625161
isl,2033,376.9862907713062
isr,2033,10633.266715155647
ita,2033,56547.435890629204
jam,2033,3089.2694872731445
jor,2033,13040.230814534363
jpn,2033,121937.4
kaz,2033,19082.35022929407
ken,2033,59296.277655709324
kgz,2033,6392.8308936075855
khm,2033,17689.43634731996
kir,2033,118.34875223100788
kna,2033,53.05649876505417
kor,2033,48084.6
kwt,2033,5337.44159015891
lao,2033,8634.77892528319
lbn,2033,6910.700501764095
lbr,2033,6654.104116954896
lby,2033,7016.28383739383
lca,2033,208.13024386637989
lie,2033,34.684315185491606
lka,2033,24279.084216944037
lso,2033,2053.751243410809
ltu,2033,2609.209002333285
lux,2033,664.4618995206623
lva,2033,1757.662296208918
mac,2033,760.1425029610497
mar,2033,33858.47542442718
mco,2033,34.91387777332192
mda,2033,3199.270905527682
mdg,2033,31917.103880779458
mdv,2033,591.018194439371
mex,2033,146552.1317795768
mhl,2033,61.280392854925275
mkd,2033,2186.0079632330876
mli,2033,23899.735898050913
mlt,2033,420.6854980266912
mmr,2033,58294.15414225167
mne,2033,653.8833308249687
mng,2033,3538.9320969023424
mnp,2033,59.51044261647542
moz,2033,32591.77537757224
mrt,2033,4871.478981354525
msr,2033,5.14680056570951
mtq,2033,367.9414912213027
mus,2033,1207.8874554426188
mwi,2033,24324.76414673507
mys,2033,40284.20009642887
myt,2033,312.6407608527445
nam,2033,2517.6728725163057
ncl,2033,359.3734358657829
ner,2033,31447.973176545518
nga,2033,242764.0784853056
nic,2033,7220.967007794927
niu,2033,1.405473285845268
nld,2033,16688.943544053076
nor,2033,5763.094490189626
npl,2033,37570.30611502027
nru,2033,11.077391998688856
nzl,2033,4681.291864610714
omn,2033,5497.301136098705
pak,2033,278134.101467963
pan,2033,5003.6565693085595
per,2033,34668.726674034544
phl,2033,139273.58121981742
plw,2033,18.846395998925033
png,2033,11315.258000410693
pol,2033,36920.73587230767
pri,2033,3272.4719258907967
prk,2033,26304.403968246734
prt,2033,9886.979050343112
pry,2033,8600.313559102851
pse,2033,5658.271795871698
pyf,2033,338.31612388574564
qat,2033,3384.4157094818543
reu,2033,897.818560314712
rom,2033,18379.20907981829
rus,2033,136334.74394205966
rwa,2033,14753.587306232
sau,2033,42890.926351760354
sdn,2033,47729.00523654835
sen,2033,18182.80725344613
sgp,2033,6679.122413524348
shn,2033,5.212193059763488
slb,2033,868.8623192791332
sle,2033,8873.254208966995
slv,2033,6622.876038479008
smr,2033,30.79841299310587
som,2033,16384.529862725107
spm,2033,5.309524501869679
srb,2033,8773.350804147874
stp,2033,203.85597030368953
sur,2033,657.3402031740254
svk,2033,5513.309477190355
svn,2033,2135.2830786651625
swe,2033,10355.226707507914
swz,2033,1125.6410846410047
syc,2033,84.40642326175899
syr,2033,22385.64541814089
tca,2033,37.283477180349074
tcd,2033,18967.45810568068
tgo,2033,8610.927795030919
tha,2033,77561.27815656239
tjk,2033,9026.24853728789
tkl,2033,1.0868761914010352
tkm,2033,6144.514439257884
tls,2033,1768.8708307367856
ton,2033,111.40339926476378
tto,2033,1408.9147594523993
tun,2033,11149.290139412176
tur,2033,84347.27870627918
tuv,2033,11.841276489785958
twn,2033,25132.94878446468
tza,2033,69091.47679473349
uga,2033,56265.16442610289
ukr,2033,39976.29653702241
ury,2033,3579.6163633194624
usa,2033,384318.7280741092
uzb,2033,33551.097960413565
vct,2033,112.66130709378527
ven,2033,37797.15046607553
vgb,2033,30.207274026890207
vir,2033,115.37407994919327
vnm,2033,103886.05906762909
vut,2033,390.4592336429924
wlf,2033,10.64826147262388
wsm,2033,206.69282474613956
yem,2033,38775.21632323752
zaf,2033,55745.24422517095
zmb,2033,21448.76325586266
zwe,2033,12819.36081095826
abw,2034,130.659636567653
afg,2034,58083.07983560678
ago,2034,38592.73682161746
aia,2034,14.82721366134918
alb,2034,2916.4449277054496
and,2034,71.96444038975201
ant,2034,208.39405297867535
are,2034,12907.90501097591
arg,2034,50006.82289094233
arm,2034,2634.7497797413425
asm,2034,59.66412539166376
atg,2034,97.15827953202587
aus,2034,26483.445536746738
aut,2034,8439.03277881519
aze,2034,10306.886661409304
bdi,2034,12955.8844555275
bel,2034,11316.208122933873
ben,2034,14130.532161910058
bfa,2034,25118.672426268415
bgd,2034,197054.90970237803
bgr,2034,6534.872344022568
bhr,2034,2030.493986743826
bhs,2034,466.316736625375
bih,2034,3254.0447692042635
blr,2034,8479.067609889931
blz,2034,457.9456369387914
bmu,2034,58.75529268057178
bol,2034,13807.810938047965
bra,2034,236325.5405794142
brb,2034,300.59850542913483
brn,2034,562.3937211194522
btn,2034,1031.9502571295934
bwa,2034,2199.142195785143
caf,2034,5286.884230793077
can,2034,37799.91584368349
che,2034,8401.44316539848
chi,2034,152.56616341104635
chl,2034,20876.97387092682
chn,2034,1422600.2034595695
civ,2034,26134.87295685112
cmr,2034,27329.43129308588
cod,2034,103499.51183667056
cog,2034,6101.959714425928
cok,2034,15.206108974828965
col,2034,59018.53494957073
com,2034,926.4438460720274
cpv,2034,509.2954656795483
cri,2034,6151.921641565014
cub,2034,10995.672661076489
cym,2034,64.09376959402736
cyp,2034,1294.1399110837576
cze,2034,11110.106203088344
deu,2034,74418.12994900775
dji,2034,1027.6569585621046
dma,2034,73.91592899053285
dnk,2034,5721.947847100819
dom,2034,12491.919927217661
dza,2034,42296.66240644858
ecu,2034,20195.11507421523
egy,2034,103092.1586251951
eri,2034,4473.454250186199
esh,2034,465.9473042051418
esp,2034,45727.92861846146
est,2034,1223.918688912813
eth,2034,126964.63868582834
fin,2034,5445.787294607242
fji,2034,1003.0093084510955
flk,2034,2.942805764847929
fra,2034,65914.47318407285
fro,2034,44.32661195431378
fsm,2034,118.05295476478288
gab,2034,2171.222268862789
gbr,2034,67599.17190114682
geo,2034,3398.5950526904808
gha,2034,34568.04221936179
gib,2034,31.121154208876614
gin,2034,12907.02981062117
glp,2034,446.37765990913107
gmb,2034,2597.9818720241237
gnb,2034,2006.1140975044798
gnq,2034,1518.2239489778035
grc,2034,9764.369998610686
grd,2034,120.86523524903541
grl,2034,52.00727148547061
gtm,2034,22651.703307088035
guf,2034,367.22876229098006
gum,2034,204.65492830331905
guy,2034,812.4844593878215
hkg,2034,8862.018879093048
hnd,2034,11945.304518052391
hrv,2034,4055.199148495218
hti,2034,12780.378984449402
hun,2034,9230.7607168543
idn,2034,309459.48114057514
imn,2034,76.78261054723845
ind,2034,1487022
irl,2034,5123.702157282018
irn,2034,85837.84049388143
irq,2034,50734.043952298984
isl,2034,379.2805940353862
isr,2034,10798.50292146972
ita,2034,56367.66388772824
jam,2034,3095.0428590263605
jor,2034,13267.031814177952
jpn,2034,121636.2
kaz,2034,19181.569050040416
ken,2034,59982.7506677784
kgz,2034,6419.775995635112
khm,2034,17796.9248065621
kir,2034,118.58635113769908
kna,2034,53.16883683045466
kor,2034,48024.8
kwt,2034,5429.341526391144
lao,2034,8712.264060242098
lbn,2034,6935.277873125896
lbr,2034,6778.483104340782
lby,2034,7053.311375959343
lca,2034,209.4648578732347
lie,2034,34.565735363013005
lka,2034,24403.68051892077
lso,2034,2054.4943194764955
ltu,2034,2595.4722834838713
lux,2034,669.9400599855645
lva,2034,1749.5659276230738
mac,2034,768.309712191705
mar,2034,33825.66259689891
mco,2034,34.794513115082054
mda,2034,3160.7793053112846
mdg,2034,32372.190251500597
mdv,2034,596.7883278865697
mex,2034,147740.14756357775
mhl,2034,61.40342038220767
mkd,2034,2189.8863063060985
mli,2034,24284.562000301863
mlt,2034,419.6146831883134
mmr,2034,58383.33224733811
mne,2034,654.4338791596218
mng,2034,3566.2138974823324
mnp,2034,59.629916762470515
moz,2034,32917.618217804535
mrt,2034,4920.72845150495
msr,2034,5.157698035991412
mtq,2034,367.3606595170957
mus,2034,1207.0006412383698
mwi,2034,24826.13328663127
mys,2034,40760.59099507116
myt,2034,317.43963631921713
nam,2034,2529.690735736643
ncl,2034,363.59268510004995
ner,2034,32238.10707370255
nga,2034,246957.70904702687
nic,2034,7263.958030964616
niu,2034,1.3999027880272998
nld,2034,16676.05350963122
nor,2034,5794.676068633608
npl,2034,38084.29429015224
nru,2034,11.099631153544845
nzl,2034,4694.259825246706
omn,2034,5572.383592582892
pak,2034,281950.45591495506
pan,2034,5056.967439182218
per,2034,34846.26595288867
phl,2034,141054.070094735
plw,2034,18.884232334332047
png,2034,11474.560427766159
pol,2034,36760.85525423858
pri,2034,3255.646337227455
prk,2034,26340.52518964438
prt,2034,9867.491064800768
pry,2034,8698.686130019514
pse,2034,5696.195483759385
pyf,2034,341.0212077664857
qat,2034,3432.568599050856
reu,2034,900.9394744006261
rom,2034,18270.06293008628
rus,2034,136159.97025799457
rwa,2034,14959.389099908973
sau,2034,43564.86773805385
sdn,2034,48246.91483161484
sen,2034,18398.005686570734
sgp,2034,6726.956022360596
shn,2034,5.193268428103965
slb,2034,882.5215648885189
sle,2034,8974.990270566655
slv,2034,6628.015824305582
smr,2034,30.693118414682917
som,2034,16548.226501064575
spm,2034,5.28415631650233
srb,2034,8764.04681979766
stp,2034,204.1525765589181
sur,2034,662.1623306961267
svk,2034,5503.115224203259
svn,2034,2135.971476838358
swe,2034,10385.175876322157
swz,2034,1127.3101908351437
syc,2034,84.09995716359052
syr,2034,22649.50067731923
tca,2034,37.36241856915784
tcd,2034,19263.507393419946
tgo,2034,8687.431502501942
tha,2034,77792.70448186288
tjk,2034,9052.250664441872
tkl,2034,1.082568431507214
tkm,2034,6175.2975824019595
tls,2034,1797.844149046908
ton,2034,111.64939720968505
tto,2034,1408.3261230969342
tun,2034,11149.739239876715
tur,2034,84568.8317560667
tuv,2034,11.865049231743642
twn,2034,25183.406106916707
tza,2034,70178.60450628414
uga,2034,57454.34817934165
ukr,2034,39850.86941236892
ury,2034,3585.439941298785
usa,2034,387196.95366277255
uzb,2034,33683.03172805502
vct,2034,112.74711307062611
ven,2034,38186.15064198353
vgb,2034,30.271232765295284
vir,2034,115.75698032956281
vnm,2034,104410.13264674183
vut,2034,396.61014460244763
wlf,2034,10.606057812194479
wsm,2034,206.6641971719428
yem,2034,39527.44633016897
zaf,2034,55812.35271368656
zmb,2034,21801.303031597665
zwe,2034,12775.110317494049
abw,2035,131.90162854743318
afg,2035,59424.597759927456
ago,2035,39169.4509195016
aia,2035,14.858219515767965
alb,2035,2911.942509304309
and,2035,71.7191417416169
ant,2035,208.82983517052713
are,2035,13097.49722355187
arg,2035,50338.1109631465
arm,2035,2623.6369067416663
asm,2035,59.78189664753336
atg,2035,97.36145158711012
aus,2035,26664.460659762655
aut,2035,8427.155419908242
aze,2035,10342.859485643594
bdi,2035,13096.043594977182
bel,2035,11321.020024453497
ben,2035,14322.959624380288
bfa,2035,25526.329089616927
bgd,2035,198633.17522743845
bgr,2035,6501.834213586213
bhr,2035,2066.5476379100905
bhs,2035,470.7864461882403
bih,2035,3238.9128920856683
blr,2035,8447.17509205867
blz,2035,462.1985309778637
bmu,2035,58.55501885384194
bol,2035,13948.67984621444
bra,2035,237683.15508081243
brb,2035,301.0335512831199
brn,2035,569.1525788020379
btn,2035,1046.2705927089091
bwa,2035,2205.8800276713696
caf,2035,5331.09368847626
can,2035,37904.740832343196
che,2035,8409.498670061774
chi,2035,152.0461249943894
chl,2035,21001.30279746522
chn,2035,1421968.7489095684
civ,2035,26303.985045584646
cmr,2035,27559.76977510219
cod,2035,104976.57922651095
cog,2035,6172.583269266175
cok,2035,15.146817407536911
col,2035,59561.82322685115
com,2035,935.2128585583229
cpv,2035,508.95153594405974
cri,2035,6215.545333841787
cub,2035,10957.73890562557
cym,2035,64.2277989629009
cyp,2035,1299.763909868324
cze,2035,11115.772218732529
deu,2035,74083.21450687126
dji,2035,1033.9213537023847
dma,2035,74.07049791938587
dnk,2035,5726.545838228272
dom,2035,12595.747705730451
dza,2035,42431.826647570706
ecu,2035,20385.717715028164
egy,2035,103712.39728014023
eri,2035,4538.356939270696
esh,2035,464.30178999339887
esp,2035,45700.53656784132
est,2035,1221.6638002147106
eth,2035,128365.83659149204
fin,2035,5443.584690607253
fji,2035,1007.1542922461455
flk,2035,2.948959598549367
fra,2035,66009.75422812905
fro,2035,44.17551986035858
fsm,2035,118.04805554861323
gab,2035,2183.2453654384567
gbr,2035,67691.99480209673
geo,2035,3372.704807062444
gha,2035,34956.76753066956
gib,2035,31.015074358682593
gin,2035,12986.249354788022
glp,2035,448.5743524890589
gmb,2035,2624.964344656273
gnb,2035,2021.2253608138224
gnq,2035,1537.0015933273876
grc,2035,9728.8040162634
grd,2035,121.37906226804533
grl,2035,51.82999902535713
gtm,2035,22978.824972354858
guf,2035,372.401081653914
gum,2035,206.40154486064404
guy,2035,813.0686671675275
hkg,2035,8941.846789279898
hnd,2035,12082.32735814284
hrv,2035,4041.8363161248435
hti,2035,12872.605365839672
hun,2035,9192.671217289291
idn,2035,311250.35080148804
imn,2035,76.52088864034228
ind,2035,1494750
irl,2035,5146.201167526571
irn,2035,86223.91740795513
irq,2035,51626.20368814116
isl,2035,381.55871696012497
isr,2035,10963.740440644566
ita,2035,56189.03649454348
jam,2035,3100.7458091181934
jor,2035,13493.835469844043
jpn,2035,121335
kaz,2035,19280.864204818794
ken,2035,60669.50242993371
kgz,2035,6446.742078991317
khm,2035,17904.799177044006
kir,2035,118.8204292107589
kna,2035,53.28002058028344
kor,2035,47965
kwt,2035,5521.242509443987
lao,2035,8789.729773476756
lbn,2035,6959.85251273202
lbr,2035,6902.558974485307
lby,2035,7090.684086373981
lca,2035,210.7986824168549
lie,2035,34.44791428206772
lka,2035,24527.853980624343
lso,2035,2055.4097357815795
ltu,2035,2581.726085498413
lux,2035,675.3799236033791
lva,2035,1741.4640176641908
mac,2035,776.480525375387
mar,2035,33796.00928466076
mco,2035,34.67591222020364
mda,2035,3122.2602907240052
mdg,2035,32826.82218971501
mdv,2035,602.5589739062549
mex,2035,148928.6457744791
mhl,2035,61.52462483941928
mkd,2035,2193.7383667348454
mli,2035,24668.73665987962
mlt,2035,418.5505662092922
mmr,2035,58470.66615886795
mne,2035,654.9779777538324
mng,2035,3593.593790829663
mnp,2035,59.74762049379006
moz,2035,33243.977823507834
mrt,2035,4970.0513067897045
msr,2035,5.168483530696792
mtq,2035,366.78326084176877
mus,2035,1206.2245371730812
mwi,2035,25326.06458207561
mys,2035,41237.344872914866
myt,2035,322.2316510552583
nam,2035,2541.8414198238265
ncl,2035,367.8150516068115
ner,2035,33025.37950112039
nga,2035,251142.71151504703
nic,2035,7306.907809488877
niu,2035,1.3944442956216458
nld,2035,16663.22746282181
nor,2035,5826.03409995788
npl,2035,38598.89611817065
nru,2035,11.121540759896419
nzl,2035,4707.35502851058
omn,2035,5647.466280039688
pak,2035,285771.39780204644
pan,2035,5110.348100491543
per,2035,35023.48648625021
phl,2035,142836.34081951316
plw,2035,18.921507996106154
png,2035,11634.06544442084
pol,2035,36601.052820308716
pri,2035,3238.7223066028123
prk,2035,26376.773010434114
prt,2035,9848.121782065245
pry,2035,8797.206853942029
pse,2035,5734.117705567976
pyf,2035,343.72422462683244
qat,2035,3480.7217142980685
reu,2035,904.1159798983891
rom,2035,18161.02416796004
rus,2035,135985.09736313162
rwa,2035,15165.013045018772
sau,2035,44238.81474186781
sdn,2035,48765.29352913861
sen,2035,18613.256427761597
sgp,2035,6774.726830948236
shn,2035,5.1749281631711765
slb,2035,896.20199990096
sle,2035,9076.775034735776
slv,2035,6632.9743691716085
smr,2035,30.588497571202492
som,2035,16712.183711624937
spm,2035,5.259167656806334
srb,2035,8754.694960535142
stp,2035,204.46471536057103
sur,2035,666.9845034988143
svk,2035,5492.900956526468
svn,2035,2136.6413830581064
swe,2035,10414.906053878472
swz,2035,1129.0648425936504
syc,2035,83.80295431912567
syr,2035,22913.355063622967
tca,2035,37.44054880571798
tcd,2035,19559.10578130356
tgo,2035,8764.139447502199
tha,2035,78022.12228698077
tjk,2035,9078.273631299411
tkl,2035,1.0783472872874
tkm,2035,6206.104455054819
tls,2035,1826.865205659655
ton,2035,111.89216914724211
tto,2035,1407.6918957150717
tun,2035,11151.149251675863
tur,2035,84788.75370571483
tuv,2035,11.888469699902759
twn,2035,25233.11573300803
tza,2035,71264.02810174294
uga,2035,58639.99788920816
ukr,2035,39725.35908604273
ury,2035,3591.1782972762103
usa,2035,390075.2776933972
uzb,2035,33815.068695053626
vct,2035,112.8298291666196
ven,2035,38575.62069706021
vgb,2035,30.33453430377952
vir,2035,116.1379503216652
vnm,2035,104936.08511212374
vut,2035,402.77062749627333
wlf,2035,10.564702736315692
wsm,2035,206.6276693608467
yem,2035,40279.687604380604
zaf,2035,55883.80752134751
zmb,2035,22153.207469396937
zwe,2035,12732.28086433261
abw,2036,133.16396985900906
afg,2036,60777.24475355389
ago,2036,39618.199741789154
aia,2036,14.902347079146603
alb,2036,2906.446121534374
and,2036,71.36420422308463
ant,2036,209.45004082686833
are,2036,13271.180277838968
arg,2036,50684.95883969332
arm,2036,2611.0987990835933
asm,2036,59.90398190500562
atg,2036,97.65060626146308
aus,2036,26811.103363664337
aut,2036,8398.999622201804
aze,2036,10374.512432520303
bdi,2036,13193.799779056868
bel,2036,11305.75117635585
ben,2036,14467.600582784553
bfa,2036,25854.701913824847
bgd,2036,199967.45393375066
bgr,2036,6474.964216120082
bhr,2036,2102.2327484764123
bhs,2036,475.2192696749153
bih,2036,3222.467258274266
blr,2036,8418.665616973409
blz,2036,466.31798341330347
bmu,2036,58.265230485145764
bol,2036,14087.043057002938
bra,2036,238998.20508376282
brb,2036,301.34505726224404
brn,2036,575.6130858056739
btn,2036,1060.1969175087163
bwa,2036,2205.741240549652
caf,2036,5355.92141283866
can,2036,37947.97249114646
che,2036,8400.529168966155
chi,2036,151.29364981137084
chl,2036,21119.5955941268
chn,2036,1419436.5258708522
civ,2036,26369.415386565495
cmr,2036,27686.649285088835
cod,2036,106050.87875533846
cog,2036,6220.314830570616
cok,2036,15.07266157645521
col,2036,60101.09536998643
com,2036,940.4262996880518
cpv,2036,506.70916297775847
cri,2036,6279.425683266983
cub,2036,10916.482086731876
cym,2036,64.41854969628442
cyp,2036,1302.6475395377047
cze,2036,11125.899365702893
deu,2036,73616.95581720771
dji,2036,1036.236853859916
dma,2036,74.29048057531288
dnk,2036,5720.174677590499
dom,2036,12696.04541131013
dza,2036,42418.89146942956
ecu,2036,20574.96342875823
egy,2036,103961.84098195902
eri,2036,4589.039437297557
esh,2036,461.4079594176349
esp,2036,45608.50318678696
est,2036,1220.4848328786616
eth,2036,129287.18032376973
fin,2036,5430.896314143986
fji,2036,1010.1828123669497
flk,2036,2.9577177408993256
fra,2036,65981.3484069144
fro,2036,43.956895529136126
fsm,2036,117.89612291233455
gab,2036,2186.9207511984687
gbr,2036,67666.03168352637
geo,2036,3347.230369045677
gha,2036,35229.348897571464
gib,2036,30.861580977938786
gin,2036,13012.559950889725
glp,2036,450.7855345862226
gmb,2036,2642.6088952069745
gnb,2036,2029.0573721210674
gnq,2036,1550.3474765824878
grc,2036,9678.026283363033
grd,2036,121.96745686847576
grl,2036,51.57349273159992
gtm,2036,23298.974944506925
guf,2036,377.5279768591655
gum,2036,207.9170627021276
guy,2036,813.1651274498491
hkg,2036,9016.053263223836
hnd,2036,12218.550387380285
hrv,2036,4029.9852756292553
hti,2036,12963.829633556763
hun,2036,9157.444202910168
idn,2036,312678.20700844785
imn,2036,76.14218731081803
ind,2036,1500116
irl,2036,5159.955431175533
irn,2036,86546.91185485826
irq,2036,52492.856457738926
isl,2036,383.1767671910144
isr,2036,11130.266846499935
ita,2036,55909.87509026343
jam,2036,3106.251766408735
jor,2036,13712.723342738596
jpn,2036,121072
kaz,2036,19378.099596437507
ken,2036,61138.23473875181
kgz,2036,6468.163920095326
khm,2036,17997.10620692261
kir,2036,119.06308164413163
kna,2036,53.43825740552865
kor,2036,47877.6
kwt,2036,5609.152334042661
lao,2036,8856.649139037941
lbn,2036,6975.452259617626
lbr,2036,7004.391903876411
lby,2036,7107.25720014436
lca,2036,212.11480436515768
lie,2036,34.27743180114318
lka,2036,24633.912139730997
lso,2036,2048.9739104273085
ltu,2036,2568.0813547369576
lux,2036,679.4946380250323
lva,2036,1734.4232604426568
mac,2036,784.0571875027014
mar,2036,33635.570623183194
mco,2036,34.50430137911712
mda,2036,3084.70385554127
mdg,2036,33173.14346289747
mdv,2036,607.9320797452723
mex,2036,150089.65610652685
mhl,2036,61.65026905757934
mkd,2036,2198.1593481737937
mli,2036,24966.25571527415
mlt,2036,416.44236247867053
mmr,2036,58484.48738420863
mne,2036,655.5916394705339
mng,2036,3621.0161758916997
mnp,2036,59.86963575326478
moz,2036,33448.639106382754
mrt,2036,5000.243574670254
msr,2036,5.18383345767359
mtq,2036,365.36783571882273
mus,2036,1200.9512278265183
mwi,2036,25778.850470831174
mys,2036,41664.72420101951
myt,2036,325.90519811481255
nam,2036,2543.68858957143
ncl,2036,371.89081232883404
ner,2036,33799.38752983401
nga,2036,254835.78567112665
nic,2036,7346.531336788356
niu,2036,1.387617371334072
nld,2036,16614.782217912994
nor,2036,5845.914969131935
npl,2036,39091.5402911044
nru,2036,11.14425292266311
nzl,2036,4713.650309441184
omn,2036,5719.063663886748
pak,2036,289458.57170076866
pan,2036,5163.529359676003
per,2036,35192.0108739358
phl,2036,144490.12648623882
plw,2036,18.960149078189716
png,2036,11777.954408706233
pol,2036,36437.478593112544
pri,2036,3220.267524466528
prk,2036,26391.932319738724
prt,2036,9811.77156824609
pry,2036,8895.209202745133
pse,2036,5760.627100082611
pyf,2036,346.1736074905885
qat,2036,3524.0841088814022
reu,2036,904.2318257271604
rom,2036,18053.346584722567
rus,2036,135926.14924964498
rwa,2036,15330.450635285462
sau,2036,44881.93284887775
sdn,2036,49097.45225891112
sen,2036,18759.31862641542
sgp,2036,6816.094168771346
shn,2036,5.142674646883463
slb,2036,909.0241434495978
sle,2036,9147.699956959845
slv,2036,6639.611011609787
smr,2036,30.43711531592303
som,2036,16798.424452702973
spm,2036,5.227508853539275
srb,2036,8747.234074037455
stp,2036,203.9075968070856
sur,2036,671.7062662879675
svk,2036,5482.086881307039
svn,2036,2138.496439005029
swe,2036,10429.929094559327
swz,2036,1126.9054522434449
syc,2036,83.28063983149148
syr,2036,23144.497701441767
tca,2036,37.55174383743777
tcd,2036,19782.252628853297
tgo,2036,8806.137637014972
tha,2036,78147.2481636792
tjk,2036,9095.743591960141
tkl,2036,1.0730679116184423
tkm,2036,6231.743735845994
tls,2036,1852.8979648142733
ton,2036,111.98514192005543
tto,2036,1406.7650450106494
tun,2036,11110.688041112426
tur,2036,84792.35005913739
tuv,2036,11.912748067864571
twn,2036,25284.64623979765
tza,2036,72145.59865606722
uga,2036,59702.12497454684
ukr,2036,39636.346010053385
ury,2036,3597.0926829155137
usa,2036,392903.53247553343
uzb,2036,33922.95337474016
vct,2036,112.90921252307571
ven,2036,38956.80724292208
vgb,2036,30.424625117394907
vir,2036,116.47499023016263
vnm,2036,105353.41942659493
vut,2036,408.5427195599683
wlf,2036,10.512980035073333
wsm,2036,206.27294142450228
yem,2036,41039.218455018345
zaf,2036,55762.37731037467
zmb,2036,22433.462083465016
zwe,2036,12647.466865745846
abw,2037,134.42824518250353
afg,2037,62133.30956137555
ago,2037,40065.69020841288
aia,2037,14.946116420946424
alb,2037,2900.943976891954
and,2037,71.01128107665858
ant,2037,210.0652117377489
are,2037,13444.8616626045
arg,2037,51031.75235265282
arm,2037,2598.546025374534
asm,2037,60.02452053063662
atg,2037,97.93741361735927
aus,2037,26957.583100798503
aut,2037,8370.946496468256
aze,2037,10406.200527549323
bdi,2037,13291.771733918255
bel,2037,11290.39716566539
ben,2037,14612.018218854822
bfa,2037,26181.8172697477
bgd,2037,201300.33094471888
bgr,2037,6448.101525494214
bhr,2037,2137.9169052708285
bhs,2037,479.658568707304
bih,2037,3206.029490933611
blr,2037,8390.12251933064
blz,2037,470.44242747563663
bmu,2037,57.977086748465446
bol,2037,14225.639396873723
bra,2037,240311.1029636011
brb,2037,301.6458836186721
brn,2037,582.0801901575547
btn,2037,1074.1436202092646
bwa,2037,2205.840955064984
caf,2037,5381.019185687822
can,2037,37991.203700372374
che,2037,8391.472941129208
chi,2037,150.54544514059782
chl,2037,21237.71055123977
chn,2037,1416901.3272452157
civ,2037,26436.872992803677
cmr,2037,27814.942749135545
cod,2037,107123.368745385
cog,2037,6268.127930793671
cok,2037,14.999932696617488
col,2037,60641.060187737974
com,2037,945.6766683322036
cpv,2037,504.5487286727967
cri,2037,6343.422988567018
cub,2037,10874.527569808137
cym,2037,64.60775194106711
cyp,2037,1305.4755317809272
cze,2037,11135.961572560742
deu,2037,73153.76323063434
dji,2037,1038.6351599586621
dma,2037,74.5086774418537
dnk,2037,5713.747063357012
dom,2037,12796.40886445685
dza,2037,42410.66903618601
ecu,2037,20764.473671963973
egy,2037,104219.38180913923
eri,2037,4639.592105304375
esh,2037,458.59920544319465
esp,2037,45516.426665168336
est,2037,1219.3043786298165
eth,2037,130211.08766016041
fin,2037,5418.21986939283
fji,2037,1013.1891867896819
flk,2037,2.966404785836694
fra,2037,65951.84642206666
fro,2037,43.73951195362859
fsm,2037,117.7395546082071
gab,2037,2190.785772207014
gbr,2037,67638.91314563724
geo,2037,3321.7263497077624
gha,2037,35502.364444393126
gib,2037,30.708958716106107
gin,2037,13039.944360119092
glp,2037,452.9910649892776
gmb,2037,2660.320431160135
gnb,2037,2037.0110193324658
gnq,2037,1563.6958821762407
grc,2037,9627.547815138392
grd,2037,122.55426387947759
grl,2037,51.31844218454807
gtm,2037,23620.05064128695
guf,2037,382.6695131006898
gum,2037,209.4316434041042
guy,2037,813.2283672657304
hkg,2037,9090.253547793203
hnd,2037,12355.071530268522
hrv,2037,4018.1320754495955
hti,2037,13055.05484524136
hun,2037,9122.223702870038
idn,2037,314101.1990192892
imn,2037,75.76563521983566
ind,2037,1505482
irl,2037,5173.466292821391
irn,2037,86869.96370373064
irq,2037,53359.48747009886
isl,2037,384.770853460858
isr,2037,11296.790092598709
ita,2037,55632.302569193555
jam,2037,3111.6612149705816
jor,2037,13931.606165237092
jpn,2037,120809
kaz,2037,19475.44434230834
ken,2037,61607.773533804364
kgz,2037,6489.609609675906
khm,2037,18089.87223002525
kir,2037,119.30266004557302
kna,2037,53.59520968567265
kor,2037,47790.2
kwt,2037,5697.060229904157
lao,2037,8923.538174660142
lbn,2037,6991.057512879925
lbr,2037,7105.726070176999
lby,2037,7124.38976047185
lca,2037,213.42989767206146
lie,2037,34.10791685714061
lka,2037,24739.560969816303
lso,2037,2042.8370976051021
ltu,2037,2554.4206937401887
lux,2037,683.5545647747954
lva,2037,1727.3742378550226
mac,2037,791.6378710648349
mar,2037,33480.71342171518
mco,2037,34.333664478719776
mda,2037,3047.104013889203
mdg,2037,33518.77249406267
mdv,2037,613.3062679850357
mex,2037,151251.29765857052
mhl,2037,61.774321557357496
mkd,2037,2202.5641679040036
mli,2037,25262.80087134513
mlt,2037,414.34627853758514
mmr,2037,58496.37098008488
mne,2037,656.201451309902
mng,2037,3648.5662449260594
mnp,2037,59.99010526766485
moz,2037,33654.37760018053
mrt,2037,5030.601819622916
msr,2037,5.199058776023593
mtq,2037,363.95875826555226
mus,2037,1195.8716135580228
mwi,2037,26228.84269899229
mys,2037,42092.41770053483
myt,2037,329.56861393959446
nam,2037,2545.786149596382
ncl,2037,375.97043678931897
ner,2037,34567.517670541405
nga,2037,258510.8591124674
nic,2037,7386.083980055625
niu,2037,1.3809218148426996
nld,2037,16566.468499205585
nor,2037,5865.477656596551
npl,2037,39584.85123103668
nru,2037,11.166677357371174
nzl,2037,4720.105901951901
omn,2037,5790.660602332192
pak,2037,293150.8423605448
pan,2037,5216.810653129164
per,2037,35360.06979798306
phl,2037,146145.69838087188
plw,2037,18.99830063738436
png,2037,11922.025836330067
pol,2037,36273.96250536816
pri,2037,3201.688820277526
prk,2037,26407.284803177852
prt,2037,9775.575430709214
pry,2037,8993.421664296866
pse,2037,5787.13989270245
pyf,2037,348.6211301575456
qat,2037,3567.4462927614177
reu,2037,904.443322412106
rom,2037,17945.734468315193
rus,2037,135867.11850491512
rwa,2037,15495.502108791025
sau,2037,45525.040608630145
sdn,2037,49430.80224389868
sen,2037,18905.600783765552
sgp,2037,6857.397036202981
shn,2037,5.111369361487177
slb,2037,921.8673370418217
sle,2037,9218.735824770683
slv,2037,6646.011005291045
smr,2037,30.286592198312857
som,2037,16885.409371958267
spm,2037,5.1962996276254865
srb,2037,8739.743361373354
stp,2037,203.3792112913774
sur,2037,676.4280488816024
svk,2037,5471.262562729298
svn,2037,2140.3391387999372
swe,2037,10444.586266483051
swz,2037,1124.8935624432668
syc,2037,82.77368102563157
syr,2037,23375.643479690272
tca,2037,37.662036202960515
tcd,2037,20004.782493404466
tgo,2037,8848.565383737132
tha,2037,78270.21784010141
tjk,2037,9113.232578882018
tkl,2037,1.0678901248814452
tkm,2037,6257.411727322871
tls,2037,1878.9732126462886
ton,2037,112.07467447373277
tto,2037,1405.7742531700449
tun,2037,11071.916564120647
tur,2037,84794.1419489393
tuv,2037,11.936718866364508
twn,2037,25335.523934575005
tza,2037,73024.08688467574
uga,2037,60757.61625981336
ukr,2037,39547.226479809506
ury,2037,3602.892579062758
usa,2037,395731.9111797224
uzb,2037,34030.95801100976
vct,2037,112.98437354320114
ven,2037,39338.62992641289
vgb,2037,30.51398458599553
vir,2037,116.80918384756981
vnm,2037,105772.94947665508
vut,2037,414.3243104410109
wlf,2037,10.462252613255437
wsm,2037,205.90974203342307
yem,2037,41798.72538155883
zaf,2037,55648.42487536485
zmb,2037,22712.682933483426
zwe,2037,12565.052325213102
abw,2038,135.69443106304834
afg,2038,63492.7276445477
ago,2038,40511.97700764304
aia,2038,14.98953188552531
alb,2038,2895.4360295179317
and,2038,70.6603552026533
ant,2038,210.67540896240553
are,2038,13618.54143481163
arg,2038,51378.49216132331
arm,2038,2585.9785646276473
asm,2038,60.14354172959273
atg,2038,98.22190212207165
aus,2038,27103.904530196512
aut,2038,8342.995171141494
aze,2038,10437.923821026994
bdi,2038,13389.950082140342
bel,2038,11274.958715313865
ben,2038,14756.22223820335
bfa,2038,26507.72980709016
bgd,2038,202631.8327286626
bgr,2038,6421.246199914738
bhr,2038,2173.60014083551
bhs,2038,484.10426475276154
bih,2038,3189.5996527278344
blr,2038,8361.545751017122
blz,2038,474.57180262855
bmu,2038,57.69057368278055
bol,2038,14364.466038537132
bra,2038,241621.8748203547
brb,2038,301.93615987029403
brn,2038,588.5537672794527
btn,2038,1088.1103160131086
bwa,2038,2206.168805910993
caf,2038,5406.375270687946
can,2038,38034.43446952989
che,2038,8382.33072276048
chi,2038,149.801474730369
chl,2038,21355.649825566008
chn,2038,1414363.12382029
civ,2038,26506.269759136674
cmr,2038,27944.588716649283
cod,2038,108194.12783939742
cog,2038,6316.019026245311
cok,2038,14.928589973138456
col,2038,61181.70927964475
com,2038,950.9623596170948
cpv,2038,502.46667196628493
cri,2038,6407.535831351136
cub,2038,10831.883816237247
cym,2038,64.79542447665551
cyp,2038,1308.24835889528
cze,2038,11145.958321994574
deu,2038,72693.61071948819
dji,2038,1041.1126732436587
dma,2038,74.7251101762972
dnk,2038,5707.263474753431
dom,2038,12896.837267812278
dza,2038,42406.95453144829
ecu,2038,20954.245236545205
egy,2038,104484.66785975618
eri,2038,4690.020585717555
esh,2038,455.8718306319853
esp,2038,45424.30736919883
est,2038,1218.1224353404316
eth,2038,131137.44718615807
fin,2038,5405.555255067372
fji,2038,1016.1738336932383
flk,2038,2.975021595600442
fra,2038,65921.25757874502
fro,2038,43.52335860125743
fsm,2038,117.57843817189857
gab,2038,2194.8321868961325
gbr,2038,67610.64899660069
geo,2038,3296.1927067183915
gha,2038,35775.79530162935
gib,2038,30.55720017839422
gin,2038,13068.355914444013
glp,2038,455.19101223954965
gmb,2038,2678.0960413230773
gnb,2038,2045.0810161387565
gnq,2038,1577.0467004875425
grc,2038,9577.366071179094
grd,2038,123.13950255465546
grl,2038,51.06483502659861
gtm,2038,23942.04083590312
guf,2038,387.8255128182697
gum,2038,210.9453046626502
guy,2038,813.2587894987603
hkg,2038,9164.447759862429
hnd,2038,12491.88717141287
hrv,2038,4006.2766983818697
hti,2038,13146.28098944544
hun,2038,9087.009769061977
idn,2038,315519.41868499614
imn,2038,75.39121412284992
ind,2038,1510848
irl,2038,5186.735818665152
irn,2038,87193.07099604867
irq,2038,54226.0974675659
isl,2038,386.3411791959211
isr,2038,11463.310286750038
ita,2038,55356.30544355618
jam,2038,3116.9753252202618
jor,2038,14150.484109656256
jpn,2038,120546
kaz,2038,19572.898598915148
ken,2038,62078.08376511429
kgz,2038,6511.079181859772
khm,2038,18183.10175244775
kir,2038,119.5392224622612
kna,2038,53.750892999128254
kor,2038,47702.8
kwt,2038,5784.966262835921
lao,2038,8990.397453065905
lbn,2038,7006.668084644383
lbr,2038,7206.583149683748
lby,2038,7142.0574537499
lca,2038,214.74397481248846
lie,2038,33.939361236792486
lka,2038,24844.80820027123
lso,2038,2036.9863021986864
ltu,2038,2540.7440797122404
lux,2038,687.560168936528
lva,2038,1720.3169380737045
mac,2038,799.2225001247284
mar,2038,33331.19510941429
mco,2038,34.16399325138349
mda,2038,3009.4607036539674
mdg,2038,33863.73936812195
mdv,2038,618.6815181864896
mex,2038,152413.56277544427
mhl,2038,61.89681239529272
mkd,2038,2206.9526971816636
mli,2038,25558.41445386019
mlt,2038,412.26221150306395
mmr,2038,58506.35353490088
mne,2038,656.8073826038991
mng,2038,3676.2452514506203
mnp,2038,60.109058225411786
moz,2038,33861.14648920049
mrt,2038,5061.118828266578
msr,2038,5.214160996946859
mtq,2038,362.55597459759576
mus,2038,1190.9772763590129
mwi,2038,26676.162679343888
mys,2038,42520.41943893828
myt,2038,333.2223388341388
nam,2038,2548.123217910743
ncl,2038,380.05385202899953
ner,2038,35330.025376877114
nga,2038,262168.71415203606
nic,2038,7425.56659894187
niu,2038,1.374353870494209
nld,2038,16518.285190194507
nor,2038,5884.724863345807
npl,2038,40078.81634735567
nru,2038,11.188819497211378
nzl,2038,4726.717222920114
omn,2038,5862.257110572878
pak,2038,296848.1135388493
pan,2038,5270.1907676782585
per,2038,35527.668903335645
phl,2038,147803.02277393534
plw,2038,19.035971917387936
png,2038,12066.276281823279
pol,2038,36110.505020213124
pri,2038,3182.988251109379
prk,2038,26422.832357209016
prt,2038,9739.53206152548
pry,2038,9091.8416904397891
pse,2038,5813.655967486021
pyf,2038,351.0668277539411
qat,2038,3610.8082731271948
reu,2038,904.7463129568989
rom,2038,17838.188340245248
rus,2038,135808.00501069834
rwa,2038,15660.184246210752
sau,2038,46168.13837416772
sdn,2038,49765.29171202362
sen,2038,19052.093340383777
sgp,2038,6898.636650642433
shn,2038,5.080971096767475
slb,2038,934.731183188062
sle,2038,9289.877816461358
slv,2038,6652.177220190153
smr,2038,30.136920925288496
som,2038,16973.10612732852
spm,2038,5.165530470108279
srb,2038,8732.222584948264
stp,2038,202.8783100725852
sur,2038,681.1498510395384
svk,2038,5460.427919194878
svn,2038,2142.1693840139988
swe,2038,10458.880675451512
swz,2038,1123.0227628036093
syc,2038,82.28141054199169
syr,2038,23606.79229121876
tca,2038,37.77143684943526
tcd,2038,20226.722189103457
tgo,2038,8891.404019066924
tha,2038,78391.07203194073
tjk,2038,9130.740619291253
tkl,2038,1.062811022766368
tkm,2038,6283.108470569899
tls,2038,1905.090146838781
ton,2038,112.1608317701931
tto,2038,1404.7202956439735
tun,2038,11034.761384700763
tur,2038,84794.14469292609
tuv,2038,11.960387903260047
twn,2038,25385.761144438853
tza,2038,73899.62674577022
uga,2038,61806.76013758081
ukr,2038,39458.00034297702
ury,2038,3608.579374197468
usa,2038,398560.4117488906
uzb,2038,34139.08277551806
vct,2038,113.05536343368259
ven,2038,39721.081032727925
vgb,2038,30.602621579020504
vir,2038,117.14056569248605
vnm,2038,106194.6968186027
vut,2038,420.1152207725124
wlf,2038,10.412492016974657
wsm,2038,205.53823115473162
yem,2038,42558.2092002791
zaf,2038,55541.625231383674
zmb,2038,22990.914946947105
zwe,2038,12484.932962033525
abw,2039,136.96250442351567
afg,2039,64855.43607898425
ago,2039,40957.11170399218
aia,2039,15.032597747275295
alb,2039,2889.922233064809
and,2039,70.31140969437935
ant,2039,211.28069257671626
are,2039,13792.21964886124
arg,2039,51725.178914385084
arm,2039,2573.396395816029
asm,2039,60.26107397632856
atg,2039,98.5040997844079
aus,2039,27250.07213497107
aut,2039,8315.144784492375
aze,2039,10469.682363345668
bdi,2039,13488.325981934204
bel,2039,11259.43654007364
ben,2039,14900.221792064269
bfa,2039,26832.49105400203
bgd,2039,203961.9850916652
bgr,2039,6394.398298207652
bhr,2039,2209.2824862488483
bhs,2039,488.55628054341025
bih,2039,3173.1778069884144
blr,2039,8332.935263827763
blz,2039,478.70604931066725
bmu,2039,57.405677484642034
bol,2039,14503.520200236972
bra,2039,242930.5463337102
brb,2039,302.2160134491155
brn,2039,595.0336957100819
btn,2039,1102.0966297504146
bwa,2039,2206.7150198407285
caf,2039,5431.978601874949
can,2039,38077.664807861685
che,2039,8373.103241760291
chi,2039,149.0617027381386
chl,2039,21473.41553913275
chn,2039,1411821.8860000656
civ,2039,26577.522612910405
cmr,2039,28075.52924705417
cod,2039,109263.23018810099
cog,2039,6363.984775648731
cok,2039,14.858594151491884
col,2039,61723.03438053495
com,2039,956.281860338363
cpv,2039,500.4596352008844
cri,2039,6471.762816071746
cub,2039,10788.559151131598
cym,2039,64.98158578001404
cyp,2039,1310.96648784746
cze,2039,11155.889091183757
deu,2039,72236.472549868
dji,2039,1043.6660005184385
dma,2039,74.93980008714176
dnk,2039,5700.724385596595
dom,2039,12997.329836859526
dza,2039,42407.55483780112
ecu,2039,21144.27496606816
egy,2039,104757.36733228971
eri,2039,4740.330198671848
esh,2039,453.2223487411257
esp,2039,45332.145660958624
est,2039,1216.9390008787013
eth,2039,132066.1538511795
fin,2039,5392.902371024374
fji,2039,1019.1371607937011
flk,2039,2.983569018543188
fra,2039,65889.59107708598
fro,2039,43.30842505832026
fsm,2039,117.4128589489386
gab,2039,2199.0522244507583
gbr,2039,67581.24893388808
geo,2039,3270.629397666446
gha,2039,36049.62367758847
gib,2039,30.40629805347428
gin,2039,13097.750611479414
glp,2039,457.3854437745064
gmb,2039,2695.932980788522
gnb,2039,2053.2623781811576
gnq,2039,1590.3998281567722
grc,2039,9527.478539747157
grd,2039,123.72319183753483
grl,2039,50.81265903962292
gtm,2039,24264.934482371005
guf,2039,392.9958013112934
gum,2039,212.458063731087
guy,2039,813.256790544091
hkg,2039,9238.636013381749
hnd,2039,12628.993753644549
hrv,2039,3994.419127038869
hti,2039,13237.508054905331
hun,2039,9051.802453931705
idn,2039,316932.95555844624
imn,2039,75.01890598123305
ind,2039,1516214
irl,2039,5199.766051587616
irn,2039,87516.23186138528
irq,2039,55092.687159093584
isl,2039,387.88794552649546
isr,2039,11629.82753191371
ita,2039,55081.87037780376
jam,2039,3122.1952487247554
jor,2039,14369.357340561843
jpn,2039,120283
kaz,2039,19670.462523040518
ken,2039,62549.13238473602
kgz,2039,6532.572670838788
khm,2039,18276.799339463443
kir,2039,119.77282548903689
kna,2039,53.9053226734181
kor,2039,47615.4
kwt,2039,5872.870495685319
lao,2039,9057.227532648267
lbn,2039,7022.283795487253
lbr,2039,7306.983580557642
lby,2039,7160.237355149045
lca,2039,216.0570480604525
lie,2039,33.7717568195305
lka,2039,24949.661367097757
lso,2039,2031.4092713642135
ltu,2039,2527.0514898137326
lux,2039,691.5119103449125
lva,2039,1713.2513492485423
mac,2039,806.8110006452649
mar,2039,33186.78697092377
mco,2039,33.99527952279295
mda,2039,2971.7738626031582
mdg,2039,34208.07245155639
mdv,2039,624.0578104219629
mex,2039,153576.4439252689
mhl,2039,62.01777087591085
mkd,2039,2211.3248058918907
mli,2039,25853.136370967168
mlt,2039,410.1900596533265
mmr,2039,58514.47072162079
mne,2039,657.4094023578868
mng,2039,3704.0544654454247
mnp,2039,60.22652308463426
moz,2039,34068.90163182378
mrt,2039,5091.787799243673
msr,2039,5.22914160730558
mtq,2039,361.1594314387591
mus,2039,1186.2602790519747
mwi,2039,27120.924889653183
mys,2039,42948.72363213868
myt,2039,336.8667879530775
nam,2039,2550.689534098507
ncl,2039,384.14098691404666
ner,2039,36087.15151113344
nga,2039,265810.08841760136
nic,2039,7464.980039253598
niu,2039,1.367909924443612
nld,2039,16470.231186976158
nor,2039,5903.6592598889665
npl,2039,40573.42336446602
nru,2039,11.210684639436312
nzl,2039,4733.479862275646
omn,2039,5933.853203122097
pak,2039,300550.29140113964
pan,2039,5323.668509688654
per,2039,35694.81374402542
phl,2039,149462.066779862
plw,2039,19.07317193062144
png,2039,12210.702385922266
pol,2039,35947.10660571725
pri,2039,3164.167828757015
prk,2039,26438.576903195506
prt,2039,9703.640167527728
pry,2039,9190.466774054536
pse,2039,5840.175213707013
pyf,2039,353.5107345271554
qat,2039,3654.1700568444435
reu,2039,905.1368778100849
rom,2039,17730.708727573867
rus,2039,135748.8086485252
rwa,2039,15824.512869718883
sau,2039,46811.22648265297
sdn,2039,50100.87184839503
sen,2039,19198.787282870086
sgp,2039,6939.814199029728
shn,2039,5.051440996409652
slb,2039,947.6152943439179
sle,2039,9361.12138573763
slv,2039,6658.112480060961
smr,2039,29.988094286080038
som,2039,17061.484224108586
spm,2039,5.135192138317303
srb,2039,8724.671504637316
stp,2039,202.40371573709774
sur,2039,685.8716725254634
svk,2039,5449.582868236427
svn,2039,2143.987075170155
swe,2039,10472.815392212884
swz,2039,1121.2870090921629
syc,2039,81.80319914015277
syr,2039,23837.944033697204
tca,2039,37.87995654770729
tcd,2039,20448.09699849038
tgo,2039,8934.635940740742
tha,2039,78509.85043618597
tjk,2039,9148.267740466044
tkl,2039,1.0578278106259433
tkm,2039,6308.834006749953
tls,2039,1931.2479851487615
ton,2039,112.24367714601135
tto,2039,1403.6039353945214
tun,2039,10999.153261468615
tur,2039,84792.37343601862
tuv,2039,11.983760841096371
twn,2039,25435.369888064553
tza,2039,74772.34454594864
uga,2039,62849.82852762975
ukr,2039,39368.667446931126
ury,2039,3614.154434437717
usa,2039,401389.03217124305
uzb,2039,34247.327840248305
vct,2039,113.1222325765234
ven,2039,40104.15297130933
vgb,2039,30.6905448230667
vir,2039,117.46916972758888
vnm,2039,106618.6832918302
vut,2039,425.91527567533495
wlf,2039,10.363670866723501
wsm,2039,205.15856475318085
yem,2039,43317.67069073916
zaf,2039,55441.67195642073
zmb,2039,23268.200485122306
zwe,2039,12407.01045195075
abw,2040,138.23244255694428
afg,2040,66221.37350517025
ago,2040,41401.142958108736
aia,2040,15.075318212025437
alb,2040,2884.4025406901874
and,2040,69.96442783542798
ant,2040,211.8811216929178
are,2040,13965.896356734436
arg,2040,52071.81325011334
arm,2040,2560.7994978726197
asm,2040,60.37714503729779
atg,2040,98.78403416390309
aus,2040,27396.09023054164
aut,2040,8287.394484490302
aze,2040,10501.476204993936
bdi,2040,13586.891089437722
bel,2040,11243.831346672487
ben,2040,15044.025516318427
bfa,2040,27156.149636816812
bgd,2040,205290.81319815697
bgr,2040,6367.557879827099
bhr,2040,2244.963971206842
bhs,2040,493.01454005078097
bih,2040,3156.7640177230837
blr,2040,8304.291009465416
blz,2040,482.8451089160008
bmu,2040,57.1223845059553
bol,2040,14642.79914483756
bra,2040,244237.14277144175
brb,2040,302.48556974308093
brn,2040,601.5198570082206
btn,2040,1116.1021955797326
bwa,2040,2207.470373989263
caf,2040,5457.818736466349
can,2040,38120.894724353384
che,2040,8363.791217836608
chi,2040,148.32609372476009
chl,2040,21591.009779929078
chn,2040,1409277.5837985752
civ,2040,26650.55315972107
cmr,2040,28207.709662707435
cod,2040,110330.74576641068
cog,2040,6412.022025891685
cok,2040,14.789907445488188
col,2040,62265.0273578136
com,2040,961.6337425079998
cpv,2040,498.5244498062859
cri,2040,6536.102569566412
cub,2040,10744.56176606539
cym,2040,65.16625403172898
cyp,2040,1313.630380348565
cze,2040,11165.753351724952
deu,2040,71782.32327750143
dji,2040,1046.291939674955
dma,2040,75.15276814108877
dnk,2040,5694.1302643706385
dom,2040,13097.885799665677
dza,2040,42412.28771326843
ecu,2040,21334.559754729562
egy,2040,105037.16711067721
eri,2040,4790.525964697731
esh,2040,450.6474698560801
esp,2040,45239.9418984527
est,2040,1215.7540731087488
eth,2040,132997.10852058243
fin,2040,5380.261118247679
fji,2040,1022.0795656695265
flk,2040,2.9920478894096285
fra,2040,65856.85601368055
fro,2040,43.09470102831843
fsm,2040,117.24290016278945
gab,2040,2203.4385516705665
gbr,2040,67550.72254582787
geo,2040,3245.0363800598157
gha,2040,36323.83278252094
gib,2040,30.256245112304654
gin,2040,13128.086926841828
glp,2040,459.57442594989203
gmb,2040,2713.828659229094
gnb,2040,2061.5504017958774
gnq,2040,1603.7551676450246
grc,2040,9477.882737373593
grd,2040,124.3053503677794
grl,2040,50.56190214300448
gtm,2040,24588.720711888272
guf,2040,398.1802066814185
gum,2040,213.96993743374225
guy,2040,813.2227604385351
hkg,2040,9312.8184194681
hnd,2040,12766.387776853218
hrv,2040,3982.5593438477217
hti,2040,13328.736030538043
hun,2040,9016.601810484957
idn,2040,318341.89696583594
imn,2040,74.6486929593777
ind,2040,1521580
irl,2040,5212.559011477436
irn,2040,87839.44451251147
irq,2040,55959.2572221006
isl,2040,389.4113513191984
isr,2040,11796.341926469775
ita,2040,54808.98418647709
jam,2040,3127.322118579439
jor,2040,14588.226015199567
jpn,2040,120020
kaz,2040,19768.136271766445
ken,2040,63020.888205824434
kgz,2040,6554.090110870118
khm,2040,18370.96961649786
kir,2040,120.00352431354268
kna,2040,54.05851379020509
kor,2040,47528
kwt,2040,5960.772988504207
lao,2040,9124.028957916165
lbn,2040,7037.904473965706
lbr,2040,7406.946649981237
lby,2040,7178.907830855382
lca,2040,217.36912949308729
lie,2040,33.605095576181384
lka,2040,25054.12781891954
lso,2040,2026.0944422787645
ltu,2040,2513.342901161666
lux,2040,695.4102436593007
lva,2040,1706.1774595067457
mac,2040,814.403300430217
mar,2040,33047.27317103003
mco,2040,33.82751521063277
mda,2040,2934.0434283855184
mdg,2040,34551.79851338402
mdv,2040,629.4351252592745
mex,2040,154739.93369697922
mhl,2040,62.13722557509761
mkd,2040,2215.6803625304387
mli,2040,26147.00428337995
mlt,2040,408.12972241144575
mmr,2040,58520.75732622102
mne,2040,658.0074792462647
mng,2040,3731.9951736238163
mnp,2040,60.34252759586596
moz,2040,34277.60137227407
mrt,2040,5122.602314216218
msr,2040,5.244002070112076
mtq,2040,359.7690761124584
mus,2040,1181.71313144286
mwi,2040,27563.23736085293
mys,2040,43377.324639862956
myt,2040,340.50235307154037
nam,2040,2553.475415560697
ncl,2040,388.23177207933253
ner,2040,36839.12337140281
nga,2040,269435.67799730215
nic,2040,7504.325133230235
niu,2040,1.3615864980237335
nld,2040,16422.30539807109
nor,2040,5922.283486679341
npl,2040,41068.66031199798
nru,2040,11.232277949585447
nzl,2040,4740.3895749093635
omn,2040,6005.448893847568
pak,2040,304257.2844460152
pan,2040,5377.242704672108
per,2040,35861.50978499535
phl,2040,151122.79833076513
plw,2040,19.10990946541721
png,2040,12355.300872889593
pol,2040,35783.767734948386
pri,2040,3145.229520975707
prk,2040,26454.520387816534
prt,2040,9667.89847010308
pry,2040,9289.294448236944
pse,2040,5866.697525564318
pyf,2040,355.95288387302793
qat,2040,3697.5316504734797
reu,2040,905.6113181503998
rom,2040,17623.29616299017
rus,2040,135689.5292997
rwa,2040,15988.50291046128
sau,2040,47454.305256251115
sdn,2040,50437.496587140675
sen,2040,19345.674105415597
sgp,2040,6980.930838792309
shn,2040,5.022742392298809
slb,2040,960.5192926010565
sle,2040,9432.462242330585
slv,2040,6663.819563363156
smr,2040,29.840105151073054
som,2040,17150.514884907672
spm,2040,5.10527564661209
srb,2040,8717.089877751594
stp,2040,201.95431717754627
sur,2040,690.5935131068558
svk,2040,5438.727326506008
svn,2040,2145.792111729132
swe,2040,10486.393452954808
swz,2040,1119.6805974585625
syc,2040,81.3384530154742
syr,2040,24069.098609347308
tca,2040,37.98760589585315
tcd,2040,20668.930780314928
tgo,2040,8978.244537769366
tha,2040,78626.59176278318
tjk,2040,9165.813969736679
tkl,2040,1.0529377983481867
tkm,2040,6334.588377104518
tls,2040,1957.4459647832612
ton,2040,112.3232723629351
tto,2040,1402.4259231455544
tun,2040,10965.026852380064
tur,2040,84788.84315268534
tuv,2040,12.006843201622736
twn,2040,25484.361885290025
tza,2040,75642.35947883202
uga,2040,63887.078036533196
ukr,2040,39279.22763875555
ury,2040,3619.619103988489
usa,2040,404217.77047902433
uzb,2040,34355.69337751224
vct,2040,113.1850305455791
ven,2040,40487.83827335489
vgb,2040,30.77776290475282
vir,2040,117.79502937078068
vnm,2040,107044.9310234865
vut,2040,431.7243046186094
wlf,2040,10.315762807139663
wsm,2040,204.77089491555023
yem,2040,44077.11059782359
zaf,2040,55348.275884671915
zmb,2040,23544.579523693526
zwe,2040,12331.192007855201
abw,2041,139.41577123494378
afg,2041,67565.82912381671
ago,2041,41861.64507877447
aia,2041,15.120497471298842
alb,2041,2875.065083588319
and,2041,69.65824799733863
ant,2041,212.51610876234284
are,2041,14124.197888836807
arg,2041,52382.55418893394
arm,2041,2544.4867681308233
asm,2041,60.4863141769934
atg,2041,99.0800802857026
aus,2041,27524.320348982998
aut,2041,8262.302075782309
aze,2041,10514.535789548721
bdi,2041,13691.569485389402
bel,2041,11230.763432068099
ben,2041,15195.253761698961
bfa,2041,27491.120579801653
bgd,2041,206310.586313855
bgr,2041,6338.936630999728
bhr,2041,2280.2484552672663
bhs,2041,497.0670967612378
bih,2041,3136.2714042869334
blr,2041,8270.65939928013
blz,2041,486.49329603082487
bmu,2041,56.87240429486217
bol,2041,14768.441949647888
bra,2041,245329.52390743012
brb,2041,302.44902040858017
brn,2041,607.5930621937192
btn,2041,1129.4444741778282
bwa,2041,2210.3425506418976
caf,2041,5483.392253357535
can,2041,38164.52370761856
che,2041,8356.083300399601
chi,2041,147.67698587429788
chl,2041,21689.289946570094
chn,2041,1405475.9356515615
civ,2041,26719.783736809735
cmr,2041,28331.773415544332
cod,2041,111455.80556354976
cog,2041,6458.645918732532
cok,2041,14.715068515308516
col,2041,62759.77878469924
com,2041,966.3591548166854
cpv,2041,496.6921059173747
cri,2041,6594.709991411218
cub,2041,10689.987822574647
cym,2041,65.3615509432348
cyp,2041,1316.5284285101327
cze,2041,11172.610493549299
deu,2041,71352.23734485878
dji,2041,1049.03573745123
dma,2041,75.37799366198371
dnk,2041,5690.080212268387
dom,2041,13188.379818356982
dza,2041,42438.46117593941
ecu,2041,21504.639915960022
egy,2041,105347.41381435664
eri,2041,4840.324901943748
esh,2041,448.6505546988005
esp,2041,45155.72661571979
est,2041,1214.442492262512
eth,2041,133978.32320522997
fin,2041,5370.650599768033
fji,2041,1023.7759517678119
flk,2041,3.0010147652959533
fra,2041,65831.56244701294
fro,2041,42.906109068209844
fsm,2041,116.95235102508815
gab,2041,2208.0946295459703
gbr,2041,67553.78566537597
geo,2041,3216.441036785494
gha,2041,36608.43429752642
gib,2041,30.123837079876125
gin,2041,13156.94100365326
glp,2041,461.4446151292569
gmb,2041,2731.033720077521
gnb,2041,2069.9810376548658
gnq,2041,1617.707347063185
grc,2041,9430.785690349318
grd,2041,124.81537611838583
grl,2041,50.34063205632488
gtm,2041,24896.579886899333
guf,2041,402.91144012016804
gum,2041,215.21507471004534
guy,2041,812.3483378312919
hkg,2041,9380.327038109877
hnd,2041,12890.56041057298
hrv,2041,3967.7000220455197
hti,2041,13407.707495306231
hun,2041,8975.393339213728
idn,2041,319283.6443035262
imn,2041,74.32201373922247
ind,2041,1526154
irl,2041,5226.516309193465
irn,2041,88107.56292171859
irq,2041,56789.317028914564
isl,2041,391.0880029373078
isr,2041,11966.994132917756
ita,2041,54539.01875246681
jam,2041,3130.307447779108
jor,2041,14802.209318640387
jpn,2041,119701.6
kaz,2041,19839.71644817415
ken,2041,63501.895580267636
kgz,2041,6562.5928657749455
khm,2041,18460.572483390544
kir,2041,120.22050511814446
kna,2041,54.220521886890864
kor,2041,47446.2
kwt,2041,6043.310474819734
lao,2041,9180.596070536107
lbn,2041,7048.410868962279
lbr,2041,7511.387017395273
lby,2041,7202.355970795697
lca,2041,218.47165117040734
lie,2041,33.45803223212468
lka,2041,25125.25414816139
lso,2041,2022.0735026450275
ltu,2041,2498.70271623001
lux,2041,699.3415765518429
lva,2041,1698.2789867432234
mac,2041,821.1247105986065
mar,2041,32912.674956179086
mco,2041,33.67947850897462
mda,2041,2895.085369588806
mdg,2041,34905.20664842691
mdv,2041,634.3587021898526
mex,2041,155763.02767327815
mhl,2041,62.249577152087795
mkd,2041,2218.236690617097
mli,2041,26448.628005703456
mlt,2041,406.100233701388
mmr,2041,58436.13001521258
mne,2041,657.9224714037243
mng,2041,3759.2860602234755
mnp,2041,60.451634143064084
moz,2041,34484.54069219392
mrt,2041,5152.009051281068
msr,2041,5.259717833177487
mtq,2041,358.3144146748324
mus,2041,1177.6252910612984
mwi,2041,28042.761828267343
mys,2041,43755.03891234649
myt,2041,344.12443024839854
nam,2041,2556.182810889582
ncl,2041,392.07806467573613
ner,2041,37695.03011243392
nga,2041,273479.42853564303
nic,2041,7535.94767170561
niu,2041,1.3546966863575851
nld,2041,16376.029711267389
nor,2041,5943.220507788354
npl,2041,41526.23847782606
nru,2041,11.252587259007429
nzl,2041,4743.298712371125
omn,2041,6073.247030837463
pak,2041,307746.37415238074
pan,2041,5425.738064288718
per,2041,35991.87254803297
phl,2041,152619.35565578428
plw,2041,19.14446248005068
png,2041,12483.623888793247
pol,2041,35596.16627796117
pri,2041,3125.6780872471377
prk,2041,26459.22670565653
prt,2041,9634.159051468481
pry,2041,9379.930818460456
pse,2041,5884.935528734455
pyf,2041,358.0960386453005
qat,2041,3736.648782340147
reu,2041,906.5271201314808
rom,2041,17495.985803080355
rus,2041,135580.25153535776
rwa,2041,16162.714637436575
sau,2041,48065.170251685035
sdn,2041,50768.10328211836
sen,2041,19493.699477423987
sgp,2041,7014.0113258144975
shn,2041,5.00048554834605
slb,2041,971.9488710677826
sle,2041,9504.92493069613
slv,2041,6664.547792341727
smr,2041,29.70951823931819
som,2041,17226.45065411274
spm,2041,5.076292381438406
srb,2041,8701.38027659604
stp,2041,201.5010591224941
sur,2041,694.8299807945792
svk,2041,5423.828774953441
svn,2041,2146.3027317046467
swe,2041,10510.484452108203
swz,2041,1118.795050163489
syc,2041,80.97802496348014
syr,2041,24278.21171588328
tca,2041,38.10145104802882
tcd,2041,20898.02922458259
tgo,2041,9020.66239222371
tha,2041,78632.3275600332
tjk,2041,9165.746373465987
tkl,2041,1.0476097908089539
tkm,2041,6349.744831734707
tls,2041,1980.4036847283314
ton,2041,112.23992461252799
tto,2041,1399.7464073338485
tun,2041,10934.558187813614
tur,2041,84746.07391663798
tuv,2041,12.028553018176197
twn,2041,25530.440676544404
tza,2041,76545.8154516355
uga,2041,65013.48259602154
ukr,2041,39182.9556464294
ury,2041,3622.816047785139
usa,2041,407136.7219127529
uzb,2041,34416.35974049335
vct,2041,113.17707537545138
ven,2041,40835.335127152306
vgb,2041,30.870000860235578
vir,2041,118.04368498602936
vnm,2041,107370.9790991679
vut,2041,437.05192671095375
wlf,2041,10.263563653404656
wsm,2041,204.10586680823525
yem,2041,44844.73560044223
zaf,2041,55282.31543317467
zmb,2041,23828.439369734177
zwe,2041,12263.293159490077
abw,2042,140.6012297811995
afg,2042,68913.43565428651
ago,2042,42321.409223822746
aia,2042,15.165410750214471
alb,2042,2865.7208315453604
and,2042,69.35352948873134
ant,2042,213.14735752152058
are,2042,14282.507252779724
arg,2042,52693.29535228629
arm,2042,2528.174081582818
asm,2042,60.59436665040154
atg,2042,99.3743835180732
aus,2042,27652.38416887641
aut,2042,8237.284993637304
aze,2042,10527.595316431698
bdi,2042,13796.408250919361
bel,2042,11217.614198396068
ben,2042,15346.353430957859
bfa,2042,27825.322194898647
bgd,2042,207328.879856671
bgr,2042,6310.321646494288
bhr,2042,2315.541088431096
bhs,2042,501.12625258144493
bih,2042,3115.7986346663333
blr,2042,8237.027872581772
blz,2042,490.1460404886997
bmu,2042,56.62361718470827
bol,2042,14894.312116627048
bra,2042,246419.73705118487
brb,2042,302.40153168612693
brn,2042,613.672954811233
btn,2042,1142.8065697428353
bwa,2042,2213.3632887205326
caf,2042,5509.172981501176
can,2042,38208.152298635556
che,2042,8348.297284007887
chi,2042,147.03097607380798
chl,2042,21787.388627324694
chn,2042,1401670.4166213311
civ,2042,26790.508395530855
cmr,2042,28456.97837313466
cod,2042,112579.7839628912
cog,2042,6505.369559433363
cok,2042,14.641578777485547
col,2042,63255.26226924235
com,2042,971.1191739300375
cpv,2042,494.9148147760595
cri,2042,6653.433896845172
cub,2042,10634.70880651267
cym,2042,65.55569809834289
cyp,2042,1319.3782637835243
cze,2042,11179.327140012592
deu,2042,70924.66515827634
dji,2042,1051.837968531346
dma,2042,75.6018932300943
dnk,2042,5685.966512473494
dom,2042,13278.947153128525
dza,2042,42467.740384837714
ecu,2042,21674.974224998292
egy,2042,105663.22505132633
eri,2042,4890.068658665361
esh,2042,446.70635662501763
esp,2042,45071.46092561958
est,2042,1213.130913031258
eth,2042,134961.4842112938
fin,2042,5361.030543396299
fji,2042,1025.4528928194609
flk,2042,3.009928851187605
fra,2042,65805.3442222298
fro,2042,42.718417216328845
fsm,2042,116.65783803286561
gab,2042,2212.88349120243
gbr,2042,67555.64656104385
geo,2042,3187.845771516067
gha,2042,36893.42338987971
gib,2042,29.99206100206177
gin,2042,13186.576558579893
glp,2042,463.30962395360524
gmb,2042,2748.3029087165987
gnb,2042,2078.5005946862825
gnq,2042,1631.664621430439
grc,2042,9383.935772283268
grd,2042,125.32402551288591
grl,2042,50.120418043432416
gtm,2042,25205.396364684886
guf,2042,407.65666610248456
gum,2042,216.45932100590815
guy,2042,811.4398940798835
hkg,2042,9447.8444505991
hnd,2042,13015.018186076237
hrv,2042,3952.8365412253597
hti,2042,13486.675640963618
hun,2042,8934.195544456543
idn,2042,320220.8121216188
imn,2042,73.9968936876218
ind,2042,1530728
irl,2042,5240.260793328098
irn,2042,88375.221061742
irq,2042,57619.54532444467
isl,2042,392.7432096016645
isr,2042,12137.678827214542
ita,2042,54270.46152386292
jam,2042,3133.1996572340486
jor,2042,15016.23485953385
jpn,2042,119383.2
kaz,2042,19911.296378006205
ken,2042,63983.68605598152
kgz,2042,6571.095583652085
khm,2042,18550.814479693705
kir,2042,120.43526647547199
kna,2042,54.38157620584296
kor,2042,47364.4
kwt,2042,6125.861790187182
lao,2042,9237.137596510973
lbn,2042,7058.872699098625
lbr,2042,7615.504221990152
lby,2042,7226.164978664128
lca,2042,219.57301749271105
lie,2042,33.311670789283085
lka,2042,25196.009373988625
lso,2042,2018.2466143852523
ltu,2042,2484.0625696677475
lux,2042,703.2264138091689
lva,2042,1690.3805340359256
mac,2042,827.8498116176995
mar,2042,32781.84000937346
mco,2042,33.53214835415478
mda,2042,2856.127419800976
mdg,2042,35258.26678339122
mdv,2042,639.2841625488497
mex,2042,156786.71446530533
mhl,2042,62.360779510363606
mkd,2042,2220.7619645568816
mli,2042,26749.69212156121
mlt,2042,404.08139918863424
mmr,2042,58349.73996968465
mne,2042,657.8304828287592
mng,2042,3786.751819916901
mnp,2042,60.55962466421913
moz,2042,34692.37989293573
mrt,2042,5181.563437608399
msr,2042,5.275341074046871
mtq,2042,356.8662198008768
mus,2042,1173.665733761687
mwi,2042,28520.296128480717
mys,2042,44133.02020270634
myt,2042,347.74187066771844
nam,2042,2559.067383477522
ncl,2042,395.9284109912382
ner,2042,38546.413492019776
nga,2042,277509.30359254614
nic,2042,7567.492063529319
niu,2042,1.3479310838592689
nld,2042,16329.873130083379
nor,2042,5963.871300366741
npl,2042,41984.42661096951
nru,2042,11.272688829124904
nzl,2042,4746.37163788262
omn,2042,6141.04834452044
pak,2042,311240.33694043075
pan,2042,5474.330912928195
per,2042,36121.73856982345
phl,2042,154117.48861480647
plw,2042,19.178662059760324
png,2042,12612.097050859902
pol,2042,35408.67107999073
pri,2042,3105.95264954293
prk,2042,26464.237313428814
prt,2042,9600.546590083086
pry,2042,9470.776354236472
pse,2042,5903.14302263506
pyf,2042,360.23796769750527
qat,2042,3775.7660310127453
reu,2042,907.5061442972323
rom,2042,17368.82049644414
rus,2042,135470.97384229198
rwa,2042,16336.672806699917
sau,2042,48676.1129683417
sdn,2042,51099.80782886924
sen,2042,19641.96203856997
sgp,2042,7047.035794161502
shn,2042,4.978816268615414
slb,2042,983.3953153776317
sle,2042,9577.500759566032
slv,2042,6665.044133945409
smr,2042,29.57955459036635
som,2042,17303.07591684256
spm,2042,5.047701364437778
srb,2042,8685.616921937723
stp,2042,201.06759816011447
sur,2042,699.0671365383062
svk,2042,5408.91022067752
svn,2042,2146.788495163778
swe,2042,10534.182210347513
swz,2042,1118.0051578228172
syc,2042,80.62711194553363
syr,2042,24487.293702646206
tca,2042,38.21462596844785
tcd,2042,21126.76618441564
tgo,2042,9063.418091246058
tha,2042,78636.1217324346
tjk,2042,9165.678760530924
tkl,2042,1.0423778363136533
tkm,2042,6364.9012302013425
tls,2042,2003.3945799626536
ton,2042,112.15347606356194
tto,2042,1397.0012612473324
tun,2042,10905.215179240704
tur,2042,84702.20348795003
tuv,2042,12.050040769956402
twn,2042,25576.048138328704
tza,2042,77447.384963338
uga,2042,66135.14474485313
ukr,2042,39086.683864557715
ury,2042,3625.9036784417763
usa,2042,410055.84735045704
uzb,2042,34477.02586211148
vct,2042,113.16506085639412
ven,2042,41183.46118105983
vgb,2042,30.961695790339117
vir,2042,118.28964229231636
vnm,2042,107699.77976562937
vut,2042,442.3878096515899
wlf,2042,10.212305543309322
wsm,2042,203.43335266023044
yem,2042,45612.57302741221
zaf,2042,55221.27569888698
zmb,2042,24111.68907837293
zwe,2042,12196.951717468448
abw,2043,141.78879944240094
afg,2043,70264.14499763619
ago,2043,42780.46423556164
aia,2043,15.210060390706957
alb,2043,2856.369726801941
and,2043,69.05026187260324
ant,2043,213.77490088595758
are,2043,14440.824216619996
arg,2043,53004.036738193405
arm,2043,2511.861438309745
asm,2043,60.70131950353036
atg,2043,99.6669592070094
aus,2043,27780.28614708029
aut,2043,8212.342700063287
aze,2043,10540.65478553453
bdi,2043,13901.401118301847
bel,2043,11204.384226447615
ben,2043,15497.329549236889
bfa,2043,28158.78454975695
bgd,2043,208345.71641241387
bgr,2043,6281.712979559698
bhr,2043,2350.8416293592827
bhs,2043,505.1919494067978
bih,2043,3095.3458775406393
blr,2043,8203.39642952718
blz,2043,493.8033021626043
bmu,2043,56.37601465421346
bol,2043,15020.407643870314
bra,2043,247507.8012916949
brb,2043,302.3431998961101
brn,2043,619.7594327765299
btn,2043,1156.1881797670283
bwa,2043,2216.526781997542
caf,2043,5535.152822457914
can,2043,38251.78050531367
che,2043,8340.433726454228
chi,2043,146.38804219661955
chl,2043,21885.307420160818
chn,2043,1397860.9726263115
civ,2043,26862.668742677768
cmr,2043,28583.279933762176
cod,2043,113702.72322871543
cog,2043,6552.189049547615
cok,2043,14.569402073199065
col,2043,63751.471365736994
com,2043,975.9124473099804
cpv,2043,493.19042475528175
cri,2043,6712.273260240095
cub,2043,10578.730925984015
cym,2043,65.7487056205614
cyp,2043,1322.1802305113779
cze,2043,11185.902096855243
deu,2043,70499.58876425689
dji,2043,1054.6963491659317
dma,2043,75.82447852032307
dnk,2043,5681.789619565954
dom,2043,13369.5871584384
dza,2043,42500.00395805393
ecu,2043,21845.560444094357
egy,2043,105984.38334287865
eri,2043,4939.75939148353
esh,2043,444.81281529245524
esp,2043,44987.14518816797
est,2043,1211.8193354180205
eth,2043,135946.51547067548
fin,2043,5351.4010172533235
fji,2043,1027.1106856548042
flk,2043,3.0187906118960366
fra,2043,65778.20794335812
fro,2043,42.53161904398685
fsm,2043,116.35942169470644
gab,2043,2217.7999470501645
gbr,2043,67556.3138192688
geo,2043,3159.250584398072
gha,2043,37178.78491189161
gib,2043,29.860912365360566
gin,2043,13216.96304910511
glp,2043,465.16949803552615
gmb,2043,2765.633718839273
gnb,2043,2087.105597583099
gnq,2043,1645.626791620843
grc,2043,9337.331218148685
grd,2043,125.83131066997908
grl,2043,49.90125256171248
gtm,2043,25515.16171627473
guf,2043,412.4157614252015
gum,2043,217.70268992222475
guy,2043,810.4977287376169
hkg,2043,9515.370522696918
hnd,2043,13139.758592713635
hrv,2043,3937.968866034134
hti,2043,13565.640496734704
hun,2043,8893.008516967504
idn,2043,321153.47032687924
imn,2043,73.67332166879362
ind,2043,1535302
irl,2043,5253.7939838232605
irn,2043,88642.43256364294
irq,2043,58449.93711882822
isl,2043,394.3771244748818
isr,2043,12308.395047219117
ita,2043,54003.30244308156
jam,2043,3135.999566855766
jor,2043,15230.301387000405
jpn,2043,119064.8
kaz,2043,19982.8760607994
ken,2043,64466.22902701162
kgz,2043,6579.598264431979
khm,2043,18641.704534925957
kir,2043,120.64784226558129
kna,2043,54.541685144993934
kor,2043,47282.6
kwt,2043,6208.426525053487
lao,2043,9293.653926423138
lbn,2043,7069.291284181409
lbr,2043,7719.31089394141
lby,2043,7250.320750656001
lca,2043,220.67323863280177
lie,2043,33.16600623458799
lka,2043,25266.39916132721
lso,2043,2014.6061933877418
ltu,2043,2469.4224615469584
lux,2043,707.0650875090756
lva,2043,1682.482101422529
mac,2043,834.5785471463385
mar,2043,32654.62125077231
mco,2043,33.385519699925
mda,2043,2817.1695792268065
mdg,2043,35610.992519167325
mdv,2043,644.2114775855675
mex,2043,157810.98885336833
mhl,2043,62.47085019284886
mkd,2043,2223.2559203787096
mli,2043,27050.218502058044
mlt,2043,402.07314277953895
mmr,2043,58261.61409793324
mne,2043,657.7314541827076
mng,2043,3814.3948959221893
mnp,2043,60.66651619556589
moz,2043,34901.08380444877
mrt,2043,5211.259702620675
msr,2043,5.290872607370366
mtq,2043,355.4244453055635
mus,2043,1169.8294458551125
mwi,2043,28995.91804321675
mys,2043,44511.264434891375
myt,2043,351.35485554793877
nam,2043,2562.122208704014
ncl,2043,399.78274914546375
ner,2043,39393.45029673881
nga,2043,281525.8454635847
nic,2043,7598.958996776047
niu,2043,1.3412863616802735
nld,2043,16283.834803851423
nor,2043,5984.237908695421
npl,2043,42443.2154002241
nru,2043,11.292585831096464
nzl,2043,4749.6039618676605
omn,2043,6208.852740817427
pak,2043,314739.0984221491
pan,2043,5523.020392207906
per,2043,36251.11222413162
phl,2043,155617.17315564145
plw,2043,19.212513599761053
png,2043,12740.718067095297
pol,2043,35221.28304427578
pri,2043,3086.0557830165585
prk,2043,26469.556462483062
prt,2043,9567.060179201902
pry,2043,9561.82921387994
pse,2043,5921.320910810703
pyf,2043,362.3786897403661
qat,2043,3814.883393032019
reu,2043,908.5459197344074
rom,2043,17241.80147608495
rus,2043,135361.69622063666
rwa,2043,16510.387328049783
sau,2043,49287.131104475135
sdn,2043,51432.567320042006
sen,2043,19790.45251878824
sgp,2043,7080.005098963279
shn,2043,4.957711589328812
slb,2043,994.8583680720396
sle,2043,9650.18530706888
slv,2043,6665.310629922994
smr,2043,29.450209752794546
som,2043,17380.36372561513
spm,2043,5.019494686330753
srb,2043,8669.799356853113
stp,2043,200.65316056044597
sur,2043,703.3049742797616
svk,2043,5393.971493648119
svn,2043,2147.249190817462
swe,2043,10557.489536249837
swz,2043,1117.3071819530533
syc,2043,80.28534208546836
syr,2043,24696.345491260945
tca,2043,38.32713655844435
tcd,2043,21355.15578771367
tgo,2043,9106.498430853937
tha,2043,78638.00391905989
tjk,2043,9165.611130900199
tkl,2043,1.0372393606075987
tkm,2043,6380.057572398919
tls,2043,2026.4181440625468
ton,2043,112.06397404999719
tto,2043,1394.1910627550444
tun,2043,10876.953832637413
tur,2043,84657.23973148072
tuv,2043,12.071309846801467
twn,2043,25621.191465528347
tza,2043,78347.1417425167
uga,2043,67252.24983070877
ukr,2043,38990.41229353582
ury,2043,3628.882958451386
usa,2043,412975.14421698346
uzb,2043,34537.691741913186
vct,2043,113.1490227306325
ven,2043,41532.210895023556
vgb,2043,31.052852476356133
vir,2043,118.53292504802457
vnm,2043,108031.37148035732
vut,2043,447.73182733794937
wlf,2043,10.16196325655975
wsm,2043,202.7534667465991
yem,2043,46380.616587698896
zaf,2043,55164.96436537131
zmb,2043,24394.35249561566
zwe,2043,12132.106813663358
abw,2044,142.97846168475516
afg,2044,71617.91002894551
ago,2044,43238.837472635656
aia,2044,15.25444870729733
alb,2044,2847.0117109421985
and,2044,68.74843481110537
ant,2044,214.39877138586695
are,2044,14599.148557483724
arg,2044,53314.778344701444
arm,2044,2495.548838392951
asm,2044,60.80718943719939
atg,2044,99.9578225188726
aus,2044,27908.030582602732
aut,2044,8187.474662179318
aze,2044,10553.714196748604
bdi,2044,14006.542142226224
bel,2044,11191.074091496319
ben,2044,15648.186883181901
bfa,2044,28491.536165329948
bgd,2044,209361.11810952084
bgr,2044,6253.110684050112
bhr,2044,2386.1498461494257
bhs,2044,509.2641298128361
bih,2044,3074.9133035064183
blr,2044,8169.765070273575
blz,2044,497.4650413952249
bmu,2044,56.129588263051666
bol,2044,15146.726552906317
bra,2044,248593.73549450224
brb,2044,302.27412023143694
brn,2044,625.852396072625
btn,2044,1169.5890078685864
bwa,2044,2219.82752292072
caf,2044,5561.324094376407
can,2044,38295.40833535094
che,2044,8332.493180232232
chi,2044,145.74816232627018
chl,2044,21983.04790434131
chn,2044,1394047.548572757
civ,2044,26936.20938882126
cmr,2044,28710.63579004652
cod,2044,114824.66345120598
cog,2044,6599.100691166881
cok,2044,14.498503524280025
col,2044,64248.399703927615
com,2044,980.7376919937116
cpv,2044,491.51689490881733
cri,2044,6771.227067973321
cub,2044,10522.06031642407
cym,2044,65.94058351489744
cyp,2044,1324.9346697650012
cze,2044,11192.334156243705
deu,2044,70076.99037986547
dji,2044,1057.6087130828937
dma,2044,76.04576107091154
dnk,2044,5677.54998380715
dom,2044,13460.299196301112
dza,2044,42535.13675762835
ecu,2044,22016.396361692256
egy,2044,106310.68239752587
eri,2044,4989.399146081493
esh,2044,442.967976343934
esp,2044,44902.779759960606
est,2044,1210.5077594258405
eth,2044,136933.34482825978
fin,2044,5341.762088812797
fji,2044,1028.7496210932381
flk,2044,3.0276005067918366
fra,2044,65750.16015168515
fro,2044,42.345708183569286
fsm,2044,116.05716129387169
gab,2044,2222.8390744546396
gbr,2044,67555.79594491514
geo,2044,3130.655475578414
gha,2044,37464.504495078116
gib,2044,29.73038669915077
gin,2044,13248.071503835503
glp,2044,467.02428245368924
gmb,2044,2783.0237730642534
gnb,2044,2095.7927498099175
gnq,2044,1659.5936687515966
grc,2044,9290.970279686959
grd,2044,126.33724356650903
grl,2044,49.683128140206975
gtm,2044,25825.867611364207
guf,2044,417.1886043273108
gum,2044,218.94519478446557
guy,2044,809.5221378513672
hkg,2044,9582.905122882883
hnd,2044,13264.779149224281
hrv,2044,3923.096960716918
hti,2044,13644.602091501889
hun,2044,8851.832348532205
idn,2044,322081.6874104327
imn,2044,73.35128665274826
ind,2044,1539876
irl,2044,5267.117386181098
irn,2044,88909.21052549167
irq,2044,59280.4876173123
isl,2044,395.98989926449474
isr,2044,12479.141868411361
ita,2044,53737.53154808815
jam,2044,3138.7079869582585
jor,2044,15444.407699071438
jpn,2044,118746.4
kaz,2044,20054.455496089377
ken,2044,64949.49546179006
kgz,2044,6588.100908044895
khm,2044,18733.2517457278
kir,2044,120.85826568244336
kna,2044,54.700857003974036
kor,2044,47200.8
kwt,2044,6291.004285879614
lao,2044,9350.145442945508
lbn,2044,7079.667892411259
lbr,2044,7822.819013721674
lby,2044,7274.8099084738205
lca,2044,221.7723246444051
lie,2044,33.02103360259602
lka,2044,25336.429060386014
lso,2044,2011.1450456715193
ltu,2044,2454.782391939901
lux,2044,710.8579265745484
lva,2044,1674.5836889408058
mac,2044,841.3108619842972
mar,2044,32530.879166399624
mco,2044,33.23958754797749
mda,2044,2778.2118480715935
mdg,2044,35963.396757008624
mdv,2044,649.1406191315202
mex,2044,158835.84567887388
mhl,2044,62.57980638721593
mkd,2044,2225.7182911112
mli,2044,27350.22789323759
mlt,2044,400.0753891033631
mmr,2044,58171.77876335035
mne,2044,657.6253254524651
mng,2044,3842.2177771839024
mnp,2044,60.772325428348424
moz,2044,35110.61906584832
mrt,2044,5241.092372581928
msr,2044,5.306313238262192
mtq,2044,353.98904544263223
mus,2044,1166.1116715594721
mwi,2044,29469.70135306604
mys,2044,44889.76761539213
myt,2044,354.9635567855263
nam,2044,2565.340718154699
ncl,2044,403.64101851114043
ner,2044,40236.30821917434
nga,2044,285529.5685483606
nic,2044,7630.349151466186
niu,2044,1.3347593088712248
nld,2044,16237.913889985424
nor,2044,6004.322357634195
npl,2044,42902.59572294134
nru,2044,11.312281371863422
nzl,2044,4752.991450217405
omn,2044,6276.660129327956
pak,2044,318242.58571590687
pan,2044,5571.805653793054
per,2044,36379.99783352502
phl,2044,157118.3857131655
plw,2044,19.246022386012456
png,2044,12869.484691919002
pol,2044,35034.00308432126
pri,2044,3065.990012256657
prk,2044,26475.188483735797
prt,2044,9533.698920694236
pry,2044,9653.087577263695
pse,2044,5939.470061476265
pyf,2044,364.5182231057066
qat,2044,3854.000865073972
reu,2044,909.6441026348464
rom,2044,17114.929989020555
rus,2044,135252.41867052592
rwa,2044,16683.86760151936
sau,2044,49898.22244834041
sdn,2044,51766.341055462224
sen,2044,19939.162124870527
sgp,2044,7112.920078033055
shn,2044,4.937149727977053
slb,2044,1006.3377769060827
sle,2044,9722.974378796676
slv,2044,6665.349298123512
smr,2044,29.321479317469308
som,2044,17458.288519141188
spm,2044,4.991664649061448
srb,2044,8653.927119225287
stp,2044,200.25701239460565
sur,2044,707.5434880315854
svk,2044,5379.012421902542
svn,2044,2147.6846049751257
swe,2044,10580.409211710179
swz,2044,1116.6975763802727
syc,2044,79.95236263662481
syr,2044,24905.367967315742
tca,2044,38.43898865027419
tcd,2044,21583.21143562965
tgo,2044,9149.890886284733
tha,2044,78638.00315877814
tjk,2044,9165.543484542413
tkl,2044,1.0321918806094958
tkm,2044,6395.213858221667
tls,2044,2049.4738808596185
ton,2044,111.97146494726175
tto,2044,1391.3163829617554
tun,2044,10849.732417055704
tur,2044,84611.19043737138
tuv,2044,12.092363569903892
twn,2044,25665.877707329386
tza,2044,79245.15572511173
uga,2044,68364.97366688661
ukr,2044,38894.14093376006
ury,2044,3631.754839040458
usa,2044,415894.6099877434
uzb,2044,34598.35737944395
vct,2044,113.12899632200981
ven,2044,41881.578793838795
vgb,2044,31.143475643611723
vir,2044,118.77355673343251
vnm,2044,108365.79342059551
vut,2044,453.0838562210916
wlf,2044,10.112512466099101
wsm,2044,202.0663210282878
yem,2044,47148.86023625486
zaf,2044,55113.199009049364
zmb,2044,24676.452240817114
zwe,2044,12068.700711036521
abw,2045,144.1701981907841
afg,2045,72974.68457278622
ago,2045,43696.55490421496
aia,2045,15.298577987492987
alb,2045,2837.646724884423
and,2045,68.44803806436786
ant,2045,215.01900117178937
are,2045,14757.480061127255
arg,2045,53625.520169879375
arm,2045,2479.236281913984
asm,2045,60.911992815733285
atg,2045,100.24698844301203
aus,2045,28035.621623528503
aut,2045,8162.680352154952
aze,2045,10566.773549965035
bdi,2045,14111.82567932873
bel,2045,11177.684363363483
ben,2045,15798.92995735319
bfa,2045,28823.60411406605
bgd,2045,210375.10663057613
bgr,2045,6224.514814433528
bhr,2045,2421.4655158790097
bhs,2045,513.3427370453231
bih,2045,3054.5010851047637
blr,2045,8136.13379497859
blz,2045,501.1312189921041
bmu,2045,55.88432965089178
bol,2045,15273.266888355174
bra,2045,249677.5583049621
brb,2045,302.1943867739826
brn,2045,631.9517466977156
btn,2045,1183.0087636373082
bwa,2045,2223.2602836520996
caf,2045,5587.679505546534
can,2045,38339.0357962412
che,2045,8324.476192599135
chi,2045,145.1113147540152
chl,2045,22080.611640696887
chn,2045,1390230.0883309592
civ,2045,27011.077757616993
cmr,2045,28839.00578328903
cod,2045,115945.64268447025
cog,2045,6646.100974189894
cok,2045,14.428849477011486
col,2045,64746.040987908345
com,2045,985.5936901767698
cpv,2045,489.8922879447874
cri,2045,6830.294318252571
cub,2045,10464.70304165923
cym,2045,66.13134166958591
cyp,2045,1327.641919383127
cze,2045,11198.622096577068
deu,2045,69656.85239070863
dji,2045,1060.5730040294573
dma,2045,76.26575228543408
dnk,2045,5673.248051191019
dom,2045,13551.082636177334
dza,2045,42573.02949315846
ecu,2045,22187.479792047918
egy,2045,106641.92640078781
eri,2045,5038.989864247561
esh,2045,441.1699846789874
esp,2045,44818.36499421346
est,2045,1209.196185057768
eth,2045,137921.90379350196
fin,2045,5332.113824908906
fji,2045,1030.3699840946103
flk,2045,3.036358989884104
fra,2045,65721.2073265018
fro,2045,42.160678327811965
fsm,2045,115.75111491915922
gab,2045,2227.996200789112
gbr,2045,67554.10136224049
geo,2045,3102.060445204366
gha,2045,37750.568500693094
gib,2045,29.60047957518189
gin,2045,13279.874422759323
glp,2045,468.87402176063426
gmb,2045,2800.4708147512533
gnb,2045,2104.5589222537938
gnq,2045,1673.5650735327663
grc,2045,9244.851225208971
grd,2045,126.84183603953319
grl,2045,49.466037378765385
gtm,2045,26137.50581687479
guf,2045,421.9750744689234
gum,2045,220.18684864961395
guy,2045,808.5134140127358
hkg,2045,9650.44812228646
hnd,2045,13390.077403307041
hrv,2045,3908.2207891112357
hti,2045,13723.560453810478
hun,2045,8810.667131982473
idn,2045,323005.5304834174
imn,2045,73.03077771403514
ind,2045,1544450
irl,2045,5280.232491635035
irn,2045,89175.56753816581
irq,2045,60111.19221080967
isl,2045,397.58168424019823
isr,2045,12649.91840207105
ita,2045,53473.13897126541
jam,2045,3141.3257183980513
jor,2045,15658.552640321774
jpn,2045,118428
kaz,2045,20126.034683410595
ken,2045,65433.457803186604
kgz,2045,6596.6035144209245
khm,2045,18825.46537978972
kir,2045,121.06656925122363
kna,2045,54.85909998554545
kor,2045,47119
kwt,2045,6373.59469436541
lao,2045,9406.612521040748
lbn,2045,7090.003742880666
lbr,2045,7926.039953346554
lby,2045,7299.61975326899
lca,2045,222.87028546390565
lie,2045,32.87674797492486
lka,2045,25406.104509546083
lso,2045,2007.856342619171
ltu,2045,2440.1423609190188
lux,2045,714.6052568111353
lva,2045,1666.6852966286208
mac,2045,848.0467020435458
mar,2045,32410.48132783102
mco,2045,33.094346947377005
mda,2045,2739.254226541142
mdg,2045,36315.49174294742
mdv,2045,654.0715595857724
mex,2045,159861.27984343664
mhl,2045,62.68766493483308
mkd,2045,2228.14880673993
mli,2045,27649.739987505916
mlt,2045,398.0880635037101
mmr,2045,58080.259798147694
mne,2045,657.51203594087394
mng,2045,3870.2229994478207
mnp,2045,60.87706871750883
moz,2045,35320.95401056214
mrt,2045,5271.056251752988
msr,2045,5.3216637624397825
mtq,2045,352.5599748993928
mus,2045,1162.507896626454
mwi,2045,29941.71609149516
mys,2045,45268.52583116201
myt,2045,358.5681375467737
nam,2045,2568.716677007881
ncl,2045,407.5031596825388
ner,2045,41075.146435239934
nga,2045,289520.9611214592
nic,2045,7661.663199683372
niu,2045,1.3283468272080974
nld,2045,16192.109553885071
nor,2045,6024.126652851832
npl,2045,43362.5586402795
nru,2045,11.331778495767196
nzl,2045,4756.530017467956
omn,2045,6344.470423152112
pak,2045,321750.7274085239
pan,2045,5620.685859250068
per,2045,36508.399670120925
phl,2045,158621.10319705473
plw,2045,19.27919359797048
png,2045,12998.394724995438
pol,2045,34846.832124044595
pri,2045,3045.757812522049
prk,2045,26481.137789540557
prt,2045,9500.461924941612
pry,2045,9744.549645503988
pse,2045,5957.591309227008
pyf,2045,366.6565857559938
qat,2045,3893.118443943326
reu,2045,910.7984682263026
rom,2045,16988.207296482702
rus,2045,135143.14119209445
rwa,2045,16857.122549738633
sau,2045,50509.38487383731
sdn,2045,52101.0904020113
sen,2045,20088.082510192733
sgp,2045,7145.781552303453
shn,2045,4.9171100083278745
slb,2045,1017.8332947171702
sle,2045,9795.863993364475
slv,2045,6665.162132844923
smr,2045,29.193358917045643
som,2045,17536.826034322818
spm,2045,4.964203758793205
srb,2045,8637.999741669932
stp,2045,199.8784570080481
sur,2045,711.7826718762988
svk,2045,5364.032831518005
svn,2045,2148.094521510465
swe,2045,10602.943992257551
swz,2045,1116.1729750314923
syc,2045,79.62783876742795
syr,2045,25114.361982106468
tca,2045,38.550188008122774
tcd,2045,21810.945848706888
tgo,2045,9193.5835688759
tha,2045,78636.1479053716
tjk,2045,9165.475821426115
tkl,2045,1.027233000410462
tkm,2045,6410.370087563551
tls,2045,2072.5613041824745
ton,2045,111.87599419639287
tto,2045,1388.3777863066603
tun,2045,10823.511320953734
tur,2045,84564.06332193068
tuv,2045,12.11320519353945
twn,2045,25710.11377088802
tza,2045,80141.49329519898
uga,2045,69473.48313758503
ukr,2045,38797.869785627794
ury,2045,3634.520260333361
usa,2045,418814.24218747794
uzb,2045,34659.02277424808
vct,2045,113.10501654209156
ven,2045,42231.55946620411
vgb,2045,31.233569962279958
vir,2045,119.01156055477136
vnm,2045,108703.08550026284
vut,2045,458.4437752413906
wlf,2045,10.063929698909526
wsm,2045,201.37202521040862
yem,2045,47917.29816211315
zaf,2045,55065.80647116153
zmb,2045,24958.009784553884
zwe,2045,12006.67860486349
abw,2046,145.3820634196849
afg,2046,74300.54661667523
ago,2046,44059.00624803486
aia,2046,15.355264012192645
alb,2046,2826.91409510317
and,2046,68.10512192196528
ant,2046,215.81571393955664
are,2046,14895.827939168916
arg,2046,53939.364502093085
arm,2046,2461.7692564208887
asm,2046,61.018641274553346
atg,2046,100.61843494396086
aus,2046,28130.590318896586
aut,2046,8129.322925816006
aze,2046,10568.224537444115
bdi,2046,14182.667809378734
bel,2046,11153.182924355468
ben,2046,15911.563593924637
bfa,2046,29095.44484983765
bgd,2046,211106.3135044327
bgr,2046,6197.914468042501
bhr,2046,2454.4274162470783
bhs,2046,517.4623041092531
bih,2046,3032.8380604329623
blr,2046,8102.43071538207
blz,2046,504.6384222502679
bmu,2046,55.604356122262395
bol,2046,15397.398275435124
bra,2046,250675.58689102906
brb,2046,302.1293503332946
brn,2046,637.7668541116977
btn,2046,1195.5384411574007
bwa,2046,2223.3277080263783
caf,2046,5599.021492626979
can,2046,38355.26618152242
che,2046,8308.147910978518
chi,2046,144.384325147277
chl,2046,22170.887086609186
chn,2046,1385112.076807033
civ,2046,27018.308003261318
cmr,2046,28894.664573210634
cod,2046,116826.03377826596
cog,2046,6677.3270306717595
cok,2046,14.347282498562986
col,2046,65227.321994341
com,2046,987.2435604215411
cpv,2046,487.06120139817085
cri,2046,6888.809551874437
cub,2046,10403.565131347545
cym,2046,66.37637901033538
cyp,2046,1328.793795421178
cze,2046,11207.035904213353
deu,2046,69171.7698004552
dji,2046,1060.8259619542869
dma,2046,76.54834079276623
dnk,2046,5665.759220437109
dom,2046,13640.892973680211
dza,2046,42497.59634905081
ecu,2046,22353.790829125774
egy,2046,106707.16778903687
eri,2046,5074.196998474606
esh,2046,438.7908792787278
esp,2046,44667.65659829528
est,2046,1208.2036488063736
eth,2046,138587.61867581037
fin,2046,5320.288829129775
fji,2046,1031.1264943758524
flk,2046,3.047609651274876
fra,2046,65621.34307914086
fro,2046,41.94945858240957
fsm,2046,115.36660591390701
gab,2046,2227.6131252219693
gbr,2046,67496.25386493446
geo,2046,3073.249361918462
gha,2046,37942.38228621551
gib,2046,29.452184860589153
gin,2046,13274.849451037471
glp,2046,470.7348660838636
gmb,2046,2809.555381506954
gnb,2046,2107.6781121794643
gnq,2046,1683.6673128844513
grc,2046,9187.430299010484
grd,2046,127.3352790653619
grl,2046,49.21821869473068
gtm,2046,26445.733430378343
guf,2046,426.6485593743992
gum,2046,221.24658074458998
guy,2046,807.5945488934271
hkg,2046,9711.943733583134
hnd,2046,13511.319631050388
hrv,2046,3893.3317529021347
hti,2046,13796.92869966862
hun,2046,8770.18349018037
idn,2046,323473.2309229541
imn,2046,72.66490261697527
ind,2046,1547876
irl,2046,5286.359331560923
irn,2046,89333.29839328583
irq,2046,60881.11655149544
isl,2046,398.76211350403224
isr,2046,12818.926665966432
ita,2046,53140.63350231045
jam,2046,3143.1392796606733
jor,2046,15865.005825933154
jpn,2046,118088.8
kaz,2046,20179.646804304382
ken,2046,65742.45747327074
kgz,2046,6598.380177955103
khm,2046,18903.123197288594
kir,2046,121.27854003773746
kna,2046,55.06237013910638
kor,2046,46994.2
kwt,2046,6447.849697698862
lao,2046,9455.39886447411
lbn,2046,7094.736328366425
lbr,2046,8010.123018051184
lby,2046,7305.283890396439
lca,2046,223.8902363437389
lie,2046,32.71203956385687
lka,2046,25448.204162518578
lso,2046,2000.417558920251
ltu,2046,2426.233498407614
lux,2046,717.4648986690519
lva,2046,1659.064925552219
mac,2046,854.0241177564944
mar,2046,32214.50483438296
mco,2046,32.92854839256882
mda,2046,2701.8434792530984
mdg,2046,36579.66369192486
mdv,2046,658.4735601884981
mex,2046,160851.34979522965
mhl,2046,62.79742234947807
mkd,2046,2230.1044366793876
mli,2046,27876.538717847798
mlt,2046,395.7851569764087
mmr,2046,57932.198898400886
mne,2046,657.2244401134614
mng,2046,3894.716754886227
mnp,2046,60.98365602907235
moz,2046,35443.03030143146
mrt,2046,5287.485295995306
msr,2046,5.341382194030455
mtq,2046,350.68310901133
mus,2046,1156.5148659080285
mwi,2046,30365.10338840602
mys,2046,45608.14711013892
myt,2046,361.3095147114267
nam,2046,2566.3505087777166
ncl,2046,411.1344634611161
ner,2046,41893.094625244375
nga,2046,293153.41813454934
nic,2046,7690.571814003528
niu,2046,1.3208376188544
nld,2046,16132.34045725802
nor,2046,6039.87201651406
npl,2046,43778.66008526578
nru,2046,11.351618869664005
nzl,2046,4753.513097161616
omn,2046,6405.988315512294
pak,2046,324994.19519968686
pan,2046,5667.97803979612
per,2046,36623.29630981513
phl,2046,159961.4700072445
plw,2046,19.312948794434618
png,2046,13111.717603338548
pol,2046,34667.38111872534
pri,2046,3025.852491584884
prk,2046,26470.348789039293
prt,2046,9457.204324670713
pry,2046,9833.6872630321
pse,2046,5968.816347612122
pyf,2046,368.51861280040345
qat,2046,3926.0884435641246
reu,2046,909.9821796925069
rom,2046,16853.249472199444
rus,2046,135071.22634014927
rwa,2046,16989.803116823183
sau,2046,51077.07414545603
sdn,2046,52294.809124378226
sen,2046,20182.586008600123
sgp,2046,7172.241523303127
shn,2046,4.890593419754889
slb,2046,1028.2105447731226
sle,2046,9842.13722507483
slv,2046,6664.064136130227
smr,2046,29.047103826224873
som,2046,17568.433396842258
spm,2046,4.933818477576017
srb,2046,8621.300171434263
stp,2046,198.97274840908796
sur,2046,716.08803292475
svk,2046,5349.12913987924
svn,2046,2148.393450094372
swe,2046,10622.08859903576
swz,2046,1113.4934474190495
syc,2046,79.19842827305708
syr,2046,25304.46490629261
tca,2046,38.69302853299975
tcd,2046,21990.77050444785
tgo,2046,9215.312925275384
tha,2046,78559.12577184285
tjk,2046,9155.586461121396
tkl,2046,1.021426002968319
tkm,2046,6419.820255940176
tls,2046,2093.7050280618255
ton,2046,111.63750407176425
tto,2046,1384.8192098456705
tun,2046,10772.310589949857
tur,2046,84376.590982786
tuv,2046,12.134413737301434
twn,2046,25755.128617439645
tza,2046,80863.88473615579
uga,2046,70475.78752948648
ukr,2046,38719.0828782707
ury,2046,3637.2571249736106
usa,2046,421889.1475084151
uzb,2046,34686.437659074174
vct,2046,113.11180567032366
ven,2046,42570.503074979315
vgb,2046,31.3493001248995
vir,2046,119.31166409169089
vnm,2046,108883.73445175275
vut,2046,463.358693364997
wlf,2046,10.007037821413261
wsm,2046,200.49263682724032
yem,2046,48663.37902340068
zaf,2046,54908.641558908676
zmb,2046,25186.858882684974
zwe,2046,11921.219012630996
abw,2047,146.5969660837916
afg,2047,75629.56458603358
ago,2047,44420.67042949728
aia,2047,15.411743353250015
alb,2047,2816.178465552482
and,2047,67.76348258623905
ant,2047,216.60952180267472
are,2047,15034.180246860722
arg,2047,54253.33140069655
arm,2047,2444.294977622419
asm,2047,61.12445555460074
atg,2047,100.98852710905464
aus,2047,28225.373995508085
aut,2047,8096.04215102628
aze,2047,10569.67977126564
bdi,2047,14253.745047110675
bel,2047,11128.573986286057
ben,2047,16024.107607556476
bfa,2047,29366.41949923969
bgd,2047,211835.8978541492
bgr,2047,6171.315109735171
bhr,2047,2487.400850490288
bhs,2047,521.591248411279
bih,2047,3011.1968300038507
blr,2047,8068.7147742679
blz,2047,508.1509958185153
bmu,2047,55.32542504111904
bol,2047,15521.820162373493
bra,2047,251670.77857677446
brb,2047,302.05151573145923
brn,2047,643.5896378776531
btn,2047,1208.088190020089
bwa,2047,2223.5496380250106
caf,2047,5610.6334932753525
can,2047,38371.49617191024
che,2047,8291.72031830756
chi,2047,143.6600423981893
chl,2047,22260.92645736459
chn,2047,1379989.7819943463
civ,2047,27027.347500507956
cmr,2047,28951.747438274764
cod,2047,117705.19755597446
cog,2047,6708.686449187599
cok,2047,14.26707870378033
col,2047,65709.5039331908
com,2047,988.9447710774789
cpv,2047,484.2942947963875
cri,2047,6947.476789488612
cub,2047,10341.550848727355
cym,2047,66.62052291729141
cyp,2047,1329.892149666566
cze,2047,11215.312216214581
deu,2047,68689.35212172107
dji,2047,1061.150286548687
dma,2047,76.82989895051445
dnk,2047,5658.166197541851
dom,2047,13730.811542685022
dza,2047,42425.93423072422
ecu,2047,22520.420778642292
egy,2047,106779.16368858815
eri,2047,5109.3831379157255
esh,2047,436.46776632403237
esp,2047,44517.04355423476
est,2047,1207.211061749331
eth,2047,139255.91368329216
fin,2047,5308.4139275711605
fji,2047,1031.8652608365967
flk,2047,3.0588192914847356
fra,2047,65520.40336246853
fro,2047,41.739025288117986
fsm,2047,114.97847524831413
gab,2047,2227.389656132549
gbr,2047,67436.85142076819
geo,2047,3044.4259806688697
gha,2047,38134.800613541396
gib,2047,29.304442303384917
gin,2047,13270.804837471715
glp,2047,472.59028457365923
gmb,2047,2818.7392726921853
gnb,2047,2110.9112062164286
gnq,2047,1693.7794245690804
grc,2047,9130.293240104405
grd,2047,127.82718099708454
grl,2047,48.97132273351704
gtm,2047,26755.1629112385
guf,2047,431.3392211684188
gum,2047,222.30563577526988
guy,2047,806.6359631555001
hkg,2047,9773.461864741144
hnd,2047,13632.907878044032
hrv,2047,3878.438850634093
hti,2047,13870.277191761881
hun,2047,8729.708254901594
idn,2047,323936.16853400465
imn,2047,72.30038981147558
ind,2047,1551302
irl,2047,5292.257800130082
irn,2047,89490.34166883718
irq,2047,61651.276309923574
isl,2047,399.91813273085813
isr,2047,12987.991826976691
ita,2047,52809.77373354997
jam,2047,3144.8381179013404
jor,2047,16071.52654289755
jpn,2047,117749.6
kaz,2047,20233.2905694229
ken,2047,66052.75355257686
kgz,2047,6600.159895820264
khm,2047,18981.544556922647
kir,2047,121.4888528393869
kna,2047,55.26489914675122
kor,2047,46869.4
kwt,2047,6522.121889699565
lao,2047,9504.168468676284
lbn,2047,7099.4060237675185
lbr,2047,8093.869118137421
lby,2047,7311.397683298109
lca,2047,224.9086044586298
lie,2047,32.54794442458598
lka,2047,25489.94761889259
lso,2047,1993.1977231646124
ltu,2047,2412.3190177461797
lux,2047,720.2732626632278
lva,2047,1651.441587957583
mac,2047,860.0055011429051
mar,2047,32022.866253946384
mco,2047,32.763367168575776
mda,2047,2664.4163273458626
mdg,2047,36843.57381207705
mdv,2047,662.877898872093
mex,2047,161842.185891501
mhl,2047,62.90632126784046
mkd,2047,2232.0320127275127
mli,2047,28102.866343477926
mlt,2047,393.49277169018995
mmr,2047,57782.476397017956
mne,2047,656.9307059168984
mng,2047,3919.415158564433
mnp,2047,61.08940964014244
moz,2047,35566.27993723574
mrt,2047,5304.108383043602
msr,2047,5.361028729994596
mtq,2047,348.81392911863145
mus,2047,1150.6664554780655
mwi,2047,30786.09797987311
mys,2047,45948.051449377854
myt,2047,364.04689811090174
nam,2047,2564.1887332080264
ncl,2047,414.7703063256378
ner,2047,42705.24951572488
nga,2047,296767.6253926457
nic,2047,7719.38074280178
niu,2047,1.313453907734582
nld,2047,16072.659190928516
nor,2047,6055.2689952891
npl,2047,44195.347519430485
nru,2047,11.371304056894925
nzl,2047,4750.67865907944
omn,2047,6467.510260742761
pak,2047,328242.5520514141
pan,2047,5715.38897643425
per,2047,36737.54981061043
phl,2047,161303.35005385312
plw,2047,19.3464399658142
png,2047,13225.176572276234
pol,2047,34488.011217518084
pri,2047,3005.730868464454
prk,2047,26459.96286252274
prt,2047,9414.08041562168
pry,2047,9923.083346393938
pse,2047,5979.996174576699
pyf,2047,370.3798500426675
qat,2047,3959.0558970839793
reu,2047,909.238123073161
rom,2047,16718.448686384156
rus,2047,134999.3238838059
rwa,2047,17122.25566896711
sau,2047,51644.87776319004
sdn,2047,52490.11411649436
sen,2047,20277.49131098697
sgp,2047,7198.652011832331
shn,2047,4.8647009013227445
slb,2047,1038.603666059015
sle,2047,9888.604393214464
slv,2047,6662.686339714072
smr,2047,28.9013932985008
som,2047,17600.930432782734
spm,2047,4.90382808975603
srb,2047,8604.551939861967
stp,2047,198.09058484088513
sur,2047,720.3960480630501
svk,2047,5334.20645131124
svn,2047,2148.66925923838
swe,2047,10640.70598573936
swz,2047,1110.920219470078
syc,2047,78.77912399076413
syr,2047,25494.52761902581
tca,2047,38.83534824520546
tcd,2047,22170.21380760265
tgo,2047,9237.454056964281
tha,2047,78480.28208397864
tjk,2047,9145.695619572367
tkl,2047,1.0157160546533024
tkm,2047,6429.276970535149
tls,2047,2114.8811150230194
ton,2047,111.3959753188852
tto,2047,1381.1778544674269
tun,2047,10722.407664550368
tur,2047,84188.32651778826
tuv,2047,12.155456392899623
twn,2047,25799.791368613012
tza,2047,81584.22216300908
uga,2047,71472.3291926127
ukr,2047,38640.27259470671
ury,2047,3639.8659523915385
usa,2047,424964.2691315355
uzb,2047,34713.87696751298
vct,2047,113.11403372523425
ven,2047,42910.21839325846
vgb,2047,31.464608322287592
vir,2047,119.60912348302786
vnm,2047,109067.29542764378
vut,2047,468.28159552723827
wlf,2047,9.951096746307833
wsm,2047,199.60621792186387
yem,2047,49409.78692592761
zaf,2047,54756.985303865884
zmb,2047,25415.02723902501
zwe,2047,11837.50258711022
abw,2048,147.814889601087
afg,2048,76961.70159776384
ago,2048,44781.57491429693
aia,2048,15.468017138995917
alb,2048,2805.4398091323324
and,2048,67.42311293938806
ant,2048,217.40044061964784
are,2048,15172.536873432578
arg,2048,54567.42019657333
arm,2048,2426.8134245436095
asm,2048,61.229445404869026
atg,2048,101.35727233190643
aus,2048,28319.977253100347
aut,2048,8062.837600477159
aze,2048,10571.139263709096
bdi,2048,14325.049189139643
bel,2048,11103.85814842917
ben,2048,16136.565125375233
bfa,2048,29636.558281786023
bgd,2048,212563.87864206076
bgr,2048,6144.716748437922
bhr,2048,2520.385530186666
bhs,2048,525.7295187590256
bih,2048,2989.577590707399
blr,2048,8034.985934443395
blz,2048,511.66891037915946
bmu,2048,55.04753059614034
bol,2048,15646.53096326857
bra,2048,252663.14884945206
brb,2048,301.96095283641284
brn,2048,649.4200082825517
btn,2048,1220.6577756528854
bwa,2048,2223.9206826327118
caf,2048,5622.5060861694365
can,2048,38387.725775053135
che,2048,8275.193968214553
chi,2048,142.93845141686037
chl,2048,22350.731041748546
chn,2048,1374863.1269281185
civ,2048,27038.13312089101
cmr,2048,29010.204689605096
cod,2048,118583.1768411487
cog,2048,6740.174576464978
cok,2048,14.188204202657293
col,2048,66192.58188607237
com,2048,990.6955307732824
cpv,2048,481.5893287707092
cri,2048,7006.295201272351
cub,2048,10278.664978105084
cym,2048,66.86377826790279
cyp,2048,1330.9372804866816
cze,2048,11223.449790440221
deu,2048,68209.5844984512
dji,2048,1061.5434876844952
dma,2048,77.11043238358052
dnk,2048,5650.469563344107
dom,2048,13820.837752332534
dza,2048,42357.911559424145
ecu,2048,22687.367899585333
egy,2048,106857.67842081303
eri,2048,5144.549015121676
esh,2048,434.198692124664
esp,2048,44366.525330474884
est,2048,1206.2184237397216
eth,2048,139926.69879013574
fin,2048,5296.489398442301
fji,2048,1032.5864908477301
flk,2048,3.0699881344572044
fra,2048,65418.39417189257
fro,2048,41.52937406071625
fsm,2048,114.58676524849149
gab,2048,2227.3202245264233
gbr,2048,67375.90269808803
geo,2048,3015.5902658925793
gha,2048,38327.802388978445
gib,2048,29.157248825463018
gin,2048,13267.706375373295
glp,2048,474.4403068508224
gmb,2048,2828.019022675715
gnb,2048,2114.2542300187215
gnq,2048,1703.9010641208906
grc,2048,9073.438466018639
grd,2048,128.31755024786784
grl,2048,48.72534435123098
gtm,2048,27065.787698200817
guf,2048,436.04696607862405
gum,2048,223.36402165446043
guy,2048,805.6378736424227
hkg,2048,9835.002252572327
hnd,2048,13754.840255293877
hrv,2048,3863.542047380997
hti,2048,13943.606037930342
hun,2048,8689.241502090983
idn,2048,324394.3989794385
imn,2048,71.93723170318322
ind,2048,1554728
irl,2048,5297.929170441974
irn,2048,89646.71455878578
irq,2048,62421.66559911776
isl,2048,401.0498779990594
isr,2048,13157.11246230352
ita,2048,52480.55049071594
jam,2048,3146.422859417904
jor,2048,16278.11310249146
jpn,2048,117410.4
kaz,2048,20286.966070274277
ken,2048,66364.30080675214
kgz,2048,6601.942676848855
khm,2048,19060.74317848897
kir,2048,121.69752703293418
kna,2048,55.4666910545562
kor,2048,46744.6
kwt,2048,6596.410840538929
lao,2048,9552.921529277586
lbn,2048,7104.014401745525
lbr,2048,8177.29001098572
lby,2048,7317.94544257006
lca,2048,225.92539844923553
lie,2048,32.38445913831217
lka,2048,25531.339041514813
lso,2048,1986.1891958134772
ltu,2048,2398.398902688257
lux,2048,723.0306346518458
lva,2048,1643.8152752661933
mac,2048,865.9908058328335
mar,2048,31835.41422791901
mco,2048,32.59879983397007
mda,2048,2626.97272338088
mdg,2048,37107.231239143875
mdv,2048,667.2845483115564
mex,2048,162833.7839497019
mhl,2048,63.01437172311101
mkd,2048,2233.9312814444393
mli,2048,28328.739302197257
mlt,2048,391.21084899239855
mmr,2048,57631.11171303013
mne,2048,656.6307778969369
mng,2048,3944.321887728524
mnp,2048,61.19433929412302
moz,2048,35690.661977585245
mrt,2048,5320.918742349963
msr,2048,5.380603762826018
mtq,2048,346.95239237425744
mus,2048,1144.957619240743
mwi,2048,31204.78335225284
mys,2048,46288.235540771806
myt,2048,366.7804270957841
nam,2048,2562.224218623436
ncl,2048,418.4106352280993
ner,2048,43511.81324667739
nga,2048,300364.219666795
nic,2048,7748.090530283005
niu,2048,1.306192573871384
nld,2048,16013.065265269888
nor,2048,6070.319531314617
npl,2048,44612.61409435585
nru,2048,11.390835871116519
nzl,2048,4748.022166544624
omn,2048,6529.036157495368
pak,2048,331495.74082556996
pan,2048,5762.918020849207
per,2048,36851.16368354149
phl,2048,162646.72565178422
plw,2048,19.379670197753374
png,2048,13338.770041326481
pol,2048,34308.7231531203
pri,2048,2985.3959012077444
prk,2048,26449.987252673433
prt,2048,9371.089452507407
pry,2048,10012.73648456848
pse,2048,5991.131920700613
pyf,2048,372.24030671315313
qat,2048,3992.020868171986
reu,2048,908.5637780499503
rom,2048,16583.806357728008
rus,2048,134927.43385890967
rwa,2048,17254.48816207516
sau,2048,52212.79286764198
sdn,2048,52686.95003018389
sen,2048,20372.78439759573
sgp,2048,7225.013596189502
shn,2048,4.839410677955733
slb,2048,1049.0124730888072
sle,2048,9935.258730947164
slv,2048,6661.030271083687
smr,2048,28.756224298103085
som,2048,17634.28609963022
spm,2048,4.874224946859457
srb,2048,8587.754607344777
stp,2048,197.23114476945835
sur,2048,724.7067028019471
svk,2048,5319.264594195057
svn,2048,2148.9217400806356
swe,2048,10658.799091456705
swz,2048,1108.4495821732537
syc,2048,78.36957329426762
syr,2048,25684.551125854192
tca,2048,38.977149987969185
tcd,2048,22349.289064338172
tgo,2048,9259.99259626576
tha,2048,78399.63813016703
tjk,2048,9135.803292495584
tkl,2048,1.010100742734387
tkm,2048,6438.74025027869
tls,2048,2136.089186840804
ton,2048,111.15144345000817
tto,2048,1377.4541720799857
tun,2048,10673.757261679793
tur,2048,83999.27434279326
tuv,2048,12.17633509905829
twn,2048,25844.10613932412
tza,2048,82302.57724448592
uga,2048,72463.30920028413
ukr,2048,38561.438867336925
ury,2048,3642.3474415700975
usa,2048,428039.6040987923
uzb,2048,34741.340770192226
vct,2048,113.11172560671139
ven,2048,43250.70120811205
vgb,2048,31.579496858043907
vir,2048,119.90395316374637
vnm,2048,109253.82075299049
vut,2048,473.2123884191697
wlf,2048,9.896082835766766
wsm,2048,198.71285065953901
yem,2048,50156.51369153364
zaf,2048,54610.645497786114
zmb,2048,25642.53860603876
zwe,2048,11755.468505671404
abw,2049,149.03581751003424
afg,2049,78296.92134127204
ago,2049,45141.745905040414
aia,2049,15.524086489562999
alb,2049,2794.6980984152797
and,2049,67.08400591641909
ant,2049,218.18848613375647
are,2049,15310.897711777156
arg,2049,54881.63022546852
arm,2049,2409.324576128544
asm,2049,61.33362042302676
atg,2049,101.72467795240925
aus,2049,28414.404540192223
aut,2049,8029.708850030301
aze,2049,10572.603027101375
bdi,2049,14396.572409336688
bel,2049,11079.036005612632
ben,2049,16248.93913069765
bfa,2049,29905.89002726033
bgd,2049,213290.27453616678
bgr,2049,6118.119393184986
bhr,2049,2553.3811764513107
bhs,2049,529.8770643320671
bih,2049,2967.9805418123606
blr,2049,8001.244158572335
blz,2049,515.1921368275277
bmu,2049,54.77066701911993
bol,2049,15771.529103741386
bra,2049,253652.71308378963
brb,2049,301.8577310084497
brn,2049,655.2578770058982
btn,2049,1233.2469671243646
bwa,2049,2224.435698755348
caf,2049,5634.63028325327
can,2049,38403.95499840334
che,2049,8258.569410220358
chi,2049,142.21953722535244
chl,2049,22440.302119182543
chn,2049,1369732.0327885242
civ,2049,27050.60463908635
cmr,2049,29069.988923409415
cod,2049,119460.0124879789
cog,2049,6771.786973225405
cok,2049,14.11062621933721
col,2049,66676.55097033596
com,2049,992.4941305189467
cpv,2049,478.94416693613863
cri,2049,7065.263963432177
cub,2049,10214.912269025657
cym,2049,67.10614990418003
cyp,2049,1331.9294840352877
cze,2049,11231.447369742513
deu,2049,67732.45218480963
dji,2049,1062.0031897491656
dma,2049,77.38994667599712
dnk,2049,5642.669894373417
dom,2049,13910.971016056536
dza,2049,42293.40280741879
ecu,2049,22854.63046359248
egy,2049,106942.48714543396
eri,2049,5179.695328954787
esh,2049,431.9817928363806
esp,2049,44216.1013994023
est,2049,1205.2257346300603
eth,2049,140599.88811062204
fin,2049,5284.515517888366
fji,2049,1033.2903885613046
flk,2049,3.081116402508686
fra,2049,65315.32145834003
fro,2049,41.3205005485105
fsm,2049,114.19151758355933
gab,2049,2227.3995175151917
gbr,2049,67313.41630092873
geo,2049,2986.7421818893304
gha,2049,38521.36748888767
gib,2049,29.010601371554195
gin,2049,13265.521431145196
glp,2049,476.2849623209368
gmb,2049,2837.3913252032025
gnb,2049,2117.703392011963
gnq,2049,1714.0319029153552
grc,2049,9016.864406021661
grd,2049,128.8063951697508
grl,2049,48.480278442142236
gtm,2049,27377.601277683163
guf,2049,440.7717010139815
gum,2049,224.42174617214494
guy,2049,804.6004956221359
hkg,2049,9896.564637973746
hnd,2049,13877.114887530746
hrv,2049,3848.6413077947623
hti,2049,14016.915345230553
hun,2049,8648.783308610913
idn,2049,324847.9770581196
imn,2049,71.57542075408885
ind,2049,1558154
irl,2049,5303.3747061507775
irn,2049,89802.43368855517
irq,2049,63192.278726762714
isl,2049,402.1574843774362
isr,2049,13326.287196195393
ita,2049,52152.95466760541
jam,2049,3147.8941259576964
jor,2049,16484.763871831343
jpn,2049,117071.2
kaz,2049,20340.673398719846
ken,2049,66677.05608167386
kgz,2049,6603.728529907429
khm,2049,19140.73311246635
kir,2049,121.90458169437325
kna,2049,55.667749879199825
kor,2049,46619.8
kwt,2049,6670.716134601238
lao,2049,9601.658238871738
lbn,2049,7108.56298295979
lbr,2049,8260.396913280005
lby,2049,7324.912200330152
lca,2049,226.940626893432
lie,2049,32.221580311599936
lka,2049,25572.38252861574
lso,2049,1979.3846886539561
ltu,2049,2384.4731369246915
lux,2049,725.7372983722688
lva,2049,1636.1859788664244
mac,2049,871.9799861760955
mar,2049,31652.004358353774
mco,2049,32.43484297285632
mda,2049,2589.512619736514
mdg,2049,37370.64468873232
mdv,2049,671.6934816060299
mex,2049,163826.13981767287
mhl,2049,63.12158359274411
mkd,2049,2235.801986328304
mli,2049,28554.173275867794
mlt,2049,388.93933066553114
mmr,2049,57478.1239640442
mne,2049,656.324599929344
mng,2049,3969.440708255479
mnp,2049,61.29845458317984
moz,2049,35816.137364850314
mrt,2049,5337.909914729348
msr,2049,5.4001076821667775
mtq,2049,345.098456249056
mus,2049,1139.3835431592877
mwi,2049,31621.239152544356
mys,2049,46628.69612756253
myt,2049,369.5102346082258
nam,2049,2560.450161318917
ncl,2049,422.0553979439127
ner,2049,44312.97866211599
nga,2049,303943.80844431836
nic,2049,7776.701716698027
niu,2049,1.2990505998582365
nld,2049,15953.55819428808
nor,2049,6085.0255523193055
npl,2049,45030.45306792608
nru,2049,11.410216097833565
nzl,2049,4745.539232025711
omn,2049,6590.565907773183
pak,2049,334753.7052709237
pan,2049,5810.564529436222
per,2049,36964.14141413275
phl,2049,163991.57939045128
plw,2049,19.412642528000568
png,2049,13452.496444694936
pol,2049,34129.517667081724
pri,2049,2964.8504941693564
prk,2049,26440.429376740798
prt,2049,9328.230695570204
pry,2049,10102.645276786809
pse,2049,6002.224679179545
pyf,2049,374.0999918989519
qat,2049,4024.983418391941
reu,2049,907.9567402085559
rom,2049,16449.32392206247
rus,2049,134855.55630144436
rwa,2049,17386.50818617719
sau,2049,52780.81669396443
sdn,2049,52885.26406261406
sen,2049,20468.451893407208
sgp,2049,7251.326845696676
shn,2049,4.814701975966851
slb,2049,1059.4367832555931
sle,2049,9982.09378262889
slv,2049,6659.097446627981
smr,2049,28.611593811784182
som,2049,17668.470782448872
spm,2049,4.845001596664284
srb,2049,8570.907728963179
stp,2049,196.39364444140014
sur,2049,729.0199827574642
svk,2049,5304.303394838293
svn,2049,2149.150681235867
swe,2049,10676.370833470668
swz,2049,1106.077997086671
syc,2049,77.96943977380724
syr,2049,25874.536399076056
tca,2049,39.11843658386204
tcd,2049,22528.00896889941
tgo,2049,9282.91483624142
tha,2049,78317.21486835544
tjk,2049,9125.9094755911
tkl,2049,1.0045777338001927
tkm,2049,6448.210114174089
tls,2049,2157.3288711607843
ton,2049,110.90394342616048
tto,2049,1373.6486113079575
tun,2049,10626.316180733491
tur,2049,83809.4388408951
tuv,2049,12.197051764408624
twn,2049,25888.076980616774
tza,2049,83019.01835342342
uga,2049,73448.91937889336
ukr,2049,38482.581628301676
ury,2049,3644.7022864136175
usa,2049,431115.14950583066
uzb,2049,34768.829138012225
vct,2049,113.10490603372716
ven,2049,43591.947337220634
vgb,2049,31.69396801903078
vir,2049,120.1961674639297
vnm,2049,109443.36401401319
vut,2049,478.1509801801986
wlf,2049,9.841973229068023
wsm,2049,197.81261593014722
yem,2049,50903.55141248074
zaf,2049,54469.43877166451
zmb,2049,25869.41564386644
zwe,2049,11675.058742786166
abw,2050,150.25973346848488
afg,2050,79635.18806740273
ago,2050,45501.208413029526
aia,2050,15.579952516960098
alb,2050,2783.9533056415075
and,2050,66.74615450465801
ant,2050,218.97367397410218
are,2050,15449.262658299738
arg,2050,55195.96082794484
arm,2050,2391.828411239964
asm,2050,61.43699005834228
atg,2050,102.0907512572231
aus,2050,28508.660160247666
aut,2050,7996.655478688266
aze,2050,10574.071073816971
bdi,2050,14468.307237388823
bel,2050,11054.108148259334
ben,2050,16361.232471203577
bfa,2050,30174.442254696438
bgd,2050,214015.10391582016
bgr,2050,6091.523053120071
bhr,2050,2586.3875195454325
bhs,2050,534.0338346785562
bih,2050,2946.405885002298
blr,2050,7967.489409174256
blz,2050,518.720646270031
bmu,2050,54.49482858456729
bol,2050,15896.813020831263
bra,2050,254639.4865430084
brb,2050,301.7419191048248
brn,2050,661.1031570928192
btn,2050,1245.8555370737865
bwa,2050,2225.0897771302257
caf,2050,5646.997505114028
can,2050,38420.18384922305
che,2050,8241.847189776407
chi,2050,141.50328495664542
chl,2050,22529.640959809
chn,2050,1364596.4188444647
civ,2050,27064.70456792205
cmr,2050,29131.054891115065
cod,2050,120335.74349321415
cog,2050,6803.519402022762
cok,2050,14.034313046701028
col,2050,67161.40633874363
com,2050,994.3389390239219
cpv,2050,476.3567700387001
cri,2050,7124.382258149227
cub,2050,10150.297436587643
cym,2050,67.34764263301668
cyp,2050,1332.8690542730117
cze,2050,11239.303681739115
deu,2050,67257.94054415924
dji,2050,1062.5271251376848
dma,2050,77.66844737129846
dnk,2050,5634.767762889902
dom,2050,14001.210751544932
dza,2050,42232.28815411095
ecu,2050,23022.206754836385
egy,2050,107033.37524456577
eri,2050,5214.822746503518
esh,2050,429.81528935486017
esp,2050,44065.77123731088
est,2050,1204.2329942722909
eth,2050,141275.39966383734
fin,2050,5272.492560009556
fji,2050,1033.97715497275
flk,2050,3.092204316343225
fra,2050,65211.191128669016
fro,2050,41.112400432032935
fsm,2050,113.79277327834538
gab,2050,2227.622463761616
gbr,2050,67249.40076960874
geo,2050,2957.8816928209458
gha,2050,38715.47670455397
gib,2050,28.86449690901466
gin,2050,13264.21885488112
glp,2050,478.1242801763212
gmb,2050,2846.8530243395926
gnb,2050,2121.2550730061957
gnq,2050,1724.171627268904
grc,2050,8960.569501013842
grd,2050,129.29372405419878
grl,2050,48.23611993833054
gtm,2050,27690.59718334355
guf,2050,445.51333355860606
gum,2050,225.47881699785714
guy,2050,803.5240428013376
hkg,2050,9958.148765848753
hnd,2050,13999.729913085972
hrv,2050,3833.736596098942
hti,2050,14090.205219942627
hun,2050,8608.333752255217
idn,2050,325296.95672160614
imn,2050,71.21494948200517
ind,2050,1561580
irl,2050,5308.595661552801
irn,2050,89957.5151383334
irq,2050,63963.110187224265
isl,2050,403.2410859345508
isr,2050,13495.514698018962
ita,2050,51826.97722545051
jam,2050,3149.252534758793
jor,2050,16691.477271584572
jpn,2050,116732
kaz,2050,20394.412646975787
ken,2050,66990.9781852272
kgz,2050,6605.517463896777
khm,2050,19221.528750038484
kir,2050,122.11003560474289
kna,2050,55.86807960822943
kor,2050,46495
kwt,2050,6745.037369901012
lao,2050,9650.378787074551
lbn,2050,7113.053238199198
lbr,2050,8343.200531736207
lby,2050,7332.283669212954
lca,2050,227.95429830688414
lie,2050,32.05930457614356
lka,2050,25613.082115058594
lso,2050,1972.7772448327053
ltu,2050,2370.5417040833195
lux,2050,728.3935354606717
lva,2050,1628.5536901133805
mac,2050,877.9729972283543
mar,2050,31472.498812375015
mco,2050,32.271493194635255
mda,2050,2552.035968607151
mdg,2050,37633.82248019313
mdv,2050,676.1046722705988
mex,2050,164819.2493733682
mhl,2050,63.227966601467834
mkd,2050,2237.643867768856
mli,2050,28779.183233373642
mlt,2050,386.67815892320834
mmr,2050,57323.53197206842
mne,2050,656.0121152097524
mng,2050,3994.7754773396546
mnp,2050,61.40176495116342
moz,2050,35942.668817161524
mrt,2050,5355.075734664406
msr,2050,5.419540874833028
mtq,2050,343.2520785288207
mus,2050,1133.9396320677326
mwi,2050,32035.541406585668
mys,2050,46969.43000334817
myt,2050,372.23644754614713
nam,2050,2558.8600669207735
ncl,2050,425.7045430559927
ner,2050,45108.92983837665
nga,2050,307506.97159304726
nic,2050,7805.214838379476
niu,2050,1.292025066678549
nld,2050,15894.137495588018
nor,2050,6099.388971756261
npl,2050,45448.85780227262
nru,2050,11.429446494943166
nzl,2050,4743.225611057513
omn,2050,6652.099416793122
pak,2050,338016.3900060068
pan,2050,5858.327863258312
per,2050,37076.48646262968
phl,2050,165337.89412847237
plw,2050,19.4453599473342
png,2050,13566.354240797717
pol,2050,33950.3955099385
pri,2050,2944.0974992242277
prk,2050,26431.296831832435
prt,2050,9285.503410530562
pry,2050,10192.80833243917
pse,2050,6013.275507357518
pyf,2050,375.9589145466503
qat,2050,4057.9436072886356
reu,2050,907.4147144516679
rom,2050,16315.002832618944
rus,2050,134783.69124753264
rwa,2050,17518.322986221385
sau,2050,53348.94656798394
sdn,2050,53085.005811639734
sen,2050,20564.481031499206
sgp,2050,7277.592320872957
shn,2050,4.790554966147465
slb,2050,1069.876416775955
sle,2050,10029.103386122306
slv,2050,6656.889371738171
smr,2050,28.467498848610855
som,2050,17703.456212749737
spm,2050,4.816150776945852
srb,2050,8554.010854405971
stp,2050,195.5773357367531
sur,2050,733.3358736499451
svk,2050,5289.322677443677
svn,2050,2149.355868757158
swe,2050,10693.424107460483
swz,2050,1103.8020866441464
syc,2050,77.57840231453605
syr,2050,26064.484379102876
tca,2050,39.25921083498433
tcd,2050,22706.385638385862
tgo,2050,9306.20769314059
tha,2050,78233.03293243698
tjk,2050,9116.01416454233
tkl,2050,0.9991447705259687
tkm,2050,6457.686581298041
tls,2050,2178.599801385948
ton,2050,110.65350966779813
tto,2050,1369.7616175222777
tun,2050,10580.043185227929
tur,2050,83618.82436272931
tuv,2050,12.217608268070325
twn,2050,25931.707880897073
tza,2050,83733.6107540788
uga,2050,74429.34283342124
ukr,2050,38403.70080947902
ury,2050,3646.9311757938467
usa,2050,434190.9025007758
uzb,2050,34796.342142147165
vct,2050,113.09359954597792
ven,2050,43933.95262859727
vgb,2050,31.808024075524955
vir,2050,120.48578060973148
vnm,2050,109635.98009632484
vut,2050,483.0972803700903
wlf,2050,9.788745810919755
wsm,2050,196.9055933728415
yem,2050,51650.892440367315
zaf,2050,54333.190093391764
zmb,2050,26095.67998240206
zwe,2050,11596.217911064306
abw,2051,151.42515708356257
afg,2051,80905.35869146352
ago,2051,45950.57228544845
aia,2051,15.636947296774167
alb,2051,2767.9163431760926
and,2051,66.50739076695882
ant,2051,219.77472624429657
are,2051,15572.506848729818
arg,2051,55470.905411822074
arm,2051,2371.7466447360684
asm,2051,61.51967459647506
atg,2051,102.46422093773876
aus,2051,28587.87816823323
aut,2051,7970.550854814885
aze,2051,10555.95378130413
bdi,2051,14566.306409667068
bel,2051,11041.443399586757
ben,2051,16505.147373043437
bfa,2051,30512.56765369189
bgd,2051,214375.04183420644
bgr,2051,6057.081805579644
bhr,2051,2617.0904746513347
bhs,2051,537.8379894201184
bih,2051,2919.7127953565955
blr,2051,7925.283121060082
blz,2051,521.793644754541
bmu,2051,54.29989017868174
bol,2051,16005.105470365112
bra,2051,255336.0790092151
brb,2051,301.47398753752236
brn,2051,666.239499297339
btn,2051,1256.6684474845601
bwa,2051,2232.2994829771787
caf,2051,5671.648389973961
can,2051,38461.20826743544
che,2051,8233.413255031273
chi,2051,140.9971006908447
chl,2051,22602.184196488062
chn,2051,1359661.7547768275
civ,2051,27133.433486993694
cmr,2051,29255.860838737102
cod,2051,121463.11710700286
cog,2051,6850.044462461654
cok,2051,13.957413949724176
col,2051,67582.7927289146
com,2051,998.087758060624
cpv,2051,474.7837831959289
cri,2051,7177.83239923481
cub,2051,10075.835446470484
cym,2051,67.59401463310377
cyp,2051,1334.6968105563953
cze,2051,11226.670024970046
deu,2051,66862.45399516988
dji,2051,1065.021084256514
dma,2051,77.95257507012224
dnk,2051,5635.90054060712
dom,2051,14076.85900370046
dza,2051,42240.48129341017
ecu,2051,23166.583084289556
egy,2051,107373.7339027891
eri,2051,5260.018856491562
esh,2051,429.0456996009621
esp,2051,43934.865631885674
est,2051,1201.9107452481321
eth,2051,142278.7642214924
fin,2051,5269.501315819376
fji,2051,1033.3969630939935
flk,2051,3.1035162573750252
fra,2051,65183.568189173115
fro,2051,40.96533352659417
fsm,2051,113.32047648624633
gab,2051,2233.123226981081
gbr,2051,67262.85168254378
geo,2051,2926.7102809529665
gha,2051,38986.43130532527
gib,2051,28.761243092821818
gin,2051,13286.769881637703
glp,2051,479.7323467614799
gmb,2051,2861.4241402718453
gnb,2051,2128.9986397087187
gnq,2051,1738.530228583485
grc,2051,8912.320266445875
grd,2051,129.68261305400833
grl,2051,48.06357012817214
gtm,2051,27980.270291768335
guf,2051,449.89649865107464
gum,2051,226.26409695614194
guy,2051,801.9073843185407
hkg,2051,10008.52093928394
hnd,2051,14110.55228641293
hrv,2051,3813.052796736387
hti,2051,14149.030770264504
hun,2051,8554.891752924479
idn,2051,325279.3761795648
imn,2051,70.96020001149903
ind,2051,1563094
irl,2051,5317.161244477441
irn,2051,90022.38873364331
irq,2051,64711.01127607422
isl,2051,404.678536885411
isr,2051,13666.163139637947
ita,2051,51544.28009431004
jam,2051,3147.4041615059264
jor,2051,16891.6924047113
jpn,2051,116325.2
kaz,2051,20412.133128093978
ken,2051,67428.22331811576
kgz,2051,6595.128510340578
khm,2051,19300.52969107554
kir,2051,122.27437653169531
kna,2051,56.072456925325845
kor,2051,46427.2
kwt,2051,6813.5656062486605
lao,2051,9685.209368550608
lbn,2051,7115.470648864164
lbr,2051,8442.050580252731
lby,2051,7350.319607997929
lca,2051,228.7659561322105
lie,2051,31.94462232297941
lka,2051,25622.19801917849
lso,2051,1970.867113929742
ltu,2051,2354.1802628562646
lux,2051,731.6230136008811
lva,2051,1619.4873766626206
mac,2051,882.7841122242731
mar,2051,31364.615947184768
mco,2051,32.156051902272154
mda,2051,2514.0990178296606
mdg,2051,37988.51270254334
mdv,2051,679.505348485173
mex,2051,165656.52001542406
mhl,2051,63.31306151270213
mkd,2051,2235.310670065956
mli,2051,29063.36539427317
mlt,2051,384.9628775219716
mmr,2051,57108.532333147676
mne,2051,654.5440608789673
mng,2051,4018.364167133241
mnp,2051,61.48440208183508
moz,2051,36152.78266711831
mrt,2051,5384.245770053065
msr,2051,5.439366707968155
mtq,2051,341.7740761996519
mus,2051,1131.5246501717486
mwi,2051,32528.19323267902
mys,2051,47254.98270682979
myt,2051,375.78871266664993
nam,2051,2563.2483421046686
ncl,2051,428.92866634427037
ner,2051,46022.47050862604
nga,2051,311687.43693688826
nic,2051,7825.436182885514
niu,2051,1.284945592209908
nld,2051,15857.227450895129
nor,2051,6122.345112028542
npl,2051,45800.6123411668
nru,2051,11.444828734594722
nzl,2051,4737.950692412921
omn,2051,6709.478089877287
pak,2051,340721.31873849593
pan,2051,5900.60475463854
per,2051,37148.42875870142
phl,2051,166487.89929718777
plw,2051,19.47153034735777
png,2051,13661.710693879733
pol,2051,33719.91345118848
pri,2051,2919.9164718364905
prk,2051,26426.390035531957
prt,2051,9251.613473872003
pry,2051,10274.135510047437
pse,2051,6019.018468736764
pyf,2051,377.41838153116646
qat,2051,4086.4316024907257
reu,2051,909.2077057535915
rom,2051,16147.81448221834
rus,2051,134582.51525552585
rwa,2051,17679.869418431597
sau,2051,53891.706801321874
sdn,2051,53397.3270765019
sen,2051,20701.643058303747
sgp,2051,7296.194867679381
shn,2051,4.781977416421475
slb,2051,1078.880878316409
sle,2051,10097.171436790963
slv,2051,6649.1624687358535
smr,2051,28.365665170274116
som,2051,17778.277225332702
spm,2051,4.791732564561251
srb,2051,8523.966774604185
stp,2051,195.16868526135787
sur,2051,737.1649027787582
svk,2051,5264.996262217757
svn,2051,2145.9287800830743
swe,2051,10725.839714478852
swz,2051,1104.5386351141678
syc,2051,77.43949719639878
syr,2051,26248.95849546863
tca,2051,39.402829377773735
tcd,2051,22938.63550020011
tgo,2051,9349.379783384335
tha,2051,78069.48920600489
tjk,2051,9089.946444735713
tkl,2051,0.9936700935434248
tkm,2051,6454.121926181539
tls,2051,2196.379259073103
ton,2051,110.24400255755982
tto,2051,1364.626641977056
tun,2051,10556.979950287705
tur,2051,83459.50739630483
tuv,2051,12.23405124966453
twn,2051,25966.607886367554
tza,2051,84621.30447252789
uga,2051,75602.97712619475
ukr,2051,38301.78591881151
ury,2051,3646.7711034550553
usa,2051,436919.2835281635
uzb,2051,34751.39758566095
vct,2051,113.03542613547958
ven,2051,44235.02031689604
vgb,2051,31.924384592447684
vir,2051,120.779042116848
vnm,2051,109808.9613294318
vut,2051,487.39990628869776
wlf,2051,9.735109718373522
wsm,2051,195.77493379939907
yem,2051,52359.91740954398
zaf,2051,54336.82656891751
zmb,2051,26385.692418924904
zwe,2051,11546.922467052125
abw,2052,152.5942456978472
afg,2052,82178.04104005612
ago,2052,46399.723855565644
aia,2052,15.693857371030955
alb,2052,2751.876470474132
and,2052,66.26925017574841
ant,2052,220.57458799179437
are,2052,15695.74804076923
arg,2052,55746.08145546911
arm,2052,2351.6827007407683
asm,2052,61.60189850886845
atg,2052,102.83713556816882
aus,2052,28666.922613491384
aut,2052,7944.5029781972835
aze,2052,10537.833717330579
bdi,2052,14664.39583983076
bel,2052,11028.68937131298
ben,2052,16649.048026932833
bfa,2052,30850.411232136776
bgd,2052,214733.56738237425
bgr,2052,6022.630698723028
bhr,2052,2647.813640478332
bhs,2052,541.6527106893842
bih,2052,2893.0689212288967
blr,2052,7883.107704751195
blz,2052,524.8723787485546
bmu,2052,54.10546054010034
bol,2052,16113.67644614169
bra,2052,256029.5769848382
brb,2052,301.1944304581421
brn,2052,671.3822364212831
btn,2052,1267.4964389277377
bwa,2052,2239.550700527142
caf,2052,5696.382295805746
can,2052,38502.23238807841
che,2052,8224.905529899672
chi,2052,140.49223750901987
chl,2052,22674.533064095132
chn,2052,1354721.0063269443
civ,2052,27202.733988333006
cmr,2052,29381.10335987789
cod,2052,122590.1438064747
cog,2052,6896.610410818856
cok,2052,13.88168702253988
col,2052,68005.09284940863
com,2052,1001.8532755449023
cpv,2052,473.23063664463444
cri,2052,7231.443158777051
cub,2052,10000.505987141161
cym,2052,67.84002047548951
cyp,2052,1336.4897767467035
cze,2052,11213.744263997833
deu,2052,66468.70460341388
dji,2052,1067.5382008745767
dma,2052,78.23628049878118
dnk,2052,5636.9334644014725
dom,2052,14152.60894935555
dza,2052,42249.91447602711
ecu,2052,23311.272118316992
egy,2052,107716.11206373588
eri,2052,5305.212793915982
esh,2052,428.2917281779401
esp,2052,43804.18003325998
est,2052,1199.588479495038
eth,2052,143282.84682968975
fin,2052,5266.445649512455
fji,2052,1032.8037482339018
flk,2052,3.1148113866168305
fra,2052,65155.08133914226
fro,2052,40.818650449230056
fsm,2052,112.84565465921104
gab,2052,2238.671584321101
gbr,2052,67275.11135680729
geo,2052,2895.568224149082
gha,2052,39257.59677633218
gib,2052,28.65825875747072
gin,2052,13309.640163657848
glp,2052,481.3367874379701
gmb,2052,2876.029575609984
gnb,2052,2136.778722143072
gnq,2052,1752.8901660471104
grc,2052,8864.270670095711
grd,2052,130.07018698511794
grl,2052,47.891470653602276
gtm,2052,28271.164018502845
guf,2052,454.29728322519134
gum,2052,227.04897433214825
guy,2052,800.2531935590628
hkg,2052,10058.917275631486
hnd,2052,14221.732430471327
hrv,2052,3792.3574553325784
hti,2052,14207.832709341159
hun,2052,8501.46148775529
idn,2052,325258.13944258436
imn,2052,70.70611540844551
ind,2052,1564608
irl,2052,5325.579055257781
irn,2052,90085.90230751658
irq,2052,65459.38873472654
isl,2052,406.0991284630018
isr,2052,13836.93851871028
ita,2052,51262.76363568593
jam,2052,3145.4413543046685
jor,2052,17092.042228952734
jpn,2052,115918.4
kaz,2052,20429.787476025285
ken,2052,67865.94438671906
kgz,2052,6584.736753468484
khm,2052,19380.636736186974
kir,2052,122.43780193486667
kna,2052,56.27653049715653
kor,2052,46359.4
kwt,2052,6882.122810802257
lao,2052,9720.025983552028
lbn,2052,7117.774942476369
lbr,2052,8540.803871620634
lby,2052,7368.512450167665
lca,2052,229.57621267100728
lie,2052,31.83023937759153
lka,2052,25631.054111390495
lso,2052,1969.0229671563684
ltu,2052,2337.832397573368
lux,2052,734.8175051479869
lva,2052,1610.4278805357224
mac,2052,887.5983465855765
mar,2052,31258.0578208569
mco,2052,32.040911898692215
mda,2052,2476.200140348674
mdg,2052,38343.086996700906
mdv,2052,682.9076135789588
mex,2052,166494.60020994354
mhl,2052,63.39768237029483
mkd,2052,2232.918337624081
mli,2052,29347.413406321873
mlt,2052,383.2535841623398
mmr,2052,56892.321970140125
mne,2052,653.0628880570812
mng,2052,4042.2402770611916
mnp,2052,61.56657885086867
moz,2052,36363.23791382815
mrt,2052,5413.474172625271
msr,2052,5.459163075979463
mtq,2052,340.3010697150525
mus,2052,1129.1522244928935
mwi,2052,33020.07604826938
mys,2052,47540.777589036064
myt,2052,379.339676421551
nam,2052,2567.6980732083507
ncl,2052,432.15668478245453
ner,2052,46934.155674695125
nga,2052,315862.44826364116
nic,2052,7845.554445288503
niu,2052,1.277974029881273
nld,2052,15820.322952795465
nor,2052,6145.03754947026
npl,2052,46152.80289335518
nru,2052,11.460125281616518
nzl,2052,4732.847155390764
omn,2052,6766.864341880046
pak,2052,343429.72767380136
pan,2052,5943.001530872979
per,2052,37219.705871528866
phl,2052,167639.14409733936
plw,2052,19.497554955191738
png,2052,13757.171523665722
pol,2052,33489.583723115415
pri,2052,2895.595054933473
prk,2052,26422.093059217408
prt,2052,9217.815053432678
pry,2052,10355.727832832668
pse,2052,6024.673411231957
pyf,2052,378.8775785072504
qat,2052,4114.910822316557
reu,2052,911.0216579641215
rom,2052,15981.002925795947
rus,2052,134381.26958779173
rwa,2052,17841.37439810858
sau,2052,54434.69768816223
sdn,2052,53710.1455448647
sen,2052,20838.94085474461
sgp,2052,7314.766395252126
shn,2052,4.773573942570386
slb,2052,1087.89753924185
sle,2052,10165.301569832753
slv,2052,6641.165871155944
smr,2052,28.264097266379117
som,2052,17853.367156545624
spm,2052,4.767611921589675
srb,2052,8493.810287875729
stp,2052,194.7673470298476
sur,2052,740.9982889375948
svk,2052,5240.631269704422
svn,2052,2142.451270315565
swe,2052,10757.849079151218
swz,2052,1105.3057578331006
syc,2052,77.30341106861894
syr,2052,26433.37931877952
tca,2052,39.54623447489773
tcd,2052,23170.751283784368
tgo,2052,9392.679737545586
tha,2052,77904.64030904516
tjk,2052,9063.888396100607
tkl,2052,0.9882788668383902
tkm,2052,6450.546921807924
tls,2052,2214.1820711370624
ton,2052,109.83217308548464
tto,2052,1359.410368365576
tun,2052,10534.315644333981
tur,2052,83299.96992189226
tuv,2052,12.250402629361623
twn,2052,26001.313468053522
tza,2052,85508.39398089977
uga,2052,76774.72268943746
ukr,2052,38199.902649013056
ury,2052,3646.4929282744165
usa,2052,439647.8049450666
uzb,2052,34706.426970868495
vct,2052,112.97320297488012
ven,2052,44536.8707257609
vgb,2052,32.040572174542646
vir,2052,121.07057491393138
vnm,2052,109986.02360059008
vut,2052,491.7086735174254
wlf,2052,9.682291198594005
wsm,2052,194.6390671813339
yem,2052,53069.54319319734
zaf,2052,54342.0826658679
zmb,2052,26675.46959129354
zwe,2052,11498.148679152038
abw,2053,153.76699114703115
afg,2053,83453.21418270266
ago,2053,46848.66952126938
aia,2053,15.750682928424157
alb,2053,2735.8336584500144
and,2053,66.03173029469272
ant,2053,221.37326186865434
are,2053,15818.986296265663
arg,2053,56021.48844327631
arm,2053,2331.6366525913063
asm,2053,61.68366563396759
atg,2053,103.20949638496637
aus,2053,28745.79743442005
aut,2053,7918.511626969058
aze,2053,10519.71087049213
bdi,2053,14762.572807891194
bel,2053,11015.84641249707
ben,2053,16792.93486224438
bfa,2053,31187.98148290362
bgd,2053,215090.69232976058
bgr,2053,5988.169634013811
bhr,2053,2678.556600140703
bhs,2053,545.4779749479077
bih,2053,2866.4747544910906
blr,2053,7840.963287280954
blz,2053,527.9568354754075
bmu,2053,53.91153767968067
bol,2053,16222.525327704134
bra,2053,256719.98736329607
brb,2053,300.90327376416786
brn,2053,676.5313151750817
btn,2053,1278.3393857314113
bwa,2053,2246.8421787939806
caf,2053,5721.196720710473
can,2053,38543.25621655846
che,2053,8216.324302882042
chi,2053,139.98869024609036
chl,2053,22746.68799561498
chn,2053,1349774.0428899066
civ,2053,27272.58884688199
cmr,2053,29506.769298068797
cod,2053,123716.83404615147
cog,2053,6943.21601490645
cok,2053,13.807105666862068
col,2053,68428.30466476125
com,2053,1005.6349882565831
cpv,2053,471.6967324828337
cri,2053,7285.214178975462
cub,2053,9924.310991010881
cym,2053,68.08566097584233
cyp,2053,1338.2480888637804
cze,2053,11200.523479461846
deu,2053,66076.6855770768
dji,2053,1070.077777123359
dma,2053,78.5195645979422
dnk,2053,5637.866924674757
dom,2053,14228.460361973459
dza,2053,42260.55033233143
ecu,2053,23456.27316032472
egy,2053,108060.44886818517
eri,2053,5350.4046242486065
esh,2053,427.55290441574306
esp,2053,43673.7135812668
est,2053,1197.2661969441717
eth,2053,144287.6258494406
fin,2053,5263.325812961829
fji,2053,1032.197618914417
flk,2053,3.126089741519298
fra,2053,65125.73395623278
fro,2053,40.67234969927676
fsm,2053,112.36832883863444
gab,2053,2244.2661014973496
gbr,2053,67286.18444981994
geo,2053,2864.45564320146
gha,2053,39528.96676284288
gib,2053,28.555542849364237
gin,2053,13332.820079946043
glp,2053,482.93761028301935
gmb,2053,2890.6682961131123
gnb,2053,2144.5942198804414
gnq,2053,1767.2513993939308
grc,2053,8816.419931431974
grd,2053,130.45644877703046
grl,2053,47.719819753930736
gtm,2053,28563.275644445966
guf,2053,458.7156480310514
gum,2053,227.83345248063858
guy,2053,798.5615541313953
hkg,2053,10109.337573539166
hnd,2053,14333.269548275905
hrv,2053,3771.6504565335417
hti,2053,14266.61108977
hun,2053,8448.043074021725
idn,2053,325233.27697814105
imn,2053,70.45269307339291
ind,2053,1566122
irl,2053,5333.849671642894
irn,2053,90148.08391306012
irq,2053,66208.2327371207
isl,2053,407.5029265829079
isr,2053,14007.838216902275
ita,2053,50982.42323346833
jam,2053,3143.364368072934
jor,2053,17292.523966040728
jpn,2053,115511.6
kaz,2053,20447.375418640495
ken,2053,68304.12704835934
kgz,2053,6574.34218174523
khm,2053,19461.87362855918
kir,2053,122.60031944341765
kna,2053,56.480301000357315
kor,2053,46291.6
kwt,2053,6950.708386035798
lao,2053,9754.828748462991
lbn,2053,7119.968452296662
lbr,2053,8639.46332168877
lby,2053,7386.857467321626
lca,2053,230.38507104483983
lie,2053,31.716154569767543
lka,2053,25639.652556735942
lso,2053,1967.2428160316206
ltu,2053,2321.4981640978267
lux,2053,737.9771468900954
lva,2053,1601.375229785064
mac,2053,892.4156743182488
mar,2053,31152.784511397644
mco,2053,31.926072005937883
mda,2053,2438.339492830717
mdg,2053,38697.54885624842
mdv,2053,686.3114543116507
mex,2053,167333.48815353325
mhl,2053,63.481833124587276
mkd,2053,2230.4662794362275
mli,2053,29631.331312195474
mlt,2053,381.5502554326912
mmr,2053,56674.91097214328
mne,2053,651.5684656346946
mng,2053,4066.409976768826
mnp,2053,61.64829909450857
moz,2053,36574.02426904525
mrt,2053,5442.759183442415
msr,2053,5.478930044504712
mtq,2053,338.8330395426229
mus,2053,1126.8210725678214
mwi,2053,33511.21302806191
mys,2053,47826.81263186494
myt,2053,382.88937802847386
nam,2053,2572.2074082118365
ncl,2053,435.388565911831
ner,2053,47844.041253586474
nga,2053,320032.16993417917
nic,2053,7865.569855218508
niu,2053,1.2711079310047588
nld,2053,15783.423979603333
nor,2053,6167.467315088084
npl,2053,46505.42582549082
nru,2053,11.475336850094704
nzl,2053,4727.911111085654
omn,2053,6824.258016471355
pak,2053,346141.58781100856
pan,2053,5985.5179249010425
per,2053,37290.3192829024
phl,2053,168791.6181989415
plw,2053,19.523434985738508
png,2053,13852.735860373075
pol,2053,33259.40784814923
pri,2053,2871.1351206422296
prk,2053,26418.418993040013
prt,2053,9184.10779140895
pry,2053,10437.584710146215
pse,2053,6030.242150405048
pyf,2053,380.3365077249125
qat,2053,4143.3814477754595
reu,2053,912.8559394106412
rom,2053,15814.571929122667
rus,2053,134179.95395762392
rwa,2053,18002.839174455352
sau,2053,54977.9144708246
sdn,2053,54023.44623312984
sen,2053,20976.370329302532
sgp,2053,7333.30716207789
shn,2053,4.765339298687864
slb,2053,1096.9262978934566
sle,2053,10233.491914349053
slv,2053,6632.900179781523
smr,2053,28.16279409781975
som,2053,17928.717902325003
spm,2053,4.74378344153668
srb,2053,8463.540270798365
stp,2053,194.37310068229837
sur,2053,744.8360224205506
svk,2053,5216.227314352855
svn,2053,2138.9228355339264
swe,2053,10789.453789775152
swz,2053,1106.1025334231479
syc,2053,77.17005897881941
syr,2053,26617.747948309257
tca,2053,39.68942660183693
tcd,2053,23402.737029686108
tgo,2053,9436.103702349814
tha,2053,77738.49711768789
tjk,2053,9037.8400584326
tkl,2053,0.9829691967992329
tkm,2053,6446.961525591387
tls,2053,2232.0080429632244
ton,2053,109.41804060407019
tto,2053,1354.1129777908582
tun,2053,10512.038245344183
tur,2053,83140.21280161818
tuv,2053,12.26666317049033
twn,2053,26035.826246109842
tza,2053,86394.89748751585
uga,2053,77944.63644142264
ukr,2053,38098.05113019935
ury,2053,3646.0969133428284
usa,2053,442376.4648793577
uzb,2053,34661.43019054339
vct,2053,112.90693908557455
ven,2053,44839.50211157032
vgb,2053,32.15658720704678
vir,2053,121.36038285192932
vnm,2053,110167.2545117256
vut,2053,496.0235308800577
wlf,2053,9.6302716996321
wsm,2053,193.49803690952385
yem,2053,53779.75739835161
zaf,2053,54348.90957574321
zmb,2053,26965.01858936874
zwe,2053,11449.880826867993
abw,2054,154.94338529103817
afg,2054,84730.85742083567
ago,2054,47297.41542593103
aia,2054,15.80742415708742
alb,2054,2719.7878776292428
and,2054,65.79482870014171
ant,2054,222.17075051906414
are,2054,15942.221675377441
arg,2054,56297.125861164386
arm,2054,2311.608574027838
asm,2054,61.76497976768753
atg,2054,103.58130462091472
aus,2054,28824.506451154142
aut,2054,7892.576580418879
aze,2054,10501.585229321929
bdi,2054,14860.834702064583
bel,2054,11002.914870380826
ben,2054,16936.80829126966
bfa,2054,31525.28656100671
bgd,2054,215446.42831539662
bgr,2054,5953.698511598131
bhr,2054,2709.3189481398763
bhs,2054,549.3137587271058
bih,2054,2839.930793591492
blr,2054,7798.84999638063
blz,2054,531.0470021963563
bmu,2054,53.718119618636166
bol,2054,16331.651496437064
bra,2054,257407.31701754782
brb,2054,300.60054327622
brn,2054,681.6866828596148
btn,2054,1289.1971636161209
bwa,2054,2254.172716557516
caf,2054,5746.089262318219
can,2054,38584.279758151904
che,2054,8207.669860976817
chi,2054,139.48645376386582
chl,2054,22818.649422747305
chn,2054,1344820.7300958491
civ,2054,27342.981522819253
cmr,2054,29632.84602022365
cod,2054,124843.19786465954
cog,2054,6989.8600915546585
cok,2054,13.733644083103313
col,2054,68852.42614554931
com,2054,1009.4324129942864
cpv,2054,470.1814965939103
cri,2054,7339.145103091502
cub,2054,9847.252384755493
cym,2054,68.33093694740977
cyp,2054,1339.9718822193245
cze,2054,11187.004712968994
deu,2054,65686.39015970366
dji,2054,1072.6391428965223
dma,2054,78.80242830548033
dnk,2054,5638.701309796274
dom,2054,14304.413015689774
dza,2054,42272.35297930827
ecu,2054,23601.585515786246
egy,2054,108406.68587797983
eri,2054,5395.594410356701
esh,2054,426.8287763682244
esp,2054,43543.46542021726
est,2054,1194.9438975263167
eth,2054,145293.08050258516
fin,2054,5260.142056729228
fji,2054,1031.5786824550535
flk,2054,3.13735135942193
fra,2054,65095.5294005162
fro,2054,40.52642978388316
fsm,2054,111.88851983277206
gab,2054,2249.905401283315
gbr,2054,67296.07559475495
geo,2054,2833.3726595658995
gha,2054,39800.5351629255
gib,2054,28.45309432039047
gin,2054,13356.300392243273
glp,2054,484.5348233498829
gmb,2054,2905.339308683866
gnb,2054,2152.4440762685854
gnq,2054,1781.6138899599298
grc,2054,8768.767273986874
grd,2054,130.84140135055395
grl,2054,47.54861567763378
gtm,2054,28856.60245856682
guf,2054,463.15155393524316
gum,2054,228.61753471920463
guy,2054,796.8325493958811
hkg,2054,10159.781633885761
hnd,2054,14445.162845206842
hrv,2054,3750.931683442997
hti,2054,14325.365963992326
hun,2054,8394.636630565827
idn,2054,325204.81891613005
imn,2054,70.1999304204227
ind,2054,1567636
irl,2054,5341.973668373983
irn,2054,90208.96083711572
irq,2054,66957.53372559305
isl,2054,408.88999681754467
isr,2054,14178.85968739951
ita,2054,50703.254295579725
jam,2054,3141.1734569720484
jor,2054,17493.134913594986
jpn,2054,115104.8
kaz,2054,20464.89668231529
ken,2054,68742.7575309303
kgz,2054,6563.944783572166
khm,2054,19544.26479582484
kir,2054,122.76193660197768
kna,2054,56.6837691095558
kor,2054,46223.8
kwt,2054,7019.321750744579
lao,2054,9789.617778378122
lbn,2054,7122.053447853332
lbr,2054,8738.031730309485
lby,2054,7405.350119161578
lca,2054,231.19253436600857
lie,2054,31.602366735387438
lka,2054,25647.99549626738
lso,2054,1965.5247511790528
ltu,2054,2305.177618599748
lux,2054,741.1020749031674
lva,2054,1592.3294526171405
mac,2054,897.2360697162877
mar,2054,31048.757684965247
mco,2054,31.81153105218424
mda,2054,2400.5172328030467
mdg,2054,39051.90163578887
mdv,2054,689.7168575896454
mex,2054,168173.18204815217
mhl,2054,63.56551768215087
mkd,2054,2227.953896593512
mli,2054,29915.122993746412
mlt,2054,379.85286804329
mmr,2054,56456.30931646707
mne,2054,650.0606607494494
mng,2054,4090.8796137542026
mnp,2054,61.729566606493414
moz,2054,36785.13185380442
mrt,2054,5472.099113538885
msr,2054,5.498667678986848
mtq,2054,337.36996625165267
mus,2054,1124.5299629513474
mwi,2054,34001.626424839946
mys,2054,48113.08583957501
myt,2054,386.4378551449101
nam,2054,2576.7745687710526
ncl,2054,438.62427763332903
ner,2054,48752.18093784703
nga,2054,324196.7597708731
nic,2054,7885.482641624047
niu,2054,1.264344920422169
nld,2054,15746.530509745964
nor,2054,6189.635434521064
npl,2054,46858.47754448439
nru,2054,11.490464146203319
nzl,2054,4723.138787369034
omn,2054,6881.658961591294
pak,2054,348856.87047053454
pan,2054,6028.153670454773
per,2054,37360.2704702145
phl,2054,169945.31138646524
plw,2054,19.549171640439337
png,2054,13948.402843856416
pol,2054,33029.38736907507
pri,2054,2846.538507950128
prk,2054,26415.38130450157
prt,2054,9150.491331859965
pry,2054,10519.705553092472
pse,2054,6035.726452226259
pyf,2054,381.7951714092323
qat,2054,4171.843654932529
reu,2054,914.709943549344
rom,2054,15648.525308318525
rus,2054,133978.56807674098
rwa,2054,18164.2649469799
sau,2054,55521.35252158365
sdn,2054,54337.21475376713
sen,2054,21113.927553224526
sgp,2054,7351.81742377933
shn,2054,4.7572684475569655
slb,2054,1105.9670537387894
sle,2054,10301.740673868175
slv,2054,6624.365993612553
smr,2054,28.06175463089968
som,2054,18004.321680998164
spm,2054,4.7202418480924395
srb,2054,8433.155584929478
stp,2054,193.98573462500846
sur,2054,748.6780935505267
svk,2054,5191.784005457345
svn,2054,2135.342965079933
swe,2054,10820.655426379262
swz,2054,1106.9280771601932
syc,2054,77.03935935414586
syr,2054,26802.06545330505
tca,2054,39.832406232660716
tcd,2054,23634.596617714244
tgo,2054,9479.647977811072
tha,2054,77571.07038755532
tjk,2054,9011.801471745895
tkl,2054,0.9777392466760689
tkm,2054,6443.365694712151
tls,2054,2249.856982093326
ton,2054,109.00162425138772
tto,2054,1348.7346508184125
tun,2054,10490.13620954839
tur,2054,82980.23689312067
tuv,2054,12.282833627921665
twn,2054,26070.147822739993
tza,2054,87280.83247634531
uga,2054,79112.77303613606
ukr,2054,37996.23149320087
ury,2054,3645.5833209703396
usa,2054,445105.26149204985
uzb,2054,34616.40713687006
vct,2054,112.83664346218261
ven,2054,45142.912735877806
vgb,2054,32.27243007405368
vir,2054,121.64846977036008
vnm,2054,110352.74419007033
vut,2054,500.3444277674137
wlf,2054,9.579033226620338
wsm,2054,192.35188589407412
yem,2054,54490.54797054271
zaf,2054,54357.26043171314
zmb,2054,27254.346220966843
zwe,2054,11402.103815086979
abw,2055,156.1234200139339
afg,2055,86010.95028459521
ago,2055,47745.96747093683
aia,2055,15.864081244596434
alb,2055,2703.739098141924
and,2055,65.55854298104693
ant,2055,222.96705657936928
are,2055,16065.454236630818
arg,2055,56572.99319657872
arm,2055,2291.59853919621
asm,2055,61.8458446640006
atg,2055,103.95256150514113
aus,2055,28903.053369971552
aut,2055,7866.697618982988
aze,2055,10483.456782290059
bdi,2055,14959.179013444334
bel,2055,10989.895090400589
ben,2055,17080.66871006024
bfa,2055,31862.33430023733
bgd,2055,215800.78684970902
bgr,2055,5919.217230282583
bhr,2055,2740.100289978273
bhs,2055,553.1600386279978
bih,2055,2813.437543665121
blr,2055,7756.767960484226
blz,2055,534.1428662104382
bmu,2055,53.525204388468815
bol,2055,16441.054335559802
bra,2055,258091.57280016848
brb,2055,300.2862647383406
brn,2055,686.8482873580596
btn,2055,1300.0696496756261
bwa,2055,2261.5411599131967
caf,2055,5771.057612887544
can,2055,38625.303018008766
che,2055,8198.942489690222
chi,2055,138.9855229508716
chl,2055,22890.417775911483
chn,2055,1339860.9296733015
civ,2055,27413.896127820935
cmr,2055,29759.321390869005
cod,2055,125969.24490520738
cog,2055,7036.541504198325
cok,2055,13.661277240618855
col,2055,69277.45526836842
com,2055,1013.2450855897584
cpv,2055,468.6843774754928
cri,2055,7393.235575444642
cub,2055,9769.332089336736
cym,2055,68.57584920102741
cyp,2055,1341.6612914214932
cze,2055,11173.184966439245
deu,2055,65297.81162996915
dji,2055,1075.2216544829707
dma,2055,79.0848725564891
dnk,2055,5639.437006116019
dom,2055,14380.466685309979
dza,2055,42285.2879473617
ecu,2055,23747.208492234902
egy,2055,108754.76695682057
eri,2055,5440.782212631212
esh,2055,426.1189098912325
esp,2055,43413.43469887164
est,2055,1192.6215811718773
eth,2055,146299.19082940771
fin,2055,5256.894630073613
fji,2055,1030.947044989506
flk,2055,3.1485962775534904
fra,2055,65064.47101459365
fro,2055,40.380889217960096
fsm,2055,111.40624821996003
gab,2055,2255.5881607009346
gbr,2055,67304.78940069581
geo,2055,2802.319395366401
gha,2055,40072.296115001096
gib,2055,28.35091212788708
gin,2055,13380.07222618218
glp,2055,486.1284346679312
gmb,2055,2920.041659342624
gnb,2055,2160.3272762764154
gnq,2055,1795.9776006040513
grc,2055,8721.311925329812
grd,2055,131.22504761783404
grl,2055,47.37785668229456
gtm,2055,29151.141757874888
guf,2055,467.60496192041677
gum,2055,229.4012243287806
guy,2055,795.0662624656338
hkg,2055,10210.249259750217
hnd,2055,14557.411529001003
hrv,2055,3730.2010175964933
hti,2055,14384.097384293918
hun,2055,8341.24227782392
idn,2055,325172.7950535288
imn,2055,69.94782487706169
ind,2055,1569150
irl,2055,5349.951617203931
irn,2055,90268.55962624548
irq,2055,67707.28240177505
isl,2055,410.2604043983894
isr,2055,14350.000452481487
ita,2055,50425.25225381871
jam,2055,3138.8688744095493
jor,2055,17693.872442549564
jpn,2055,114698
kaz,2055,20482.350991920004
ken,2055,69181.82260480401
kgz,2055,6553.544547286841
khm,2055,19627.835374905208
kir,2055,122.92266087181228
kna,2055,56.88693549737876
kor,2055,46156
kwt,2055,7087.962339491723
lao,2055,9824.393187120335
lbn,2055,7124.032137103389
lbr,2055,8836.51178704997
lby,2055,7423.986044229983
lca,2055,231.99860573758386
lie,2055,31.48887471638394
lka,2055,25656.085047380013
lso,2055,1963.8669384318641
ltu,2055,2288.8708175582674
lux,2055,744.1924245556487
lva,2055,1583.2905773936304
mac,2055,902.0595073577288
mar,2055,30945.940517674102
mco,2055,31.697287871699217
mda,2055,2362.733518659568
mdg,2055,39406.148557788685
mdv,2055,693.1238104640171
mex,2055,169013.680101092
mhl,2055,63.64873990639165
mkd,2055,2225.3805821526635
mli,2055,30198.792179922413
mlt,2055,378.1613988254932
mmr,2055,56236.52687017783
mne,2055,648.5393387566335
mng,2055,4115.655719823372
mnp,2055,61.81038513864319
moz,2055,36996.551178269336
mrt,2055,5501.49234047682
msr,2055,5.518376044674731
mtq,2055,335.91183051246003
mus,2055,1122.2777127044665
mwi,2055,34491.3376148578
mys,2055,48399.59523847664
myt,2055,389.98514394503684
nam,2055,2581.397846590255
ncl,2055,441.86378820255464
ner,2055,49658.62630509381
nga,2055,328356.3693795277
nic,2055,7905.2930327746435
niu,2055,1.257682693765605
nld,2055,15709.642521762747
nor,2055,6211.542928075523
npl,2055,47211.95449694821
nru,2055,11.505507868313593
nzl,2055,4718.52652453858
omn,2055,6939.067029305257
pak,2055,351575.547289689
pan,2055,6070.908502055915
per,2055,37429.56090647603
phl,2055,171100.21355725726
plw,2055,19.574766107460235
png,2055,14044.171623474485
pol,2055,32799.52384937457
pri,2055,2821.8070234348857
prk,2055,26412.9938521506
prt,2055,9116.965320695568
pry,2055,10602.089774522372
pse,2055,6041.128034755844
pyf,2055,383.2535717607042
qat,2055,4200.29761507629
reu,2055,916.5830877279624
rom,2055,15482.866930696937
rus,2055,133777.11165527545
rwa,2055,18325.652867942026
sau,2055,56065.007338262156
sdn,2055,54651.43728596603
sen,2055,21251.608752509783
sgp,2055,7370.297433154622
shn,2055,4.749356550374899
slb,2055,1115.019707356236
sle,2055,10370.046122680786
slv,2055,6615.563909872499
smr,2055,27.960977837297218
som,2055,18080.1710174097
spm,2055,4.69698199123676
srb,2055,8402.65507655419
stp,2055,193.6050455988751
sur,2055,752.5244926791264
svk,2055,5167.300947070848
svn,2055,2131.71114144486
swe,2055,10851.455560776914
swz,2055,1107.7815391690829
syc,2055,76.91123383486908
syr,2055,26986.332874005948
tca,2055,39.97517384003252
tcd,2055,23866.333774853432
tgo,2055,9523.30900968451
tha,2055,77402.37075542612
tjk,2055,8985.772676274864
tkl,2055,0.9725872344623455
tkm,2055,6439.759386114864
tls,2055,2267.728698195658
ton,2055,108.5829429540437
tto,2055,1343.2755674782302
tun,2055,10468.598447881584
tur,2055,82820.04304957867
tuv,2055,12.298914748185744
twn,2055,26104.27978244405
tza,2055,88166.21574267019
uga,2055,80279.18497476281
ukr,2055,37894.44386956791
ury,2055,3644.952412689046
usa,2055,447834.1929765651
uzb,2055,34571.35770143982
vct,2055,112.76232507264797
ven,2055,45447.10086539271
vgb,2055,32.38810115851778
vir,2055,121.9348394973547
vnm,2055,110542.58537981937
vut,2055,504.671314129515
wlf,2055,9.528558321018474
wsm,2055,191.2006565709578
yem,2055,55201.903182338705
zaf,2055,54367.090213014955
zmb,2055,27543.45902574674
zwe,2055,11354.803143287
abw,2056,157.38471588936966
afg,2056,87221.31746928868
ago,2056,48086.645091406164
aia,2056,15.934082370078684
alb,2056,2687.666974218941
and,2056,65.28236447246384
ant,2056,223.95091090193438
are,2056,16166.409678367938
arg,2056,56852.71754162015
arm,2056,2272.0940862058815
asm,2056,61.920880032092846
atg,2056,104.41125786391079
aus,2056,28945.722723947092
aut,2056,7831.056649160287
aze,2056,10461.51260290573
bdi,2056,15019.039847436745
bel,2056,10966.950698335624
ben,2056,17187.93381031162
bfa,2056,32130.586847262843
bgd,2056,215852.02291767512
bgr,2056,5887.719669346296
bhr,2056,2767.0509488605826
bhs,2056,557.0823847277512
bih,2056,2787.737309484383
blr,2056,7714.8343493586135
blz,2056,537.2385305297864
bmu,2056,53.29971873171945
bol,2056,16547.925566159032
bra,2056,258750.25936848542
brb,2056,300.1343901696525
brn,2056,691.3501385186256
btn,2056,1309.1056121701095
bwa,2056,2266.0472034021714
caf,2056,5782.59921225452
can,2056,38650.32688457378
che,2056,8181.016285431443
chi,2056,138.40001856505404
chl,2056,22964.3667027911
chn,2056,1334352.9738372671
civ,2056,27428.601738100406
cmr,2056,29817.192492255323
cod,2056,126774.8505166837
cog,2056,7067.469583391028
cok,2056,13.580139106600338
col,2056,69704.40009235678
com,2056,1015.0551579976916
cpv,2056,466.1729364860109
cri,2056,7447.562625863302
cub,2056,9692.253114097766
cym,2056,68.87844388337678
cyp,2056,1341.2566382343066
cze,2056,11155.828991129187
deu,2056,64864.12249862376
dji,2056,1075.3453742441475
dma,2056,79.43383887872476
dnk,2056,5636.814450914901
dom,2056,14454.576310148623
dza,2056,42187.79890264002
ecu,2056,23888.80670831243
egy,2056,108888.23220542
eri,2056,5474.322503459163
esh,2056,424.94170866996274
esp,2056,43218.132898720636
est,2056,1190.148158659383
eth,2056,146990.1031303586
fin,2056,5250.962567500987
fji,2056,1029.4149014277373
flk,2056,3.1624896307026393
fra,2056,64982.41232710908
fro,2056,40.2107766246601
fsm,2056,110.84210169097773
gab,2056,2256.884061181647
gbr,2056,67248.65230184761
geo,2056,2772.9636225894055
gha,2056,40265.63672499469
gib,2056,28.23147822541744
gin,2056,13374.777890445814
glp,2056,487.9421681507198
gmb,2056,2928.368884686351
gnb,2056,2163.4602027714063
gnq,2056,1806.8007916504343
grc,2056,8665.208675281494
grd,2056,131.64691632046154
grl,2056,47.178267960468304
gtm,2056,29438.743159994705
guf,2056,472.07241773724155
gum,2056,230.01441446674997
guy,2056,793.4020918317884
hkg,2056,10252.633369085244
hnd,2056,14668.418154153977
hrv,2056,3710.705839541882
hti,2056,14436.385579499947
hun,2056,8289.695363284478
idn,2056,324768.600601685
imn,2056,69.65315563832094
ind,2056,1569252
irl,2056,5350.550506137427
irn,2056,90195.29932304111
irq,2056,68403.38460710502
isl,2056,411.1130817613843
isr,2056,14515.823291093018
ita,2056,50093.089992762594
jam,2056,3137.1484167401354
jor,2056,17876.479668221684
jpn,2056,114258.6
kaz,2056,20490.70496039745
ken,2056,69475.66905363137
kgz,2056,6538.819143128077
khm,2056,19695.04828423659
kir,2056,123.07179857306781
kna,2056,57.137952209198055
kor,2056,46036.6
kwt,2056,7148.480654886957
lao,2056,9844.368797547839
lbn,2056,7119.850476728832
lbr,2056,8915.702744564796
lby,2056,7422.3991527528815
lca,2056,232.79405435808175
lie,2056,31.356221517263197
lka,2056,25644.81712355199
lso,2056,1958.6670997894132
ltu,2056,2272.1911618177146
lux,2056,746.2993177882739
lva,2056,1574.423918442837
mac,2056,905.9497190743687
mar,2056,30779.588245789222
mco,2056,31.56375669036919
mda,2056,2327.056826380068
mdg,2056,39683.307454494694
mdv,2056,695.4982883059607
mex,2056,169818.5559912599
mhl,2056,63.72596266328712
mkd,2056,2222.4955707122194
mli,2056,30411.721260041017
mlt,2056,376.1797357470911
mmr,2056,55981.75127988957
mne,2056,647.036985538182
mng,2056,4136.161148978772
mnp,2056,61.88537748495197
moz,2056,37142.32015813243
mrt,2056,5520.520497931298
msr,2056,5.542726180557519
mtq,2056,334.17965957198766
mus,2056,1118.310932330895
mwi,2056,34920.28072802788
mys,2056,48641.91115165702
myt,2056,392.77623695498653
nam,2056,2581.345939728161
ncl,2056,444.75982019917734
ner,2056,50477.228788236076
nga,2056,331874.22833673627
nic,2056,7923.470300584274
niu,2056,1.2502129656309535
nld,2056,15663.699586495783
nor,2056,6228.2064230368505
npl,2056,47498.96639559366
nru,2056,11.519467092618434
nzl,2056,4708.408147656158
omn,2056,6989.88310597789
pak,2056,353806.0920024087
pan,2056,6112.809979729591
per,2056,37492.53128219915
phl,2056,172096.5843185667
plw,2056,19.59851547636566
png,2056,14122.029898292723
pol,2056,32570.714586240276
pri,2056,2796.772559534096
prk,2056,26396.848039445482
prt,2056,9073.961115953258
pry,2056,10682.126102687262
pse,2056,6039.499696283149
pyf,2056,384.4092320167823
qat,2056,4222.32056468013
reu,2056,916.9567407314886
rom,2056,15315.223049235386
rus,2056,133587.0255966588
rwa,2056,18444.924117549253
sau,2056,56541.20423505133
sdn,2056,54842.18053878693
sen,2056,21346.2117807181
sgp,2056,7384.165240380484
shn,2056,4.73623592089433
slb,2056,1122.7414614134298
sle,2056,10417.625029972693
slv,2056,6607.954619353013
smr,2056,27.843186611219146
som,2056,18117.29965308589
spm,2056,4.673115426220902
srb,2056,8373.444401337401
stp,2056,192.8299450431803
sur,2056,756.4828530244982
svk,2056,5141.660298526427
svn,2056,2128.470961404938
swe,2056,10872.15314424158
swz,2056,1106.6320684986206
syc,2056,76.69875793601052
syr,2056,27144.400590108668
tca,2056,40.15156647929134
tcd,2056,24042.431252261063
tgo,2056,9545.739712441244
tha,2056,77190.38381712325
tjk,2056,8953.748400132006
tkl,2056,0.9668107677393167
tkm,2056,6430.001256145566
tls,2056,2281.760056985632
ton,2056,108.10355829452439
tto,2056,1338.0756453142158
tun,2056,10422.979778290586
tur,2056,82529.76250030664
tuv,2056,12.313836584895695
twn,2056,26135.951178524094
tza,2056,88851.99643604535
uga,2056,81301.61957092538
ukr,2056,37806.85206313308
ury,2056,3645.6522233210653
usa,2056,450618.02744046587
uzb,2056,34490.423854045395
vct,2056,112.74208001473777
ven,2056,45745.67275244764
vgb,2056,32.531015424927084
vir,2056,122.33087630380138
vnm,2056,110642.96869007207
vut,2056,508.46611228172833
wlf,2056,9.471965556781516
wsm,2056,189.95318397678994
yem,2056,55838.31315959372
zaf,2056,54286.82604591296
zmb,2056,27777.686096283633
zwe,2056,11289.692792944832
abw,2057,158.65132716471
afg,2057,88433.99587222263
ago,2057,48427.05624597999
aia,2057,16.00411236255015
alb,2057,2671.592701682187
and,2057,65.00665892320836
ant,2057,224.93517094529216
are,2057,16267.355157647115
arg,2057,57132.80934504342
arm,2057,2252.6028159502384
asm,2057,61.995656504774736
atg,2057,104.87014337939402
aus,2057,28988.21720541455
aut,2057,7795.493556325669
aze,2057,10439.568483437642
bdi,2057,15079.07237326274
bel,2057,10943.88834047725
ben,2057,17295.18311193122
bfa,2057,32398.438883979932
bgd,2057,215901.84699700234
bgr,2057,5856.199907309907
bhr,2057,2794.0190883329074
bhs,2057,561.0187596868356
bih,2057,2762.0774172282727
blr,2057,7672.923792388944
blz,2057,540.3416602058558
bmu,2057,53.07461922212236
bol,2057,16655.128421883535
bra,2057,259405.1950132544
brb,2057,299.9700800835228
brn,2057,695.8579747480836
btn,2057,1318.1541466802746
bwa,2057,2270.603938147098
caf,2057,5794.2699329604175
can,2057,38675.350479435605
che,2057,8163.008904125116
chi,2057,137.8155168631964
chl,2057,23038.119458300815
chn,2057,1328838.3710895635
civ,2057,27444.13910377449
cmr,2057,29875.738381310868
cod,2057,127580.2605184843
cog,2057,7098.463341437258
cok,2057,13.500112297935553
col,2057,70132.5367971339
com,2057,1016.8890783102645
cpv,2057,463.69075574854264
cri,2057,7502.093906637584
cub,2057,9614.13547911099
cym,2057,69.1811633493974
cyp,2057,1340.8173420506341
cze,2057,11138.231411353861
deu,2057,64432.24414534201
dji,2057,1075.5041832362285
dma,2057,79.78294910731894
dnk,2057,5634.0540648871665
dom,2057,14528.805759635592
dza,2057,42092.24699749982
ecu,2057,24030.77171513612
egy,2057,109024.58818335243
eri,2057,5507.861176927155
esh,2057,423.78508878707623
esp,2057,43023.24915187532
est,2057,1187.674722371275
eth,2057,147682.12036347282
fin,2057,5244.931480193049
fji,2057,1027.8717207100535
flk,2057,3.1763887131778916
fra,2057,64899.20097123962
fro,2057,40.04095535141306
fsm,2057,110.27579980348466
gab,2057,2258.247929855919
gbr,2057,67191.08003200566
geo,2057,2743.6288993617145
gha,2057,40459.257689875
gib,2057,28.1122488550763
gin,2057,13369.957407040807
glp,2057,489.75387379401445
gmb,2057,2936.747902302588
gnb,2057,2166.64792885598
gnq,2057,1817.6248005148257
grc,2057,8609.3318938735
grd,2057,132.06764229650693
grl,2057,46.9790210369527
gtm,2057,29727.794950634783
guf,2057,476.5618565829013
gum,2057,230.62745307557384
guy,2057,791.6939023479388
hkg,2057,10295.047184920393
hnd,2057,14779.862386161276
hrv,2057,3691.1949909818995
hti,2057,14488.60165559388
hun,2057,8238.151132448867
idn,2057,324361.11585303483
imn,2057,69.35899102452635
ind,2057,1569354
irl,2057,5350.9925664054745
irn,2057,90120.7207120058
irq,2057,69099.97818875837
isl,2057,411.94691846452395
isr,2057,14681.786318700344
ita,2057,49762.30286969171
jam,2057,3135.296803175264
jor,2057,18059.216675601616
jpn,2057,113819.2
kaz,2057,20499.01317488746
ken,2057,69770.21694315034
kgz,2057,6524.094678475206
khm,2057,19763.486223819436
kir,2057,123.22042170276394
kna,2057,57.389072435020324
kor,2057,45917.2
kwt,2057,7209.026063789963
lao,2057,9864.322738802042
lbn,2057,7115.56792841881
lbr,2057,8994.756522483325
lby,2057,7421.067827406513
lca,2057,233.58791875516724
lie,2057,31.223795488490307
lka,2057,25633.33940490992
lso,2057,1953.5608870821934
ltu,2057,2255.5221645043166
lux,2057,748.36730340598206
lva,2057,1565.5622403944687
mac,2057,909.8429070724351
mar,2057,30615.17082610491
mco,2057,31.430454182943084
mda,2057,2291.40766499898
mdg,2057,39960.26827092754
mdv,2057,697.8735684691118
mex,2057,170624.25885844394
mhl,2057,63.802918977599006
mkd,2057,2219.5597261800094
mli,2057,30624.495661479184
mlt,2057,374.20408302270243
mmr,2057,55725.96014447615
mne,2057,645.5229563039567
mng,2057,4156.980778373661
mnp,2057,61.96011108428894
moz,2057,37288.52615513885
mrt,2057,5539.628056466571
msr,2057,5.5670863579232845
mtq,2057,332.4525901933942
mus,2057,1114.403073617022
mwi,2057,35348.03602820557
mys,2057,48884.467879370364
myt,2057,395.56510740641846
nam,2057,2581.3801747565144
ncl,2057,447.65970226757355
ner,2057,51293.026759783745
nga,2057,335383.8586443858
nic,2057,7941.515114524553
niu,2057,1.2428455481836496
nld,2057,15617.699051733458
nor,2057,6244.55295669487
npl,2057,47786.33551148209
nru,2057,11.533378153247979
nzl,2057,4698.462575392613
omn,2057,7040.709091092434
pak,2057,356039.52201611456
pan,2057,6154.855349304788
per,2057,37554.67152361288
phl,2057,173094.14391487895
plw,2057,19.622182902545074
png,2057,14199.976273838905
pol,2057,32342.039756797385
pri,2057,2771.5993692791876
prk,2057,26381.39766383199
prt,2057,9031.061513946921
pry,2057,10762.474024539672
pse,2057,6037.789584978105
pyf,2057,385.5649560494563
qat,2057,4244.332293644786
reu,2057,917.3588459696296
rom,2057,15147.925507413305
rus,2057,133396.85976879878
rwa,2057,18564.155620239293
sau,2057,57017.610518629765
sdn,2057,55033.703199359676
sen,2057,21441.006667110134
sgp,2057,7398.014091153226
shn,2057,4.723344683050689
slb,2057,1130.4739302738865
sle,2057,10465.289849600129
slv,2057,6600.03388891554
smr,2057,27.725597104164653
som,2057,18154.827533693006
spm,2057,4.6495205643926845
srb,2057,8344.128677466088
stp,2057,192.06550333067503
sur,2057,760.4481889780207
svk,2057,5115.991466159642
svn,2057,2125.1843486746316
swe,2057,10892.36806487738
swz,2057,1105.5257008470605
syc,2057,76.48999681275164
syr,2057,27302.428878239123
tca,2057,40.32803185915798
tcd,2057,24218.363927290397
tgo,2057,9568.365062758598
tha,2057,76977.3340523245
tjk,2057,8921.736008506754
tkl,2057,0.9611134195960033
tkm,2057,6420.239830462712
tls,2057,2295.8091665079037
ton,2057,107.62224308750937
tto,2057,1332.780359773287
tun,2057,10377.9576352319
tur,2057,82239.5843411165
tuv,2057,12.328706936617479
twn,2057,26167.513298414884
tza,2057,89536.97644776014
uga,2057,82321.15852592864
ukr,2057,37719.26787883591
ury,2057,3646.2234439651493
usa,2057,453402.0006307208
uzb,2057,34409.497876625595
vct,2057,112.71748856997515
ven,2057,46045.18905286866
vgb,2057,32.67398862616864
vir,2057,122.7258867491655
vnm,2057,110747.76424441156
vut,2057,512.266484262909
wlf,2057,9.416147927128256
wsm,2057,188.70133778408956
yem,2057,56475.259500160835
zaf,2057,54208.807102216764
zmb,2057,28011.55423056865
zwe,2057,11225.314551157113
abw,2058,159.92325712857144
afg,2058,89648.9735523621
ago,2058,48767.20786214742
aia,2058,16.074171239870726
alb,2058,2655.5162559365617
and,2058,64.7314251193963
ant,2058,225.91983696046051
are,2058,16368.290838946261
arg,2058,57413.26883419355
arm,2058,2233.124793669879
asm,2058,62.07017541964347
atg,2058,105.32921816862135
aus,2058,29030.540382703322
aut,2058,7760.00814060223
aze,2058,10417.62442418233
bdi,2058,15139.272127336824
bel,2058,10920.708319593172
ben,2058,17402.41702564646
bfa,2058,32665.90082271844
bgd,2058,215950.26638280685
bgr,2058,5824.657690038296
bhr,2058,2821.0044197946877
bhs,2058,564.9691721848501
bih,2058,2736.4583286892025
blr,2058,7631.036403668923
blz,2058,543.4522598574328
bmu,2058,52.84990486860302
bol,2058,16762.663107908433
bra,2058,260056.37741379417
brb,2058,299.79332678614736
brn,2058,700.3717651242488
btn,2058,1327.215188252116
bwa,2058,2275.2100462940593
caf,2058,5806.066418152876
can,2058,38700.373807207696
che,2058,8144.920554117978
chi,2058,137.23201527183807
chl,2058,23111.67592107019
chn,2058,1323316.9592379942
civ,2058,27460.486601151235
cmr,2058,29934.94151513687
cod,2058,128385.47999600254
cog,2058,7129.521070840667
cok,2058,13.421174137675482
col,2058,70561.86612011163
com,2058,1018.746226537818
cpv,2058,461.23707456507475
cri,2058,7556.829544123985
cub,2058,9534.97854176182
cym,2058,69.4840076762925
cyp,2058,1340.3434917842237
cze,2058,11120.389461476512
deu,2058,64002.17192263145
dji,2058,1075.6971692214029
dma,2058,80.13220333130596
dnk,2058,5631.1562017855695
dom,2058,14603.15510790592
dza,2058,41998.58187084955
ecu,2058,24173.103739637947
egy,2058,109163.75973842648
eri,2058,5541.398275082755
esh,2058,422.6485151759846
esp,2058,42828.782385371735
est,2058,1185.2012722393802
eth,2058,148375.21380310235
fin,2058,5238.801622303921
fji,2058,1026.3175598605208
flk,2058,3.19029352852396
fra,2058,64814.83990539172
fro,2058,39.87142465052507
fsm,2058,109.70735369325791
gab,2058,2259.6779997099266
gbr,2058,67132.07627463974
geo,2058,2714.315329856347
gha,2058,40653.15172107165
gib,2058,27.993223491917217
gin,2058,13365.598456916496
glp,2058,491.56355034319927
gmb,2058,2945.1773657135695
gnb,2058,2169.8890298691676
gnq,2058,1828.4496059358737
grc,2058,8553.68099985774
grd,2058,132.48722483896995
grl,2058,46.78011503449777
gtm,2058,30018.298027144665
guf,2058,481.07329205820747
gum,2058,231.2403409381359
guy,2058,789.9416667798006
hkg,2058,10337.490553775413
hnd,2058,14891.744495768506
hrv,2058,3671.6682925368873
hti,2058,14540.745567955923
hun,2058,8186.609616037329
idn,2058,323950.357807076
imn,2058,69.06532974052163
ind,2058,1569456
irl,2058,5351.278200520148
irn,2058,90044.8455581019
irq,2058,69797.0550342238
isl,2058,412.76196286372004
isr,2058,14847.887220815051
ita,2058,49432.88735521525
jam,2058,3133.313952569313
jor,2058,18242.081322022914
jpn,2058,113379.8
kaz,2058,20507.275408956175
ken,2058,70065.44803754601
kgz,2058,6509.371157977792
khm,2058,19833.179085783602
kir,2058,123.36853291946267
kna,2058,57.64029623888934
kor,2058,45797.8
kwt,2058,7269.59811889309
lao,2058,9884.2551228379
lbn,2058,7111.186157810177
lbr,2058,9073.676687153727
lby,2058,7419.985424070112
lca,2058,234.38019794868785
lie,2058,31.091596047016186
lka,2058,25621.65297537011
lso,2058,1948.5458662551966
ltu,2058,2238.8638783660226
lux,2058,750.3964812679718
lva,2058,1556.7055678987274
mac,2058,913.7390559748073
mar,2058,30452.63795699614
mco,2058,31.29737976251285
mda,2058,2255.7861707651464
mdg,2058,40237.03615671035
mdv,2058,700.2496468082335
mex,2058,171430.7892142914
mhl,2058,63.87961022591738
mkd,2058,2216.5724666716415
mli,2058,30837.1194055203
mlt,2058,372.23442522632047
mmr,2058,55469.15871080681
mne,2058,643.9971173990665
mng,2058,4178.122274850838
mnp,2058,62.034587273484426
moz,2058,37435.15780786652
mrt,2058,5558.812951840526
msr,2058,5.591456582984655
mtq,2058,330.73060928315317
mus,2058,1110.5526047377145
mwi,2058,35774.63439574637
mys,2058,49127.26417743527
myt,2058,398.3518130806478
nam,2058,2581.4983121879427
ncl,2058,450.5634145161373
ner,2058,52106.093130469024
nga,2058,338885.47422809
nic,2058,7959.427392646813
niu,2058,1.2355783537414198
nld,2058,15571.641065309026
nor,2058,6260.583342553609
npl,2058,48074.05999903109
nru,2058,11.547241299042467
nzl,2058,4688.686281614472
omn,2058,7091.544821062768
pak,2058,358275.8224237419
pan,2058,6197.044699806848
per,2058,37615.98111711654
phl,2058,174092.88620401316
plw,2058,19.645768809360025
png,2058,14278.010294935808
pol,2058,32113.500899903043
pri,2058,2746.2892833292417
prk,2058,26366.659694765225
prt,2058,8988.266246206098
pry,2058,10843.133732861355
pse,2058,6035.999050891566
pyf,2058,386.72074352922067
qat,2058,4266.3329872204595
reu,2058,917.7886637509317
rom,2058,14980.978269766847
rus,2058,133206.61377692196
rwa,2058,18683.34840933889
sau,2058,57494.22273206927
sdn,2058,55225.98500490842
sen,2058,21535.988423822517
sgp,2058,7411.844083412395
shn,2058,4.710676873198742
slb,2058,1138.2170585789902
sle,2058,10513.038348043614
slv,2058,6591.801525873465
smr,2058,27.60820879840733
som,2058,18192.74427979803
spm,2058,4.626192792302763
srb,2058,8314.706702452455
stp,2058,191.31144335640354
sur,2058,764.4205048554747
svk,2058,5090.294127351392
svn,2058,2121.85077174077
swe,2058,10912.101561473255
swz,2058,1104.4613156368755
syc,2058,76.28485388962834
syr,2058,27460.418389344173
tca,2058,40.50457002463678
tcd,2058,24394.136084417238
tgo,2058,9591.180000255943
tha,2058,76763.22695218083
tjk,2058,8889.735560214905
tkl,2058,0.9554935755924999
tkm,2058,6410.475092756011
tls,2058,2309.875935052344
ton,2058,107.1390073072774
tto,2058,1327.3896518545093
tun,2058,10333.516510412981
tur,2058,81949.50830921676
tuv,2058,12.343526069351087
twn,2058,26198.96670669778
tza,2058,90221.17659366218
uga,2058,83337.87711965996
ukr,2058,37631.69135439791
ury,2058,3646.6659950631956
usa,2058,456186.1107166708
uzb,2058,34328.579808128525
vct,2058,112.68854804926819
ven,2058,46345.65035096052
vgb,2058,32.817020798705194
vir,2058,123.11987019844166
vnm,2058,110857.07970660616
vut,2058,516.0724012755661
wlf,2058,9.36108961518978
wsm,2058,187.4451405892917
yem,2058,57112.73334880389
zaf,2058,54132.97501137701
zmb,2058,28245.07276010356
zwe,2058,11161.649384816314
abw,2059,161.2005090722838
afg,2059,90866.23865078947
ago,2059,49107.10662932931
aia,2059,16.144259019915033
alb,2059,2639.437612010147
and,2059,64.45666185129394
ant,2059,226.9049091986643
are,2059,16469.216883142453
arg,2059,57694.09623660315
arm,2059,2213.6600850366117
asm,2059,62.14443810509781
atg,2059,105.78848234871981
aus,2059,29072.695727714872
aut,2059,7724.600202796477
aze,2059,10395.680425438259
bdi,2059,15199.63479946789
bel,2059,10897.41093741589
ben,2059,17509.635948069823
bfa,2059,32932.98271798091
bgd,2059,215997.2883200372
bgr,2059,5793.0927595027315
bhr,2059,2848.00666096356
bhs,2059,568.9336309085543
bih,2059,2710.8805127347455
blr,2059,7589.172298046347
blz,2059,546.5703341071139
bmu,2059,52.625574683475584
bol,2059,16870.529829578143
bra,2059,260703.80424750864
brb,2059,299.6041225773733
brn,2059,704.8914789375857
btn,2059,1336.2886723783129
bwa,2059,2279.864255278158
caf,2059,5817.985426340233
can,2059,38725.39687239964
che,2059,8126.751443044408
chi,2059,136.64951122631743
chl,2059,23185.035969628654
chn,2059,1317788.5707701924
civ,2059,27477.62334965273
cmr,2059,29994.784953709153
cod,2059,129190.51385986856
cog,2059,7160.641122784275
cok,2059,13.343302561676802
col,2059,70992.38879931028
com,2059,1020.6260039970927
cpv,2059,458.81115837953973
cri,2059,7611.769664783258
cub,2059,9454.781658905435
cym,2059,69.78697694132892
cyp,2059,1339.8351760448113
cze,2059,11102.300333487861
deu,2059,63573.901198890264
dji,2059,1075.9234513115819
dma,2059,80.48160163979352
dnk,2059,5628.121214153319
dom,2059,14677.624429155807
dza,2059,41906.754892293524
ecu,2059,24315.803008937088
egy,2059,109305.67430111095
eri,2059,5574.933838528538
esh,2059,421.53147115805564
esp,2059,42634.731529914585
est,2059,1182.727808195072
eth,2059,149069.35571077716
fin,2059,5232.5732471187275
fji,2059,1024.7524755110594
flk,2059,3.2042040802884797
fra,2059,64729.3320778566
fro,2059,39.7021837768587
fsm,2059,109.13677441949517
gab,2059,2261.1725644545727
gbr,2059,67071.64470062521
geo,2059,2685.023018934846
gha,2059,40847.311780491385
gib,2059,27.874401612788613
gin,2059,13361.68914437543
glp,2059,493.3711965426229
gmb,2059,2953.655974714224
gnb,2059,2173.1821301095247
gnq,2059,1839.275187382886
grc,2059,8498.255413973508
grd,2059,132.90566324026688
grl,2059,46.58154907885295
gtm,2059,30310.253287614258
guf,2059,485.60673777519276
gum,2059,231.8530788319359
guy,2059,788.1453578706179
hkg,2059,10379.96332322552
hnd,2059,15004.06475394464
hrv,2059,3652.1255620789043
hti,2059,14592.817271929449
hun,2059,8135.070845240786
idn,2059,323536.3433464025
imn,2059,68.77217049557883
ind,2059,1569558
irl,2059,5351.407809617263
irn,2059,89967.69514980107
irq,2059,70494.60720859362
isl,2059,413.5582631495469
isr,2059,15014.123733618786
ita,2059,49104.83993201007
jam,2059,3131.199783709706
jor,2059,18425.071511727536
jpn,2059,112940.4
kaz,2059,20515.491434673113
ken,2059,70361.34472769058
kgz,2059,6494.648586316125
khm,2059,19904.15774277004
kir,2059,123.51613486344336
kna,2059,57.891623684901575
kor,2059,45678.4
kwt,2059,7330.196382681398
lao,2059,9904.166060840478
lbn,2059,7106.706794074749
lbr,2059,9152.466682364013
lby,2059,7419.145526953008
lca,2059,235.17089095768196
lie,2059,30.95962261178531
lka,2059,25609.758911394954
lso,2059,1943.6196869015037
ltu,2059,2222.216356499414
lux,2059,752.3869508920051
lva,2059,1547.8539257687387
mac,2059,917.6381505101132
mar,2059,30291.94106549017
mco,2059,31.164532844177163
mda,2059,2220.192480827943
mdg,2059,40513.616084495654
mdv,2059,702.6265192065966
mex,2059,172238.14757087178
mhl,2059,63.95603777536575
mkd,2059,2213.5332013876327
mli,2059,31049.596375253393
mlt,2059,370.2707469846823
mmr,2059,55211.35218966858
mne,2059,642.4593331208853
mng,2059,4199.593556738169
mnp,2059,62.10880738017552
moz,2059,37582.204145337
mrt,2059,5578.073190750245
msr,2059,5.615836861959379
mtq,2059,329.0137037925075
mus,2059,1106.7580465101325
mwi,2059,36200.105649779674
mys,2059,49370.29881022644
myt,2059,401.13640977329254
nam,2059,2581.6981894967003
ncl,2059,453.4709371900558
ner,2059,52916.498305393245
nga,2059,342379.2816617521
nic,2059,7977.207052934764
niu,2059,1.2284093510380272
nld,2059,15525.525774550279
nor,2059,6276.298391335594
npl,2059,48362.13802535025
nru,2059,11.561056777130915
nzl,2059,4679.075835475975
omn,2059,7142.3901358840885
pak,2059,360514.9784207403
pan,2059,6239.378120334559
per,2059,37676.459548685554
phl,2059,175092.80508602774
plw,2059,19.669273617260675
png,2059,14356.131509536446
pol,2059,31885.099577991346
pri,2059,2720.8441002741074
prk,2059,26352.651658326362
prt,2059,8945.57504517827
pry,2059,10924.105420593132
pse,2059,6034.1294145183265
pyf,2059,387.87659412883653
qat,2059,4288.32282660175
reu,2059,918.2454798039813
rom,2059,14814.385361573104
rus,2059,133016.28722364566
rwa,2059,18802.503482663757
sau,2059,57971.037494122545
sdn,2059,55419.00638900244
sen,2059,21631.15223440348
sgp,2059,7425.655314424025
shn,2059,4.6982267326383
slb,2059,1145.9707913508228
sle,2059,10560.868368540207
slv,2059,6583.2573373811765
smr,2059,27.49102117799095
som,2059,18231.039868664775
spm,2059,4.603127600360842
srb,2059,8285.177255385319
stp,2059,190.56749753832554
sur,2059,768.3998049762017
svk,2059,5064.567954539709
svn,2059,2118.469690946833
swe,2059,10931.354868582512
swz,2059,1103.437830800008
syc,2059,76.08323591006318
syr,2059,27618.369760119764
tca,2059,40.68118102076915
tcd,2059,24569.751860878237
tgo,2059,9614.179638456339
tha,2059,76548.06797008125
tjk,2059,8857.747114461
tkl,2059,0.9499496649163742
tkm,2059,6400.707026607357
tls,2059,2323.9602715395126
ton,2059,106.65386085951526
tto,2059,1321.9034625082634
tun,2059,10289.641428495153
tur,2059,81659.53414271437
tuv,2059,12.358294247267267
twn,2059,26230.311964071625
tza,2059,90904.6169742473
uga,2059,84351.84804495823
ukr,2059,37544.12252778993
ury,2059,3646.9797969914516
usa,2059,458970.35589972587
uzb,2059,34247.66968775961
vct,2059,112.65525576130602
ven,2059,46647.05723151005
vgb,2059,32.96011197902956
vir,2059,123.51282601610039
vnm,2059,110971.02627197315
vut,2059,519.883834720246
wlf,2059,9.306775231520964
wsm,2059,186.1846148334382
yem,2059,57750.726044150346
zaf,2059,54059.27340879116
zmb,2059,28478.250695706243
zwe,2059,11098.678914901617
abw,2060,162.4830862898933
afg,2060,92085.77938999956
ago,2060,49446.7590090179
aia,2060,16.21437572057246
alb,2060,2623.356744546954
and,2060,64.18236791330028
ant,2060,227.89038791133595
are,2060,16570.13344760992
arg,2060,57975.2917799926
arm,2060,2194.208756157018
asm,2060,62.218445880416894
atg,2060,106.24793603691315
aus,2060,29114.68661915801
aut,2060,7689.269544395419
aze,2060,10373.736487505897
bdi,2060,15260.15622632595
bel,2060,10873.996494647108
ben,2060,17616.840262299986
bfa,2060,33199.69428168275
bgd,2060,216042.92000390452
bgr,2060,5761.504853705995
bhr,2060,2875.0255357034075
bhs,2060,572.9121445518779
bih,2060,2685.344445443645
blr,2060,7547.331591129355
blz,2060,549.6958875813117
bmu,2060,52.4016276824284
bol,2060,16978.728792406557
bra,2060,261347.47318988512
brb,2060,299.40245975069365
brn,2060,709.417085689382
btn,2060,1345.3745349943908
bwa,2060,2284.5653358945965
caf,2060,5830.023826478165
can,2060,38750.41967942007
che,2060,8108.501777829439
chi,2060,136.06800217073447
chl,2060,23258.199482405384
chn,2060,1312253.0326336776
civ,2060,27495.529180164947
cmr,2060,30055.252334200923
cod,2060,129995.36685339251
cog,2060,7191.821904631238
cok,2060,13.266476098040751
col,2060,71424.10557335916
com,2060,1022.527832403762
cpv,2060,456.4122976643969
cri,2060,7666.914395180522
cub,2060,9373.54418686626
cym,2060,70.09007122183728
cyp,2060,1339.29248313942
cze,2060,11083.961176191498
deu,2060,63147.42735833929
dji,2060,1076.182178633175
dma,2060,80.83114412196296
dnk,2060,5624.94945332925
dom,2060,14752.213797642673
dza,2060,41816.719088419406
ecu,2060,24458.86975034018
egy,2060,109450.26177453608
eri,2060,5608.46790648363
esh,2060,420.433457659447
esp,2060,42441.09551986155
est,2060,1180.2543301692713
eth,2060,149764.51929315994
fin,2060,5226.246607057309
fji,2060,1023.176523904804
flk,2060,3.218120372022014
fra,2060,64642.68042685337
fro,2060,39.53323198782212
fsm,2060,108.56407296547148
gab,2060,2262.7299759391453
gbr,2060,67009.78896829688
geo,2060,2655.752072152986
gha,2060,41041.731069849826
gib,2060,27.75578269632614
gin,2060,13358.217979042234
glp,2060,495.17681113559803
gmb,2060,2962.1824734013653
gnb,2060,2176.5259007498753
gnq,2060,1850.1015250247158
grc,2060,8443.054558939004
grd,2060,133.32295679223012
grl,2060,46.3833222987544
gtm,2060,30603.66163087466
guf,2060,490.16220735712443
gum,2060,232.46566752913603
guy,2060,786.3049483411409
hkg,2060,10422.465341892343
hnd,2060,15116.823431882292
hrv,2060,3632.5666146788803
hti,2060,14644.816722820986
hun,2060,8083.534851729875
idn,2060,323119.0892377077
imn,2060,68.47951200337947
ind,2060,1569660
irl,2060,5351.381793462257
irn,2060,89889.29031205313
irq,2060,71192.62694972986
isl,2060,414.335867347948
isr,2060,15180.493642584155
ita,2060,48778.15709476904
jam,2060,3128.954215316845
jor,2060,18608.185194589198
jpn,2060,112501
kaz,2060,20523.661022598797
ken,2060,70657.89000445207
kgz,2060,6479.92696820148
khm,2060,19976.45408846618
kir,2060,123.66323015685958
kna,2060,58.14305483720649
kor,2060,45559
kwt,2060,7390.820427166125
lao,2060,9924.055663231542
lbn,2060,7102.131430911762
lbr,2060,9231.129834561993
lby,2060,7418.541938869746
lca,2060,235.95999680037892
lie,2060,30.82787460372718
lka,2060,25597.65828205677
lso,2060,1938.7800786996036
ltu,2060,2205.579652352595
lux,2060,754.338811455867
lva,2060,1539.0073389819024
mac,2060,921.5401755118179
mar,2060,30133.03323364102
mco,2060,31.03191284503288
mda,2060,2184.6267332447346
mdg,2060,40790.012857502836
mdv,2060,705.0041815757328
mex,2060,173046.33444067728
mhl,2060,64.03220298368211
mkd,2060,2210.4413304420136
mli,2060,31261.930321458978
mlt,2060,368.3130329770444
mmr,2060,54952.54575607597
mne,2060,640.9094656796814
mng,2060,4221.402804245263
mnp,2060,62.18277272288494
moz,2060,37729.65457038594
mrt,2060,5597.406847810619
msr,2060,5.64022720107034
mtq,2060,327.3018607172776
mus,2060,1103.0179701516306
mwi,2060,36624.47859340772
mys,2060,49613.57055060128
myt,2060,403.91895137884677
nam,2060,2581.9777178407753
ncl,2060,456.38225067013457
ner,2060,53724.31029074489
nga,2060,345865.4804806826
nic,2060,7994.854013304429
niu,2060,1.2213365633303752
nld,2060,15479.3533262817
nor,2060,6291.698910993713
npl,2060,48650.56777013203
nru,2060,11.574824832945758
nzl,2060,4669.62789822194
omn,2060,7193.244879035434
pak,2060,362756.97530419385
pan,2060,6281.8557000602505
per,2060,37736.10630387124
phl,2060,176093.8945028576
plw,2060,19.69269774381073
png,2060,14434.339468697144
pol,2060,31656.837377526594
pri,2060,2695.2655873335716
prk,2060,26339.391660234185
prt,2060,8902.987644224948
pry,2060,11005.389280835056
pse,2060,6032.181967601545
pyf,2060,389.0325075233107
qat,2060,4310.301989038038
reu,2060,918.7286041947327
rom,2060,14648.150870017875
rus,2060,132825.87970895637
rwa,2060,18921.621804031023
sau,2060,58448.05149716353
sdn,2060,55612.74845189798
sen,2060,21726.493446512166
sgp,2060,7439.447880786395
shn,2060,4.685988698885356
slb,2060,1153.7350739888927
sle,2060,10608.77782781433
slv,2060,6574.401130433925
smr,2060,27.37403372872194
som,2060,18269.704619061737
spm,2060,4.580320579929425
srb,2060,8255.53909657588
stp,2060,189.8334074117226
sur,2060,772.3860936631082
svk,2060,5038.812615124722
svn,2060,2115.040558336388
swe,2060,10950.12921654092
swz,2060,1102.4542011377018
syc,2060,75.88505279500994
syr,2060,27776.283613398842
tca,2060,40.85786489263376
tcd,2060,24745.215252941973
tgo,2060,9637.359257379761
tha,2060,76331.86252197654
tjk,2060,8825.770730841536
tkl,2060,0.9444801589188572
tkm,2060,6390.935615489956
tls,2060,2338.0620855152306
ton,2060,106.16681358190623
tto,2060,1316.3217326362003
tun,2060,10246.317924394412
tur,2060,81369.66158061105
tuv,2060,12.3730117327232
twn,2060,26261.54962738597
tza,2060,91587.31700512707
uga,2060,85363.14151779922
ukr,2060,37456.56143723419
ury,2060,3647.1647700604585
usa,2060,461754.73441266647
uzb,2060,34166.76755498391
vct,2060,112.61760901255691
ven,2060,46949.410279786745
vgb,2060,33.103262203664706
vir,2060,123.90475356608788
vnm,2060,111089.71881337676
vut,2060,523.700756193833
wlf,2060,9.253189799759348
wsm,2060,184.91978280351088
yem,2060,58389.229113415044
zaf,2060,53987.647850367575
zmb,2060,28711.096741168978
zwe,2060,11036.38538862054
abw,2061,163.62543205278726
afg,2061,93203.99155756728
ago,2061,49772.019674811134
aia,2061,16.28755651522996
alb,2061,2604.6289597201244
and,2061,63.95129675753922
ant,2061,228.91893196197105
are,2061,16637.054338442093
arg,2061,58236.00333284145
arm,2061,2175.2684740312993
asm,2061,62.267760179475935
atg,2061,106.72746781315263
aus,2061,29130.628987690598
aut,2061,7652.37694667053
aze,2061,10343.531155516352
bdi,2061,15311.250946838845
bel,2061,10852.282132919669
ben,2061,17723.843870018623
bfa,2061,33465.69055074024
bgd,2061,215790.93013474392
bgr,2061,5725.893573121378
bhr,2061,2897.9770752812365
bhs,2061,576.2998354796421
bih,2061,2658.2951034822177
blr,2061,7501.865205214635
blz,2061,552.5652790914808
bmu,2061,52.21296987708384
bol,2061,17078.567075154617
bra,2061,261811.25054683982
brb,2061,299.12342074922327
brn,2061,712.485127320496
btn,2061,1351.8342827767563
bwa,2061,2288.9274122105508
caf,2061,5840.534885571074
can,2061,38787.03768184947
che,2061,8089.041833299121
chi,2061,135.5781263443056
chl,2061,23318.68515016519
chn,2061,1307207.095963631
civ,2061,27525.724917387117
cmr,2061,30113.403477961594
cod,2061,130791.43685576017
cog,2061,7221.652027302176
cok,2061,13.192668577140887
col,2061,71805.3073408118
com,2061,1024.7897190239553
cpv,2061,454.4061054541483
cri,2061,7714.258392104027
cub,2061,9294.524737768932
cym,2061,70.40641069725149
cyp,2061,1337.4737461591574
cze,2061,11049.044201324816
deu,2061,62747.77903224981
dji,2061,1076.3729672871677
dma,2061,81.19596158159632
dnk,2061,5623.879575428584
dom,2061,14818.837438798313
dza,2061,41722.24720590852
ecu,2061,24589.46287944599
egy,2061,109599.81738539846
eri,2061,5641.348407163733
esh,2061,419.7428116380253
esp,2061,42237.69554344771
est,2061,1177.0394380336822
eth,2061,150427.29298303177
fin,2061,5222.370725021177
fji,2061,1021.0336717826609
flk,2061,3.232644804549457
fra,2061,64580.44337774917
fro,2061,39.39090334050989
fsm,2061,108.01401342948479
gab,2061,2264.008435243189
gbr,2061,66960.67912198644
geo,2061,2628.295855794171
gha,2061,41245.6941585722
gib,2061,27.655855551298448
gin,2061,13364.893785713246
glp,2061,497.00634016274955
gmb,2061,2971.6429536442006
gnb,2061,2179.9697693636654
gnq,2061,1860.7153867375944
grc,2061,8388.572719842543
grd,2061,133.6802767115137
grl,2061,46.216331764748404
gtm,2061,30888.159129320262
guf,2061,494.35604220644336
gum,2061,232.82839579757572
guy,2061,784.7888562299069
hkg,2061,10446.054280732118
hnd,2061,15220.542671882904
hrv,2061,3610.3721835914007
hti,2061,14689.312016234238
hun,2061,8025.701774338041
idn,2061,322281.52255540044
imn,2061,68.2329701492997
ind,2061,1567564
irl,2061,5350.189399822779
irn,2061,89710.26805984967
irq,2061,71840.54888245654
isl,2061,415.0489115199516
isr,2061,15351.768488809234
ita,2061,48457.99658994422
jam,2061,3127.747848447857
jor,2061,18766.22692835935
jpn,2061,112015
kaz,2061,20513.1605964039
ken,2061,70976.75875881997
kgz,2061,6461.733158951744
khm,2061,20048.557890011525
kir,2061,123.761245551302
kna,2061,58.40547351000207
kor,2061,45452.2
kwt,2061,7440.711035832088
lao,2061,9928.901697738229
lbn,2061,7091.07853099923
lbr,2061,9306.752619180541
lby,2061,7417.294418615554
lca,2061,236.57777203800595
lie,2061,30.716887227506305
lka,2061,25564.47410517223
lso,2061,1934.4859695676137
ltu,2061,2188.330119813813
lux,2061,755.8921656404235
lva,2061,1529.1917924691516
mac,2061,923.7868988960032
mar,2061,29984.595341363674
mco,2061,30.920190884629914
mda,2061,2151.3969385585365
mdg,2061,41065.254316020066
mdv,2061,706.1335722184327
mex,2061,173809.32609327068
mhl,2061,64.08295486542174
mkd,2061,2203.6249866169705
mli,2061,31476.522000761073
mlt,2061,366.3356147772595
mmr,2061,54662.11695048169
mne,2061,638.4532878601871
mng,2061,4243.962071105327
mnp,2061,62.232058747422926
moz,2061,37883.99533146292
mrt,2061,5616.853371551441
msr,2061,5.665683395976413
mtq,2061,325.77007676661
mus,2061,1099.6964359703247
mwi,2061,37058.75747891182
mys,2061,49793.40323932912
myt,2061,406.78757777282993
nam,2061,2582.2939917767367
ncl,2061,458.6037229467911
ner,2061,54574.38749690719
nga,2061,349501.3008243742
nic,2061,8013.260513821559
niu,2061,1.2145417051285736
nld,2061,15442.101161468443
nor,2061,6306.7994760099045
npl,2061,48854.44068201775
nru,2061,11.583999031453788
nzl,2061,4658.422866406426
omn,2061,7234.827780732799
pak,2061,364481.5198510091
pan,2061,6320.270919050788
per,2061,37793.43853287417
phl,2061,176858.7494311599
plw,2061,19.708306163019465
png,2061,14491.18926001398
pol,2061,31400.46734102509
pri,2061,2669.8258827255077
prk,2061,26330.592296064653
prt,2061,8860.52726685049
pry,2061,11079.07413198612
pse,2061,6030.897464092932
pyf,2061,389.8337038826866
qat,2061,4324.660050704957
reu,2061,919.7318154208082
rom,2061,14473.747460807968
rus,2061,132545.6545327486
rwa,2061,19047.02660527248
sau,2061,58853.30371825486
sdn,2061,55791.63986582541
sen,2061,21834.819134988455
sgp,2061,7440.9071177090145
shn,2061,4.678291025466763
slb,2061,1159.9606620711158
sle,2061,10653.631961614707
slv,2061,6568.261864361504
smr,2061,27.275480967002665
som,2061,18318.85053802925
spm,2061,4.56231815053142
srb,2061,8215.035560644483
stp,2061,189.3063980490143
sur,2061,776.0057865139204
svk,2061,5006.666796762295
svn,2061,2110.068770705023
swe,2061,10968.21711148907
swz,2061,1101.7550363483933
syc,2061,75.76039642229875
syr,2061,27909.66738345713
tca,2061,41.042269835036706
tcd,2061,24915.15512568157
tgo,2061,9659.525961485186
tha,2061,76032.22482429612
tjk,2061,8792.605610596976
tkl,2061,0.939225580494734
tkm,2061,6374.320947049851
tls,2061,2350.4083581516784
ton,2061,105.7413948578845
tto,2061,1310.635318018498
tun,2061,10200.753545418462
tur,2061,81076.17645807295
tuv,2061,12.382818573640138
twn,2061,26282.364514253575
tza,2061,92294.55146388931
uga,2061,86404.47763200806
ukr,2061,37340.512797575
ury,2061,3647.391146949495
usa,2061,464204.97411727445
uzb,2061,34057.8933772423
vct,2061,112.57486643020445
ven,2061,47213.43975678773
vgb,2061,33.25266808123705
vir,2061,124.3041872022069
vnm,2061,111195.79177918739
vut,2061,526.7023343373161
wlf,2061,9.201710040214383
wsm,2061,183.82451679478336
yem,2061,58980.41026272792
zaf,2061,53922.65696535993
zmb,2061,28945.116300680005
zwe,2061,10987.400336643856
abw,2062,164.77275528728478
afg,2062,94323.73775865672
ago,2062,50097.20129851886
aia,2062,16.36086660003081
alb,2062,2585.899572943129
and,2062,63.720377935072406
ant,2062,229.94929316433806
are,2062,16703.927594329714
arg,2062,58497.168617480194
arm,2062,2156.347595336543
asm,2062,62.316994178143936
atg,2062,107.20784678888458
aus,2062,29146.438817241407
aut,2062,7615.569107144178
aze,2062,10313.327866575264
bdi,2062,15362.480993504492
bel,2062,10830.467673104979
ben,2062,17830.848093347413
bfa,2062,33731.47946628867
bgd,2062,215537.9921628545
bgr,2062,5690.249359520423
bhr,2062,2920.9442868514657
bhs,2062,579.6993138311036
bih,2062,2631.2861124294113
blr,2062,7456.4358117293295
blz,2062,555.4425504355726
bmu,2062,52.02443644409931
bol,2062,17178.749658075983
bra,2062,262270.6684967823
brb,2062,298.8320928386721
brn,2062,715.5562158793003
btn,2062,1358.300823127872
bwa,2062,2293.320400562259
caf,2062,5851.126840800208
can,2062,38823.655509778524
che,2062,8069.530848492764
chi,2062,135.08857346774107
chl,2062,23378.955810328956
chn,2062,1302153.2833536642
civ,2062,27556.364968710768
cmr,2062,30171.958816045884
cod,2062,131587.4903815819
cog,2062,7251.527292452004
cok,2062,13.119697509835808
col,2062,72187.60831800038
com,2062,1027.064438288564
cpv,2062,452.4154143064147
cri,2062,7761.778214888386
cub,2062,9214.487863895973
cym,2062,70.72330905667776
cyp,2062,1335.6365009701603
cze,2062,11013.88484475771
deu,2062,62349.52490656667
dji,2062,1076.5843582453217
dma,2062,81.56142357237854
dnk,2062,5622.684526830359
dom,2062,14885.57908976231
dza,2062,41628.906031168546
ecu,2062,24720.43289857331
egy,2062,109751.04652351132
eri,2062,5674.232943952657
esh,2062,419.0626940230272
esp,2062,42034.761734114996
est,2062,1173.8244432926444
eth,2062,151090.87197756945
fin,2062,5218.399356326739
fji,2062,1018.884828061511
flk,2062,3.2471948977160388
fra,2062,64517.128515673015
fro,2062,39.24866852313344
fsm,2062,107.46280786120673
gab,2062,2265.3273689166003
gbr,2062,66910.3407357244
geo,2062,2600.8699742574945
gha,2062,41449.80555332504
gib,2062,27.555994283083184
gin,2062,13371.811361070932
glp,2062,498.8361685322323
gmb,2062,2981.131185352446
gnb,2062,2183.445395229693
gnq,2062,1871.3313337746263
grc,2062,8334.284854133244
grd,2062,134.03645954567114
grl,2062,46.04945131898804
gtm,2062,31174.21830242237
guf,2062,498.5716235712041
gum,2062,233.19110627684128
guy,2062,783.2334394560507
hkg,2062,10469.654007432056
hnd,2062,15324.701948977765
hrv,2062,3588.155613085129
hti,2062,14733.729627690704
hun,2062,7967.8644313355035
idn,2062,321441.80935756734
imn,2062,67.9865908275476
ind,2062,1565468
irl,2062,5348.879183664976
irn,2062,89529.8432426641
irq,2062,72489.02688046129
isl,2062,415.7470170488841
isr,2062,15523.231809633737
ita,2062,48138.99574108337
jam,2062,3126.428445688565
jor,2062,18924.39013073335
jpn,2062,111529
kaz,2062,20502.589758360136
ken,2062,71295.98743436817
kgz,2062,6443.539607336595
khm,2062,20122.161267514864
kir,2062,123.8591013434657
kna,2062,58.66835580372419
kor,2062,45345.4
kwt,2062,7490.6227014259875
lao,2062,9933.73014870842
lbn,2062,7079.921340465911
lbr,2062,9382.31236063054
lby,2062,7416.19722283888
lca,2062,237.19340318334395
lie,2062,30.605973019537792
lka,2062,25531.17233136499
lso,2062,1930.2440057207607
ltu,2062,2171.097387349226
lux,2062,757.4164796779141
lva,2062,1519.384611952928
mac,2062,926.0348307618029
mar,2062,29837.232657761255
mco,2062,30.808542576752775
mda,2062,2118.2081860549
mdg,2062,41340.40812957279
mdv,2062,707.2629553023123
mex,2062,174573.53533784705
mhl,2062,64.13362410589853
mkd,2062,2196.7595216704635
mli,2062,31691.034700721477
mlt,2062,364.36377502204385
mmr,2062,54371.08907147607
mne,2062,635.9854246254883
mng,2062,4266.917856827778
mnp,2062,62.28126451761035
moz,2062,38038.579897835734
mrt,2062,5636.347247974142
msr,2062,5.69118456491022
mtq,2062,324.24162196417024
mus,2062,1096.4074154247319
mwi,2062,37492.35119881248
mys,2062,49973.394091664086
myt,2062,409.65487261415336
nam,2062,2582.660153230132
ncl,2062,460.8275471395491
ner,2062,55422.769266085095
nga,2062,353132.15869515185
nic,2062,8031.571636702819
niu,2062,1.207823852406697
nld,2062,15404.752300269254
nor,2062,6321.642339239638
npl,2062,49058.51222374238
nru,2062,11.59315829125759
nzl,2062,4647.348817148768
omn,2062,7276.416455853913
pak,2062,366207.86867376865
pan,2062,6358.82681645337
per,2062,37850.054590102714
phl,2062,177624.36588919652
plw,2062,19.723889166432176
png,2062,14548.092230465716
pol,2062,31144.239860955924
pri,2062,2644.299452289826
prk,2062,26322.64058113076
prt,2062,8818.163180825179
pry,2062,11153.062910580282
pse,2062,6029.54148574684
pyf,2062,390.6351775232034
qat,2062,4338.999284052239
reu,2062,920.7498914509708
rom,2062,14299.707272386817
rus,2062,132265.29450349274
rwa,2062,19172.39811867854
sau,2062,59258.74506293153
sdn,2062,55971.048151072995
sen,2062,21943.222190437613
sgp,2062,7442.349736198337
shn,2062,4.670710697593867
slb,2062,1166.1931599627621
sle,2062,10698.549927361073
slv,2062,6561.852645269157
smr,2062,27.1769931760358
som,2062,18368.197441966473
spm,2062,4.544490221472679
srb,2062,8174.428753536651
stp,2062,188.78483974321725
sur,2062,779.6328414288676
svk,2062,4974.497513344985
svn,2062,2105.041719408364
swe,2062,10985.915669302605
swz,2062,1101.079875923752
syc,2062,75.637640347156065
syr,2062,28043.016063300103
tca,2062,41.22700056976739
tcd,2062,25085.03222035906
tgo,2062,9681.81086451093
tha,2062,75731.91910143143
tjk,2062,8759.453514868323
tkl,2062,0.9340305517067232
tkm,2062,6357.704523514309
tls,2062,2362.7682066901584
ton,2062,105.31503330271855
tto,2062,1304.8547298679362
tun,2062,10155.538865086692
tur,2062,80782.8883312485
tuv,2062,12.392609445696616
twn,2062,26303.145507431374
tza,2062,93001.29998513617
uga,2062,87444.12237487579
ukr,2062,37224.48209393315
ury,2062,3647.5004632712366
usa,2062,466655.30054771015
uzb,2062,33949.04012194639
vct,2062,112.528061544757
ven,2062,47478.31288433562
vgb,2062,33.402337917508106
vir,2062,124.70317041185582
vnm,2062,111306.99694086249
vut,2062,529.7073267694269
wlf,2062,9.150813695874334
wsm,2062,182.72704833428008
yem,2062,59572.1736615498
zaf,2062,53858.94124196896
zmb,2062,29178.943623753923
zwe,2062,10938.791647339685
abw,2063,165.92506919576363
afg,2063,95445.01424942627
ago,2063,50422.30567387936
aia,2063,16.434306317907634
alb,2063,2567.168561638754
and,2063,63.48961129531121
ant,2063,230.98147633829853
are,2063,16770.753826157634
arg,2063,58758.78883739909
arm,2063,2137.4462390126864
asm,2063,62.366148072395674
atg,2063,107.68907521124346
aus,2063,29162.11834819289
aut,2063,7578.845942028916
aze,2063,10283.126633206191
bdi,2063,15413.843295304485
bel,2063,10808.553214154676
ben,2063,17937.85291831603
bfa,2063,33997.06573389622
bgd,2063,215284.10840210103
bgr,2063,5654.571748759015
bhr,2063,2943.9269694317595
bhs,2063,583.1106108715381
bih,2063,2604.3180409740003
blr,2063,7411.043637431131
blz,2063,558.3277225142681
bmu,2063,51.83602726052686
bol,2063,17279.277454401574
bra,2063,262725.71547670587
brb,2063,298.5284434236117
brn,2063,718.6303439297033
btn,2063,1364.7741394703298
bwa,2063,2297.7435994487273
caf,2063,5861.797856352477
can,2063,38860.2731657322
che,2063,8049.968873866062
chi,2063,134.59934322178978
chl,2063,23439.01089260484
chn,2063,1297091.385738467
civ,2063,27587.439251112373
cmr,2063,30230.909175886773
cod,2063,132383.52780476763
cog,2063,7281.446675641763
cok,2063,13.047548757070583
col,2063,72571.01142049798
com,2063,1029.3516989805069
cpv,2063,450.43987244848046
cri,2063,7809.474329898786
cub,2063,9133.430866602912
cym,2063,71.04076778251493
cyp,2063,1333.7807658686581
cze,2063,10978.47969046421
deu,2063,61952.66360305751
dji,2063,1076.815883970108
dma,2063,81.92753180388114
dnk,2063,5621.364431271662
dom,2063,14952.439063547028
dza,2063,41536.66990452988
ecu,2063,24851.780807395233
egy,2063,109903.91121075387
eri,2063,5707.1214252571335
esh,2063,418.392865888501
esp,2063,41832.29363103538
est,2063,1170.6093453172034
eth,2063,151755.23800162505
fin,2063,5214.332595367019
fji,2063,1016.7300073639791
flk,2063,3.26177071958472
fra,2063,64452.736906093414
fro,2063,39.10652744293751
fsm,2063,106.91045905755354
gab,2063,2266.6858584559664
gbr,2063,66858.77502398
geo,2063,2573.474613490575
gha,2063,41654.06188853163
gib,2063,27.456198826558037
gin,2063,13378.965218547697
glp,2063,500.6662970380302
gmb,2063,2990.646538749379
gnb,2063,2186.9520576660802
gnq,2063,1881.9493188125944
grc,2063,8280.19077005934
grd,2063,134.39150227866776
grl,2063,45.8826808526459
gtm,2063,31461.84329240827
guf,2063,502.80900913244176
gum,2063,233.55379901034735
guy,2063,781.638593713794
hkg,2063,10493.264495664149
hnd,2063,15429.302430332948
hrv,2063,3565.91659113639
hti,2063,14778.069351144704
hun,2063,7910.022762604542
idn,2063,320599.95488282526
imn,2063,67.74037387745231
ind,2063,1563372
irl,2063,5347.451261461918
irn,2063,89348.03384741099
irq,2063,73138.053812596
isl,2063,416.4301987022927
isr,2063,15694.881188002806
ita,2063,47821.1534018123
jam,2063,3124.995707219576
jor,2063,19082.673243961377
jpn,2063,111043
kaz,2063,20491.948076854118
ken,2063,71615.5678632404
kgz,2063,6425.34631493529
khm,2063,20197.30402693142
kir,2063,123.95679792286342
kna,2063,58.93170294809332
kor,2063,45238.6
kwt,2063,7540.555153907458
lao,2063,9938.541059055104
lbn,2063,7068.661196766063
lbr,2063,9457.810489579506
lby,2063,7415.246940157467
lca,2063,237.80688454934585
lie,2063,30.495131907491384
lka,2063,25497.75324763283
lso,2063,1926.0530038021923
ltu,2063,2153.8815579406114
lux,2063,758.9117822758824
lva,2063,1509.5858487154571
mac,2063,928.283968159891
mar,2063,29690.920782630576
mco,2063,30.696967848592482
mda,2063,2085.0607273158585
mdg,2063,41615.47628712833
mdv,2063,708.392330845819
mex,2063,175338.96540397973
mhl,2063,64.18421090680025
mkd,2063,2189.8442433100176
mli,2063,31905.47021365458
mlt,2063,362.3975081968437
mmr,2063,54079.463581110474
mne,2063,633.5057112862476
mng,2063,4290.2806869295155
mnp,2063,62.33039022930966
moz,2063,38193.402736719094
mrt,2063,5655.887402482613
msr,2063,5.7167308271620705
mtq,2063,322.71649301893933
mus,2063,1093.150170668017
mwi,2063,37925.27530188672
mys,2063,50153.5427216045
myt,2063,412.5208661203516
nam,2063,2583.075070080667
ncl,2063,463.053717508507
ner,2063,56269.49407360702
nga,2063,356758.1667086878
nic,2063,8049.787128966047
niu,2063,1.201181703496945
nld,2063,15367.306838273036
nor,2063,6336.22775543318
npl,2063,49262.78191054558
nru,2063,11.602302648815387
nzl,2063,4636.403536375657
omn,2063,7318.010830358666
pak,2063,367936.0173690983
pan,2063,6397.523765407155
per,2063,37905.95257596384
phl,2063,178390.7420184379
plw,2063,19.73944681607664
png,2063,14605.048250267544
pol,2063,30888.15694644963
pri,2063,2618.687351955546
prk,2063,26315.559016118346
prt,2063,8775.89529096051
pry,2063,11227.356422762752
pse,2063,6028.114949178061
pyf,2063,391.43692776815055
qat,2063,4353.319930539915
reu,2063,921.7824949514088
rom,2063,14126.035423835783
rus,2063,131984.79879456127
rwa,2063,19297.737099665297
sau,2063,59664.373105815896
sdn,2063,56150.96157804298
sen,2063,22051.70085713548
sgp,2063,7443.775776811999
shn,2063,4.663245052290424
slb,2063,1172.432550800294
sle,2063,10743.530276485826
slv,2063,6555.172757126331
smr,2063,27.078570291594705
som,2063,18417.740769829372
spm,2063,4.526834267802308
srb,2063,8133.717219791752
stp,2063,188.268608790999
sur,2063,783.2672779352845
svk,2063,4942.304434166162
svn,2063,2099.9586255835015
swe,2063,11003.225274859487
swz,2063,1100.4281751217309
syc,2063,75.51674144525829
syr,2063,28176.33010293526
tca,2063,41.41205796096606
tcd,2063,25254.847961625765
tgo,2063,9704.21128411472
tha,2063,75430.94698371219
tjk,2063,8726.31452349378
tkl,2063,0.9288940659531657
tkm,2063,6341.086334124872
tls,2063,2375.141597998391
ton,2063,104.8877312174078
tto,2063,1298.979718396138
tun,2063,10110.66594752752
tur,2063,80489.79700539816
tuv,2063,12.402384387864968
twn,2063,26323.892689637632
tza,2063,93707.57359647038
uga,2063,88482.1141294674
ukr,2063,37108.46943625352
ury,2063,3647.492408531132
usa,2063,469105.71264804446
uzb,2063,33840.20791734748
vct,2063,112.47718358125411
ven,2063,47744.0319001515
vgb,2063,33.55227241260896
vir,2063,125.10170200031169
vnm,2063,111423.47053155371
vut,2063,532.7157251575214
wlf,2063,9.100490904937324
wsm,2063,181.6273827971316
yem,2063,60164.51184293811
zaf,2063,53796.471742367765
zmb,2063,29412.583072900292
zwe,2063,10890.550779737432
abw,2064,167.08238702733388
afg,2064,96567.81729820707
ago,2064,50747.33454076354
aia,2064,16.507876013006896
alb,2064,2548.4359028035246
and,2064,63.25899668786547
ant,2064,232.0154863207746
are,2064,16837.53363440958
arg,2064,59020.865200348366
arm,2064,2118.5645249737677
asm,2064,62.4152220575688
atg,2064,108.17115533531783
aus,2064,29177.669770716424
aut,2064,7542.2073676476975
aze,2064,10252.927468035265
bdi,2064,15465.334873445494
bel,2064,10786.538854890021
ben,2064,18044.858331373696
bfa,2064,34262.45391781925
bgd,2064,215029.2811588252
bgr,2064,5618.86026792994
bhr,2064,2966.9249254617607
bhs,2064,586.5337579768902
bih,2064,2577.391468541678
blr,2064,7365.688910934845
blz,2064,561.2208163022294
bmu,2064,51.64774220358061
bol,2064,17380.151380594863
bra,2064,263176.37988267397
brb,2064,298.21243979323543
brn,2064,721.7075040597899
btn,2064,1371.2542152806197
bwa,2064,2302.1963284355843
caf,2064,5872.546151545681
can,2064,38896.89065218695
che,2064,8030.355959808234
chi,2064,134.11043528762139
chl,2064,23498.849824682322
chn,2064,1292021.1865872086
civ,2064,27618.937984369455
cmr,2064,30290.245660376564
cod,2064,133179.54948799816
cog,2064,7311.409183197184
cok,2064,12.976208496672198
col,2064,72955.51957419787
com,2064,1031.65121862818
cpv,2064,448.4791386716387
cri,2064,7857.347205151191
cub,2064,9051.351037692892
cym,2064,71.35878836240897
cyp,2064,1331.9065591267733
cze,2064,10942.825257923307
deu,2064,61557.19374530601
dji,2064,1077.0670909645114
dma,2064,82.29428799172699
dnk,2064,5619.919412326545
dom,2064,15019.417674272765
dza,2064,41445.51393690273
ecu,2064,24983.5076091234
egy,2064,110058.37460951775
eri,2064,5740.013762234512
esh,2064,417.7330954836269
esp,2064,41630.29077398812
est,2064,1167.3941434732521
eth,2064,152420.37332886775
fin,2064,5210.170536410675
fji,2064,1014.5692242651462
flk,2064,3.2763723384593835
fra,2064,64387.269613075005
fro,2064,38.96448000728901
fsm,2064,106.35696980634764
gab,2064,2268.0830129412466
gbr,2064,66805.98319962218
geo,2064,2546.109960963919
gha,2064,41858.45989968616
gib,2064,27.356469116686487
gin,2064,13386.350036341819
glp,2064,502.49672647693683
gmb,2064,3000.188402970964
gnb,2064,2190.489057633585
gnq,2064,1892.5692959494352
grc,2064,8226.29027612172
grd,2064,134.74540188379282
grl,2064,45.71602025703799
gtm,2064,31751.03825616749
guf,2064,507.0682567753637
gum,2064,233.91647404136785
guy,2064,780.0042143281469
hkg,2064,10516.885719185997
hnd,2064,15534.345287245924
hrv,2064,3543.654799830454
hti,2064,14822.330979821221
hun,2064,7852.176706892395
idn,2064,319755.9643527584
imn,2064,67.49431913855474
ind,2064,1561276
irl,2064,5345.905749533206
irn,2064,89164.85755475466
irq,2064,73787.62266912947
isl,2064,417.098471228267
isr,2064,15866.714248015012
ita,2064,47504.468427267326
jam,2064,3123.449332160224
jor,2064,19241.074736816234
jpn,2064,110557
kaz,2064,20481.23511673758
ken,2064,71935.49212286745
kgz,2064,6407.153283340024
khm,2064,20274.027395648878
kir,2064,124.05433567774149
kna,2064,59.19551617718272
kor,2064,45131.8
kwt,2064,7590.508127833912
lao,2064,9943.334471551761
lbn,2064,7057.299414582044
lbr,2064,9533.248393730892
lby,2064,7414.440261635518
lca,2064,238.41821042883376
lie,2064,30.384363819132158
lka,2064,25464.21714004043
lso,2064,1921.9118159921834
ltu,2064,2136.682735413149
lux,2064,760.3781021040463
lva,2064,1499.7955544589558
mac,2064,930.5343081505325
mar,2064,29545.636048525503
mco,2064,30.585466627436
mda,2064,2051.954815983865
mdg,2064,41890.46071792381
mdv,2064,709.5216988673405
mex,2064,176105.61953267368
mhl,2064,64.23471546915887
mkd,2064,2182.8784461725854
mli,2064,32119.83027805017
mlt,2064,360.436808794372
mmr,2064,53787.24193668273
mne,2064,631.0139800437688
mng,2064,4314.06146278354
mnp,2064,62.379436077746504
moz,2064,38348.45848148153
mrt,2064,5675.4727927517
msr,2064,5.742322302444516
mtq,2064,321.194686644235
mus,2064,1089.9239860114585
mwi,2064,38357.54486996971
mys,2064,50333.84874440374
myt,2064,415.38558760150374
nam,2064,2583.537644206497
ncl,2064,465.282228332426
ner,2064,57114.59923935743
nga,2064,360379.4340987175
nic,2064,8067.906736733582
niu,2064,1.1946139859042586
nld,2064,15329.76487094272
nor,2064,6350.555979005138
npl,2064,49467.24925924312
nru,2064,11.611432140466869
nzl,2064,4625.584859635186
omn,2064,7359.610831467557
pak,2064,369665.96154794144
pan,2064,6436.362140372092
per,2064,37961.13058414057
phl,2064,179157.8759663973
plw,2064,19.754979173778988
png,2064,14662.057190056632
pol,2064,30632.220644569385
pri,2064,2592.990620579044
prk,2064,26309.37090519114
prt,2064,8733.723502193401
pry,2064,11301.955477532258
pse,2064,6026.61875539483
pyf,2064,392.2389539430175
qat,2064,4367.622227516838
reu,2064,922.829298718708
rom,2064,13952.737130885202
rus,2064,131704.16657255637
rwa,2064,19423.044280963124
sau,2064,60070.18546282545
sdn,2064,56331.36876938657
sen,2064,22160.253432083642
sgp,2064,7445.18527997578
shn,2064,4.655891506551439
slb,2064,1178.6788177750045
sle,2064,10788.571603922976
slv,2064,6548.22148136794
smr,2064,26.980212249537374
som,2064,18467.476097545623
spm,2064,4.509347813048975
srb,2064,8092.899476469874
stp,2064,187.75758520393424
sur,2064,786.9091156296257
svk,2064,4910.087222275398
svn,2064,2094.818695662491
swe,2064,11020.146312530562
swz,2064,1099.7994055593085
syc,2064,75.39765788733888
syr,2064,28309.609944708067
tca,2064,41.59744287583171
tcd,2064,25424.603731349645
tgo,2064,9726.72461850712
tha,2064,75129.31009616725
tjk,2064,8693.18871696542
tkl,2064,0.9238151391921753
tkm,2064,6324.466368034977
tls,2064,2387.5284990518244
ton,2064,104.45949089547044
tto,2064,1293.01003293055
tun,2064,10066.127095189746
tur,2064,80196.90228603905
tuv,2064,12.412143438990828
twn,2064,26344.606143321686
tza,2064,94413.38299432716
uga,2064,89518.49012617453
ukr,2064,36992.4749353815
ury,2064,3647.366671135568
usa,2064,471556.20937942096
uzb,2064,33731.39689274713
vct,2064,112.42222172659505
ven,2064,48010.599049877324
vgb,2064,33.70247226914889
vir,2064,125.49978076862227
vnm,2064,111545.35364916768
vut,2064,535.727521196048
wlf,2064,9.05073202662238
wsm,2064,180.5255255409918
yem,2064,60757.41746708453
zaf,2064,53735.22039775484
zmb,2064,29646.03887961913
zwe,2064,10842.66944935848
abw,2065,168.24472207804521
afg,2065,97692.1431854535
ago,2065,51072.289587182
aia,2065,16.581576030694347
alb,2065,2529.701572997599
and,2065,63.02853396254313
ant,2065,233.05132796582512
are,2065,16904.267609388637
arg,2065,59283.39891835711
arm,2065,2099.7025741179177
asm,2065,62.464216328366334
atg,2065,108.65408942418567
aus,2065,29193.09522617118
aut,2065,7505.653300433702
aze,2065,10222.730383792226
bdi,2065,15516.952837923076
bel,2065,10764.42469400211
ben,2065,18151.864319373533
bfa,2065,34527.64844626731
bgd,2065,214773.51273187608
bgr,2065,5583.114435155084
bhr,2065,2989.9379607305764
bhs,2065,589.9687866342646
bih,2065,2550.5069855496563
blr,2065,7320.371862731438
blz,2065,564.1218528484291
bmu,2065,51.4595811506364
bol,2065,17481.372356366206
bra,2065,263622.6500696396
brb,2065,297.88404912084803
brn,2065,724.7876888817251
btn,2065,1377.7410340889135
bwa,2065,2306.677927370159
caf,2065,5883.369998774414
can,2065,38933.50797157193
che,2065,8010.692156642131
chi,2065,133.62184934682537
chl,2065,23558.47203222329
chn,2065,1286942.4615673015
civ,2065,27650.851679778563
cmr,2065,30349.959637603595
cod,2065,133975.5557831442
cog,2065,7341.413851062456
cok,2065,12.90566321452167
col,2065,73341.13571535937
com,2065,1033.962723179607
cpv,2065,446.53288193758846
cri,2065,7905.397310319673
cub,2065,8968.245659374366
cym,2065,71.6773722892764
cyp,2065,1330.0138989925608
cze,2065,10906.918000589645
deu,2065,61163.11395870887
dji,2065,1077.3375392489022
dma,2065,82.66169385761715
dnk,2065,5618.349593406286
dom,2065,15086.51523717272
dza,2065,41355.413981066304
ecu,2065,25115.614310523637
egy,2065,110214.40098021305
eri,2065,5772.909868690275
esh,2065,417.0831579653809
esp,2065,41428.752703358645
est,2065,1164.1788371214814
eth,2065,153086.2607613352
fin,2065,5205.913273602185
fji,2065,1012.402493292744
flk,2065,3.2909998228859
fra,2065,64320.72769928088
fro,2065,38.8225261236769
fsm,2065,105.80234288635455
gab,2065,2269.517968008051
gbr,2065,66751.96647392238
geo,2065,2518.7762056865377
gha,2065,42062.9964195879
gib,2065,27.256805088517705
gin,2065,13393.960651278512
glp,2065,504.32745764856935
gmb,2065,3009.756185361183
gnb,2065,2194.0557169292265
gnq,2065,1903.1912206512877
grc,2065,8172.583181073512
grd,2065,135.09815532361267
grl,2065,45.5494694236235
gtm,2065,32041.807365316727
guf,2065,511.34942459025575
gum,2065,234.27913141303583
guy,2065,778.3301962532742
hkg,2065,10540.517651840455
hnd,2065,15639.831695163892
hrv,2065,3521.3699152218555
hti,2065,14866.51430621265
hun,2065,7794.326201784356
idn,2065,318909.8429719875
imn,2065,67.24842645060716
ind,2065,1559180
irl,2065,5344.242764045227
irn,2065,88980.33174559938
irq,2065,74437.72655917432
isl,2065,417.7518493554701
isr,2065,16038.728654050261
ita,2065,47188.939674092806
jam,2065,3121.7890185638753
jor,2065,19399.593104031377
jpn,2065,110071
kaz,2065,20470.450439291155
ken,2065,72255.7525268281
kgz,2065,6388.960514156057
khm,2065,20352.374086506374
kir,2065,124.1517149950849
kna,2065,59.45979672943781
kor,2065,45025
kwt,2065,7640.481362263115
lao,2065,9948.110428832897
lbn,2065,7045.837286306957
lbr,2065,9608.627419424885
lby,2065,7413.773976966669
lca,2065,239.0273750944104
lie,2065,30.273668682320316
lka,2065,25430.564293723088
lso,2065,1917.8193286840637
ltu,2065,2119.5010244440773
lux,2065,761.8154677943603
lva,2065,1490.013781309946
mac,2065,932.7858478035415
mar,2065,29401.355493455372
mco,2065,30.47403884066608
mda,2065,2018.89070778293
mdg,2065,42165.36329369158
mdv,2065,710.6510593852043
mex,2065,176873.50097641622
mhl,2065,64.28513799335329
mkd,2065,2175.861411514609
mli,2065,32334.11658057892
mlt,2065,358.48167131459536
mmr,2065,53494.42559075617
mne,2065,628.5100599162703
mng,2065,4338.271478546905
mnp,2065,62.42840225751226
moz,2065,38503.74192545475
mrt,2065,5695.10240752483
msr,2065,5.767959110894236
mtq,2065,319.67619955770397
mus,2065,1086.7281670988662
mwi,2065,38789.17453535243
mys,2065,50514.31177656515
myt,2065,418.24906549404267
nam,2065,2584.046810217496
ncl,2065,467.513073908654
ner,2065,57958.12097082711
nga,2065,363996.06684304774
nic,2065,8085.930205228328
niu,2065,1.1881194554936079
nld,2065,15292.12649361553
nor,2065,6364.6272640350035
npl,2065,49671.913788220525
nru,2065,11.620546802433667
nzl,2065,4614.890670714477
omn,2065,7401.21638763501
pak,2065,371397.69683549984
pan,2065,6475.342317134784
per,2065,38015.586701562126
phl,2065,179925.7658866062
plw,2065,19.770486301164468
png,2065,14719.118920890405
pol,2065,30376.433041210516
pri,2065,2567.2102802877134
prk,2065,26304.100392178127
prt,2065,8691.647719585992
pry,2065,11376.860886753668
pse,2065,6025.053790129592
pyf,2065,393.0412553754855
qat,2065,4381.906408307835
reu,2065,923.8899853024044
rom,2065,13779.817708206107
rus,2065,131423.3969972411
rwa,2065,19548.320373461913
sau,2065,60476.179790297734
sdn,2065,56512.25868687957
sen,2065,22268.878263044964
sgp,2065,7446.578285984113
shn,2065,4.648647554363529
slb,2065,1184.9319441327932
sle,2065,10833.672546487329
slv,2065,6540.998096883144
smr,2065,26.881918985806294
som,2065,18517.399132911214
spm,2065,4.492028428062943
srb,2065,8051.974012500204
stp,2065,187.2516525700921
sur,2065,790.5583741777735
svk,2065,4877.84553433043
svn,2065,2089.621121023661
swe,2065,11036.67916618038
swz,2065,1099.193054602975
syc,2065,75.28034909093594
syr,2065,28442.856023464472
tca,2065,41.78315618463569
tcd,2065,25594.30087020931
tgo,2065,9749.348343450216
tha,2065,74827.01005854624
tjk,2065,8660.076176435878
tkl,2065,0.9187928093131543
tkm,2065,6307.844614309046
tls,2065,2399.928876933193
ton,2065,104.03031462297345
tto,2065,1286.945421910529
tun,2065,10021.91483996305
tur,2065,79904.2039789445
tuv,2065,12.42188663779363
twn,2065,26365.285950664995
tza,2065,95118.73855631321
uga,2065,90553.28648566279
ukr,2065,36876.4987030721
ury,2065,3647.1229383870095
usa,2065,474006.78971971234
uzb,2065,33622.60717850811
vct,2065,112.36316512937029
ven,2065,48278.016587110964
vgb,2065,33.85293819222645
vir,2065,125.89740551358787
vnm,2065,111672.79247546683
vut,2065,538.7427066064375
wlf,2065,9.001527635012101
wsm,2065,179.42148190610905
yem,2065,61350.883318620756
zaf,2065,53675.159975975344
zmb,2065,29879.315149282134
zwe,2065,10795.139618659627
abw,2066,169.31383385792665
afg,2066,98699.78576287894
ago,2066,51240.75627416871
aia,2066,16.6660560323931
alb,2066,2512.287652477347
and,2066,62.75278724539696
ant,2066,234.23868051578813
are,2066,16928.753855253988
arg,2066,59545.62710344405
arm,2066,2082.377525219303
asm,2066,62.49758196267493
atg,2066,109.20766151179302
aus,2066,29171.147323481888
aut,2066,7459.540873587643
aze,2066,10190.378264531477
bdi,2066,15522.67223495343
bel,2066,10730.456295582391
ben,2066,18204.40824114581
bfa,2066,34701.988086988466
bgd,2066,214312.15131295155
bgr,2066,5552.844983330934
bhr,2066,3008.1561786984225
bhs,2066,593.1141480927953
bih,2066,2526.4460993526986
blr,2066,7278.196686263907
blz,2066,567.0753874581994
bmu,2066,51.23444802955767
bol,2066,17584.307453083722
bra,2066,264033.66911723756
brb,2066,297.65450401228935
brn,2066,726.6226060065976
btn,2066,1381.955193927468
bwa,2066,2303.5187610206244
caf,2066,5876.3700436971985
can,2066,38959.92331102145
che,2066,7980.177487363497
chi,2066,133.03726036815291
chl,2066,23617.84162880106
chn,2066,1281479.7526066166
civ,2066,27610.28428788307
cmr,2066,30324.518714420417
cod,2066,134363.76794822753
cog,2066,7349.974605640916
cok,2066,12.832042060386653
col,2066,73719.95136566057
com,2066,1033.5704139632642
cpv,2066,443.74472678105934
cri,2066,7949.0081808765035
cub,2066,8897.383929626965
cym,2066,72.04255497888029
cyp,2066,1325.112864006751
cze,2066,10875.093993113705
deu,2066,60722.66197509624
dji,2066,1074.6476169558105
dma,2066,83.08283959337754
dnk,2066,5610.77224573067
dom,2066,15155.985788224909
dza,2066,41150.72143772775
ecu,2066,25248.136560059218
egy,2066,110043.14238336871
eri,2066,5788.712881535239
esh,2066,415.63102745404166
esp,2066,41177.25434902962
est,2066,1161.4220025516756
eth,2066,153304.58863785557
fin,2066,5196.598406225348
fji,2066,1009.9507738559078
flk,2066,3.3077668461238208
fra,2066,64192.42463248408
fro,2066,38.65267949300187
fsm,2066,105.27730196630709
gab,2066,2264.1805695707117
gbr,2066,66628.1722712486
geo,2066,2494.929128552537
gha,2066,42152.963895974826
gib,2066,27.137557915046752
gin,2066,13371.571586536471
glp,2066,506.49735953132887
gmb,2066,3011.750751065353
gnb,2066,2191.583690028763
gnq,2066,1907.6672009836325
grc,2066,8110.0893193509355
grd,2066,135.45374172982346
grl,2066,45.35019274889111
gtm,2066,32336.894715246537
guf,2066,515.4749520093494
gum,2066,234.42420318101992
guy,2066,777.3859393341944
hkg,2066,10547.922390140016
hnd,2066,15743.447215590171
hrv,2066,3502.2617350812634
hti,2066,14908.250916727173
hun,2066,7743.575830837575
idn,2066,317748.6186923495
imn,2066,66.95421791264528
ind,2066,1556244
irl,2066,5335.231804053665
irn,2066,88668.74678403304
irq,2066,75010.68682249202
isl,2066,417.8320495422146
isr,2066,16208.455342932364
ita,2066,46828.51975440912
jam,2066,3123.3213717787226
jor,2066,19520.189250501528
jpn,2066,109549
kaz,2066,20455.284495667715
ken,2066,72379.6499650633
kgz,2066,6372.032279134132
khm,2066,20417.911118058462
kir,2066,124.21803137532305
kna,2066,59.762733176456614
kor,2066,44830.8
kwt,2066,7675.818523935073
lao,2066,9941.307113508827
lbn,2066,7025.757564260449
lbr,2066,9651.658961562083
lby,2066,7392.615151871116
lca,2066,239.59202259634583
lie,2066,30.14122287991468
lka,2066,25379.56760586559
lso,2066,1909.1781280156008
ltu,2066,2103.8605448006506
lux,2066,761.7926580837659
lva,2066,1480.5644042404354
mac,2066,933.6092095348403
mar,2066,29187.415981825936
mco,2066,30.340716428732907
mda,2066,1989.2557190625955
mdg,2066,42320.2795270361
mdv,2066,710.7238736278185
mex,2066,177710.57615152764
mhl,2066,64.3194762838473
mkd,2066,2168.854548275751
mli,2066,32460.87727277178
mlt,2066,355.96078211308634
mmr,2066,53189.25809043295
mne,2066,626.1347258441137
mng,2066,4359.8938389903515
mnp,2066,62.461748761520965
moz,2066,38547.82935199385
mrt,2066,5698.773547735703
msr,2066,5.797345774416732
mtq,2066,317.9453413966477
mus,2066,1080.8403003442634
mwi,2066,39111.16764912583
mys,2066,50640.881636552534
myt,2066,419.9222946265413
nam,2066,2577.290897693923
ncl,2066,469.13071576705363
ner,2066,58670.24267461591
nga,2066,366658.238424148
nic,2066,8108.890621900556
niu,2066,1.1813417545641984
nld,2066,15241.963963009262
nor,2066,6369.640699392338
npl,2066,49806.42187670597
nru,2066,11.62675398692851
nzl,2066,4600.975563340469
omn,2066,7431.024141173299
pak,2066,372703.80707375397
pan,2066,6513.006319936826
per,2066,38088.24739934001
phl,2066,180489.018779609
plw,2066,19.781046824529717
png,2066,14754.371929883093
pol,2066,30143.67653315734
pri,2066,2545.35502094623
prk,2066,26285.32687013462
prt,2066,8638.819705781878
pry,2066,11450.075930618252
pse,2066,6021.862192659254
pyf,2066,393.58566346541636
qat,2066,4386.1046606348555
reu,2066,922.8919196577077
rom,2066,13626.10331306531
rus,2066,131173.5767362628
rwa,2066,19624.816777779462
sau,2066,60779.53788504604
sdn,2066,56525.085517525964
sen,2066,22323.352325722106
sgp,2066,7436.622339426547
shn,2066,4.632462669356222
slb,2066,1189.6523101612077
sle,2066,10843.619238796959
slv,2066,6539.46563385204
smr,2066,26.764311920483625
som,2066,18525.60431119512
spm,2066,4.476688978553833
srb,2066,8012.947773887233
stp,2066,186.3675504560957
sur,2066,794.1696855414549
svk,2066,4848.208942514726
svn,2066,2086.563869061996
swe,2066,11039.686533096266
swz,2066,1095.898625601132
syc,2066,75.0182505388091
syr,2066,28538.32977319429
tca,2066,41.99603348284445
tcd,2066,25693.040940507413
tgo,2066,9743.93317169968
tha,2066,74467.7534707971
tjk,2066,8632.600981272004
tkl,2066,0.9135514988970824
tkm,2066,6290.186474870034
tls,2066,2411.7024241193294
ton,2066,103.66220414694831
tto,2066,1281.47038030863
tun,2066,9949.323401221436
tur,2066,79498.38059447418
tuv,2066,12.428521862748676
twn,2066,26379.36912565989
tza,2066,95575.9140967703
uga,2066,91337.12992851633
ukr,2066,36763.912251901296
ury,2066,3648.734992103695
usa,2066,476658.84497905377
uzb,2066,33513.62250566943
vct,2066,112.3580122398602
ven,2066,48526.54858748477
vgb,2066,34.0254125258298
vir,2066,126.34196572901901
vnm,2066,111695.11556619983
vut,2066,541.0306992375739
wlf,2066,8.950177863795219
wsm,2066,178.482459429349
yem,2066,61876.37702518537
zaf,2066,53462.50617116589
zmb,2066,30035.319990307355
zwe,2066,10728.829173491624
abw,2067,170.38761721505693
afg,2067,99708.44473630974
ago,2067,51409.17040698729
aia,2067,16.750784066878342
alb,2067,2494.8746249550827
and,2067,62.47701798046941
ant,2067,235.42951912583146
are,2067,16953.183363235385
arg,2067,59808.33729652967
arm,2067,2065.059594605129
asm,2067,62.530945221317175
atg,2067,109.76285888378311
aus,2067,29149.095786710026
aut,2067,7413.5424415221305
aze,2067,10158.02934786737
bdi,2067,15528.689181381116
bel,2067,10696.368686032112
ben,2067,18256.9840423851
bfa,2067,34875.87536653655
bgd,2067,213850.16666063532
bgr,2067,5522.554790840181
bhr,2067,3026.383396211881
bhs,2067,596.2697537335836
bih,2067,2502.404207448364
blr,2067,7236.035301407219
blz,2067,570.0381681191826
bmu,2067,51.009296499366215
bol,2067,17687.645076710574
bra,2067,264439.1542893782
brb,2067,297.4116496011567
brn,2067,728.4590412975076
btn,2067,1386.1730149549533
bwa,2067,2300.431474987221
caf,2067,5869.546131124759
can,2067,38986.33852550404
che,2067,7949.620122815286
chi,2067,132.45262358769833
chl,2067,23676.94688288212
chn,2067,1276009.4472036278
civ,2067,27570.59714874682
cmr,2067,30299.912352417825
cod,2067,134752.21268460876
cog,2067,7358.635763893725
cok,2067,12.759101746358242
col,2067,74099.91650623252
com,2067,1033.203265121733
cpv,2067,440.9854958228991
cri,2067,7992.771205944214
cub,2067,8825.471267163735
cym,2067,72.40880984270599
cyp,2067,1320.2032874068625
cze,2067,10843.153491713781
deu,2067,60283.70744550648
dji,2067,1071.99964096161
dma,2067,83.50522181053302
dnk,2067,5603.043450666384
dom,2067,15225.606844486121
dza,2067,40948.3385538065
ecu,2067,25381.08089209266
egy,2067,109875.45833608064
eri,2067,5804.532292750546
esh,2067,414.19796857815874
esp,2067,40926.35860263749
est,2067,1158.6649716617717
eth,2067,153524.73561419456
fin,2067,5187.16336907733
fji,2067,1007.4958209253858
flk,2067,3.3245830972430293
fra,2067,64062.75297623593
fro,2067,38.48281897398489
fsm,2067,104.75163611514795
gab,2067,2258.929265129914
gbr,2067,66502.87549530138
geo,2067,2471.092443970133
gha,2067,42243.22447553085
gib,2067,27.018300990746383
gin,2067,13349.627796080342
glp,2067,508.67074278055793
gmb,2067,3013.7969269631385
gnb,2067,2189.1763591805457
gnq,2067,1912.1536482960666
grc,2067,8047.827546757552
grd,2067,135.80796603935363
grl,2067,45.150899779325016
gtm,2067,32633.801875627276
guf,2067,519.6235863604737
gum,2067,234.56928731755465
guy,2067,776.4034043782976
hkg,2067,10555.328622085557
hnd,2067,15847.54003168946
hrv,2067,3483.1405198835596
hti,2067,14949.864146841068
hun,2067,7692.820131911126
idn,2067,316585.9606103283
imn,2067,66.65998531728079
ind,2067,1553308
irl,2067,5326.092634732861
irn,2067,88356.25941280226
irq,2067,75584.03479672768
isl,2067,417.89533211286795
isr,2067,16378.328996873328
ita,2067,46469.43621188483
jam,2067,3124.754285226374
jor,2067,19640.847065991824
jpn,2067,109027
kaz,2067,20440.094950996132
ken,2067,72504.26224250208
kgz,2067,6355.104054860919
khm,2067,20484.992128018155
kir,2067,124.28434303376898
kna,2067,60.066559043096284
kor,2067,44636.6
kwt,2067,7711.163307150217
lao,2067,9934.490482761383
lbn,2067,7005.612681032231
lbr,2067,9694.602441143448
lby,2067,7371.763242873985
lca,2067,240.1536044737576
lie,2067,30.00876624742906
lka,2067,25328.501000363758
lso,2067,1900.6381657637376
ltu,2067,2088.22613272902
lux,2067,761.7404831886929
lva,2067,1471.1183575476064
mac,2067,934.4328828972816
mar,2067,28975.590282861172
mco,2067,30.207383115039484
mda,2067,1959.635424424812
mdg,2067,42475.04321160831
mdv,2067,710.7963332996388
mex,2067,178549.6456949229
mhl,2067,64.35381212942087
mkd,2067,2161.826276327605
mli,2067,32587.466061753883
mlt,2067,353.44813669230507
mmr,2067,52883.732230881054
mne,2067,623.7541852594079
mng,2067,4381.929132658671
mnp,2067,62.4950928912254
moz,2067,38592.448964286596
mrt,2067,5702.5430557729205
msr,2067,5.826818717009925
mtq,2067,316.21728939968625
mus,2067,1075.016636286535
mwi,2067,39431.78275926932
mys,2067,50767.555901331485
myt,2067,421.5930687900281
nam,2067,2570.637691766625
ncl,2067,470.7498003226474
ner,2067,59378.71241879827
nga,2067,369309.9572255216
nic,2067,8131.786573086856
niu,2067,1.1746267330464002
nld,2067,15191.648834862386
nor,2067,6374.363063462846
npl,2067,49941.04335781429
nru,2067,11.63296072946564
nzl,2067,4587.162823181588
omn,2067,7460.833215291074
pak,2067,374011.08586771006
pan,2067,6550.814700531253
per,2067,38160.24623184187
phl,2067,181052.76358366964
plw,2067,19.7916065959752
png,2067,14789.653623183449
pol,2067,29910.99654906908
pri,2067,2523.3626483181
prk,2067,26267.41543059772
prt,2067,8586.118682686178
pry,2067,11523.616232564198
pse,2067,6018.63403527768
pyf,2067,394.1304137014032
qat,2067,4390.285259755415
reu,2067,921.9208010724544
rom,2067,13472.55752751664
rus,2067,130923.69717314272
rwa,2067,19701.21021702539
sau,2067,61082.98873144427
sdn,2067,56539.05120131381
sen,2067,22377.934369186536
sgp,2067,7426.651233252755
shn,2067,4.616490349420961
slb,2067,1194.376995129493
sle,2067,10853.732620710749
slv,2067,6537.676590225101
smr,2067,26.646695238443023
som,2067,18534.15505954727
spm,2067,4.461474495960387
srb,2067,7973.878746477223
stp,2067,185.49361159006867
sur,2067,797.7885881475354
svk,2067,4818.563107181132
svn,2067,2083.47584141682
swe,2067,11042.239140302598
swz,2067,1092.65078611613
syc,2067,74.75959427234511
syr,2067,28633.78244878381
tca,2067,42.20953578754461
tcd,2067,25791.655960914006
tgo,2067,9738.767073434381
tha,2067,74108.0677974602
tjk,2067,8605.128540556561
tkl,2067,0.908358659526926
tkm,2067,6272.528917580581
tls,2067,2423.4870815621257
ton,2067,103.29363736702764
tto,2067,1275.8922532398285
tun,2067,9877.450191033617
tur,2067,79093.02297898605
tuv,2067,12.435156615269104
twn,2067,26393.45129791872
tza,2067,96032.00277660777
uga,2067,92117.53471672772
ukr,2067,36651.33486276078
ury,2067,3650.229060832697
usa,2067,479311.0373516819
uzb,2067,33404.649925889265
vct,2067,112.34866700776203
ven,2067,48775.82882297116
vgb,2067,34.19839324305885
vir,2067,126.78640750580739
vnm,2067,111722.2161050977
vut,2067,543.3208069450607
wlf,2067,8.899302969454691
wsm,2067,177.54232524271063
yem,2067,62402.263289422954
zaf,2067,53252.4844792393
zmb,2067,30190.897953527576
zwe,2067,10663.210436766356
abw,2068,171.46609275326733
afg,2068,100718.11999719712
ago,2068,51577.53301421781
aia,2068,16.835761228090163
alb,2068,2477.4625051083344
and,2068,62.201226164994765
ant,2068,236.62385917110348
are,2068,16977.556673641207
arg,2068,60071.53162349367
arm,2068,2047.7488327416838
asm,2068,62.56430610454675
atg,2068,110.31968870841688
aus,2068,29126.94204683325
aut,2068,7367.658018219748
aze,2068,10125.683656505253
bdi,2068,15534.997853626359
bel,2068,10662.16185072884
ben,2068,18309.59109915259
bfa,2068,35049.31913843774
bgd,2068,213387.55884148707
bgr,2068,5492.243516784294
bhr,2068,3044.619527569305
bhs,2068,599.4356487382439
bih,2068,2478.381622031364
blr,2068,7193.887805939346
blz,2068,573.0102356107705
bmu,2068,50.78412655780399
bol,2068,17791.387002577892
bra,2068,264839.0811790938
brb,2068,297.1554271872275
brn,2068,730.2969945923188
btn,2068,1390.3944967803614
bwa,2068,2297.414662442181
caf,2068,5862.894815586941
can,2068,39012.753616540635
che,2068,7919.020057760509
chi,2068,131.86793899959824
chl,2068,23735.786628592967
chn,2068,1270531.3330388241
civ,2068,27531.773034231563
cmr,2068,30276.124217724366
cod,2068,135140.8854404471
cog,2068,7367.395360739416
cok,2068,12.686832871407814
col,2068,74481.0362068626
com,2068,1032.8607842209803
cpv,2068,438.25462296424183
cri,2068,8036.687056595047
cub,2068,8752.503036881983
cym,2068,72.7761416095411
cyp,2068,1315.2851681451823
cze,2068,10811.09458166803
deu,2068,59846.25055361706
dji,2068,1069.3927903013807
dma,2068,83.92884596254234
dnk,2068,5595.163189636914
dom,2068,15295.379069754415
dza,2068,40748.22012509121
ecu,2068,25514.44916820433
egy,2068,109711.27887795014
eri,2068,5820.367781390441
esh,2068,412.78360807133913
esp,2068,40676.06553809808
est,2068,1155.907743059925
eth,2068,153746.66608727918
fin,2068,5177.608147418119
fji,2068,1005.0376348465063
flk,2068,3.341448793361406
fra,2068,63931.71256266539
fro,2068,38.31294456492242
fsm,2068,104.2253453996182
gab,2068,2253.7623696704613
gbr,2068,66376.07596177534
geo,2068,2447.2662256190915
gha,2068,42333.77242169693
gib,2068,26.899034314420575
gin,2068,13328.120565087152
glp,2068,510.8476227507036
gmb,2068,3015.893702949724
gnb,2068,2186.832458165841
gnq,2068,1916.6503577308617
grc,2068,7985.797891761386
grd,2068,136.16082224472245
grl,2068,44.9515905129265
gtm,2068,32932.536872670506
guf,2068,523.7954295559592
gum,2068,234.71438382131922
guy,2068,775.3824225616154
hkg,2068,10562.736347517559
hnd,2068,15952.11224855794
hrv,2068,3464.006055381442
hti,2068,14991.353452389301
hun,2068,7642.059017433066
idn,2068,315421.8688790506
imn,2068,66.36572866156278
ind,2068,1550372
irl,2068,5316.825240356681
irn,2068,88042.8782254513
irq,2068,76157.76678975449
isl,2068,417.9416949923176
isr,2068,16548.348216341663
ita,2068,46111.68921043978
jam,2068,3126.0873203311467
jor,2068,19761.56596323523
jpn,2068,108505
kaz,2068,20424.881637952745
ken,2068,72629.57536844851
kgz,2068,6338.175841412624
khm,2068,20553.66027036821
kir,2068,124.35064997092691
kna,2068,60.371278252111544
kor,2068,44442.4
kwt,2068,7746.5156393294665
lao,2068,9927.660538012613
lbn,2068,6985.403257144805
lbr,2068,9737.459581712435
lby,2068,7351.212243072239
lca,2068,240.71210720581382
lie,2068,29.87629878353506
lka,2068,25277.364484684636
lso,2068,1892.1974605095927
ltu,2068,2072.5978312462707
lux,2068,761.6589395072124
lva,2068,1461.6756648427317
mac,2068,935.2568678575835
mar,2068,28765.837025424815
mco,2068,30.074038898248617
mda,2068,1930.029928045782
mdg,2068,42629.65733306354
mdv,2068,710.8684384385327
mex,2068,179390.71840269485
mhl,2068,64.38814553033508
mkd,2068,2154.776243791535
mli,2068,32713.88631198191
mlt,2068,350.9437360634329
mmr,2068,52577.84805037234
mne,2068,621.3683525866747
mng,2068,4404.3889009783325
mnp,2068,62.52843464687914
moz,2068,38637.59034649543
mrt,2068,5706.409006400246
msr,2068,5.856378319204695
mtq,2068,314.4920439110233
mus,2068,1069.2559183628055
mwi,2068,39751.04683580576
mys,2068,50894.33455975175
myt,2068,423.2614360326858
nam,2068,2564.0851822817885
ncl,2068,472.37032742135835
ner,2068,60083.60167882742
nga,2068,371951.4278269696
nic,2068,8154.617774464412
niu,2068,1.167973525463963
nld,2068,15141.181090457303
nor,2068,6378.794320543764
npl,2068,50075.7782194354
nru,2068,11.639167030092256
nzl,2068,4573.451036753064
omn,2068,7490.643597412616
pak,2068,375319.5330925689
pan,2068,6588.768095691359
per,2068,38231.58027993356
phl,2068,181617.00024625327
plw,2068,19.80216561558121
png,2068,14824.96399772805
pol,2068,29678.39434671182
pri,2068,2501.234624032508
prk,2068,26250.39016865413
prt,2068,8533.544665875552
pry,2068,11597.483227131112
pse,2068,6015.369666140731
pyf,2068,394.6755060469055
qat,2068,4394.448373778984
reu,2068,920.976102143963
rom,2068,13319.18312286744
rus,2068,130673.75788744816
rwa,2068,19777.502706412335
sau,2068,61386.53144622901
sdn,2068,56554.13344882775
sen,2068,22432.622280058975
sgp,2068,7416.664969081753
shn,2068,4.600726434274906
slb,2068,1199.1059985763968
sle,2068,10864.009429811724
slv,2068,6535.629834362408
smr,2068,26.529068938504903
som,2068,18543.044614536553
spm,2068,4.446383459363444
srb,2068,7934.766226983331
stp,2068,184.62963705887003
sur,2068,801.415115476929
svk,2068,4788.907876400992
svn,2068,2080.3565322516797
swe,2068,11044.33693201861
swz,2068,1089.448624306876
syc,2068,74.50431291978892
syr,2068,28729.214250919675
tca,2068,42.42366585530584
tcd,2068,25890.14837888158
tgo,2068,9733.845173835818
tha,2068,73747.95308436085
tjk,2068,8577.65887381769
tkl,2068,0.9032136219153066
tkm,2068,6254.871946567938
tls,2068,2435.2828480750322
ton,2068,102.92461433194363
tto,2068,1270.2105860492088
tun,2068,9806.281152368027
tur,2068,78688.13118961129
tuv,2068,12.441790895405369
twn,2068,26407.532467548557
tza,2068,96487.02586765333
uga,2068,92894.5681509864
ukr,2068,36538.76659989736
ury,2068,3651.604624205275
usa,2068,481963.3653759674
uzb,2068,33295.689524903384
vct,2068,112.33511094289253
ven,2068,49025.86059363541
vgb,2068,34.37188257730125
vir,2068,127.23073032158351
vnm,2068,111754.22762117519
vut,2068,545.6130295030124
wlf,2068,8.848896394898684
wsm,2068,176.60107946492195
yem,2068,62928.53837305155
zaf,2068,53045.04338498686
zmb,2068,30346.057393713392
zwe,2068,10598.269870498785
abw,2069,172.54928119773078
afg,2069,101728.81143700778
ago,2069,51745.84509777282
aia,2069,16.92098861641119
alb,2069,2460.051307938058
and,2069,61.925411796206824
ant,2069,237.82171611730132
are,2069,17001.874319941155
arg,2069,60335.21222273575
arm,2069,2030.44529057344
asm,2069,62.59766461261737
atg,2069,110.87815819617127
aus,2069,29104.687508604686
aut,2069,7321.887617665361
aze,2069,10093.341213365622
bdi,2069,15541.592579095033
bel,2069,10627.835775047766
ben,2069,18362.228803686063
bfa,2069,35222.32802667636
bgd,2069,212924.32792205733
bgr,2069,5461.910812752802
bhr,2069,3062.8644881537734
bhs,2069,602.6118785544782
bih,2069,2454.37866217584
blr,2069,7151.754298564741
blz,2069,575.9916309525161
bmu,2069,50.558938202612524
bol,2069,17895.535016472226
bra,2069,265233.42523567704
brb,2069,296.8857777245776
brn,2069,732.1364657289174
btn,2069,1394.619639012743
bwa,2069,2294.4669530319993
caf,2069,5856.412740942919
can,2069,39039.16858562757
che,2069,7888.377286961307
chi,2069,131.2832065979883
chl,2069,23794.359693193925
chn,2069,1265045.1898058834
civ,2069,27493.795162866096
cmr,2069,30253.138399950374
cod,2069,135529.78178191537
cog,2069,7376.251482044403
cok,2069,12.615226206792757
col,2069,74863.31556719563
com,2069,1032.5424915941146
cpv,2069,435.5515567832415
cri,2069,8080.756407853395
cub,2069,8678.474576381603
cym,2069,73.14455503602245
cyp,2069,1310.3585051738248
cze,2069,10778.915306062352
deu,2069,59410.291483135545
dji,2069,1066.8262652950311
dma,2069,84.35371753498129
dnk,2069,5587.131444062699
dom,2069,15365.303131737159
dza,2069,40550.32211936211
ecu,2069,25648.24326093798
egy,2069,109550.53586241395
eri,2069,5836.219034830194
esh,2069,411.3875823447185
esp,2069,40426.37522933925
est,2069,1153.150315341103
eth,2069,153970.34537710328
fin,2069,5167.932726505298
fji,2069,1002.5762159645508
flk,2069,3.3583641528755033
fra,2069,63799.30322387404
fro,2069,38.14305626411062
fsm,2069,103.69842988644966
gab,2069,2248.6782418638754
gbr,2069,66247.77348633483
geo,2069,2423.4505478773135
gha,2069,42424.60214664351
gib,2069,26.779757884873078
gin,2069,13307.041404679692
glp,2069,513.0280148866406
gmb,2069,3018.040095108877
gnb,2069,2184.5507535946667
gnq,2069,1921.157129741555
grc,2069,7924.00038283511
grd,2069,136.51230430306953
grl,2069,44.7522649476965
gtm,2069,33233.107779856415
guf,2069,527.9905841083279
gum,2069,234.8594926909928
guy,2069,774.3228240659283
hkg,2069,10570.145566276526
hnd,2069,16057.165983689325
hrv,2069,3444.858122606523
hti,2069,15032.718286002122
hun,2069,7591.292397901744
idn,2069,314256.3436516212
imn,2069,66.07144794253989
ind,2069,1547436
irl,2069,5307.429605196408
irn,2069,87728.61170675584
irq,2069,76731.87915617689
isl,2069,417.9711361051116
isr,2069,16718.511619519766
ita,2069,45755.278914020586
jam,2069,3127.320035934466
jor,2069,19882.345362397748
jpn,2069,107983
kaz,2069,20409.644387628483
ken,2069,72755.57571493798
kgz,2069,6321.247638866174
khm,2069,20623.96032241238
kir,2069,124.41695218730105
kna,2069,60.676894749359356
kor,2069,44248.2
kwt,2069,7781.875448812357
lao,2069,9920.81728068438
lbn,2069,6965.1299052667
lbr,2069,9780.232062126892
lby,2069,7330.956301301414
lca,2069,241.26751719205487
lie,2069,29.74382048690402
lka,2069,25226.158066294207
lso,2069,1883.8540822057407
ltu,2069,2056.975683777084
lux,2069,761.5480234368047
lva,2069,1452.2363499608082
mac,2069,936.0811643824695
mar,2069,28558.115910993583
mco,2069,29.940683777022844
mda,2069,1900.4393350888047
mdg,2069,42784.12479964919
mdv,2069,710.9401890823619
mex,2069,180233.80312273916
mhl,2069,64.42247648685102
mkd,2069,2147.7040910350047
mli,2069,32840.14130068364
mlt,2069,348.44758123781565
mmr,2069,52271.605587173326
mne,2069,618.9771403647187
mng,2069,4427.285119529016
mnp,2069,62.56177402873571
moz,2069,38683.24335283008
mrt,2069,5710.369524296269
msr,2069,5.8860249637729805
mtq,2069,312.7696052749188
mus,2069,1063.5569225886047
mwi,2069,40068.986149517026
mys,2069,51021.21760066478
myt,2069,424.92744315697155
nam,2069,2557.631411202057
ncl,2069,473.992296909132
ner,2069,60784.980077041204
nga,2069,374582.849504234
nic,2069,8177.383940035956
niu,2069,1.1613812822016076
nld,2069,15090.560711073353
nor,2069,6382.934434926481
npl,2069,50210.62644946098
nru,2069,11.645372888855555
nzl,2069,4559.838816474072
omn,2069,7520.455275121359
pak,2069,376629.1486235494
pan,2069,6626.867145940589
per,2069,38302.246607289424
phl,2069,182181.7287148323
plw,2069,19.812723883428045
png,2069,14860.303050453915
pol,2069,29445.871211567413
pri,2069,2478.9723890175514
prk,2069,26234.276085774127
prt,2069,8481.097670929214
pry,2069,11671.678357307012
pse,2069,6012.069428997659
pyf,2069,395.2209404653883
qat,2069,4398.594168687268
reu,2069,920.0573091433106
rom,2069,13165.982931492816
rus,2069,130423.7584547628
rwa,2069,19853.69620890533
sau,2069,61690.16515731638
sdn,2069,56570.31054854118
sen,2069,22487.413999752902
sgp,2069,7406.663548532319
shn,2069,4.585166871497206
slb,2069,1203.839320040731
sle,2069,10874.446488266281
slv,2069,6533.324227959507
smr,2069,26.41143301948948
som,2069,18552.2663880846
spm,2069,4.43141437242473
srb,2069,7895.609496621284
stp,2069,183.77543310650051
sur,2069,805.0493012077293
svk,2069,4759.243094897789
svn,2069,2077.2054245836534
swe,2069,11045.979852454413
swz,2069,1086.2912519732183
syc,2069,74.25234085610599
syr,2069,28824.625377748394
tca,2069,42.63842645893207
tcd,2069,25988.520578408523
tgo,2069,9729.162724472955
tha,2069,73387.40937731785
tjk,2069,8550.192000768551
tkl,2069,0.8981157290404033
tkm,2069,6237.215565998461
tls,2069,2447.0897224716696
ton,2069,102.55513509042156
tto,2069,1264.4249214042663
tun,2069,9735.802592644148
tur,2069,78283.70528349036
tuv,2069,12.448424703207918
twn,2069,26421.612634656492
tza,2069,96941.00409022848
uga,2069,93668.29578710368
ukr,2069,36426.20752816663
ury,2069,3652.8611587880905
usa,2069,484615.82761098247
uzb,2069,33186.74138925997
vct,2069,112.31732544617475
ven,2069,49276.64721897785
vgb,2069,34.54588277509763
vir,2069,127.67493365090138
vnm,2069,111791.2886664008
vut,2069,547.907366685576
wlf,2069,8.798951703202546
wsm,2069,175.65872221469405
yem,2069,63455.19858510473
zaf,2069,52840.13270881401
zmb,2069,30500.80644902453
zwe,2069,10533.994287697813
abw,2070,173.63720339585652
afg,2070,102740.51894722397
ago,2070,51914.10763375592
aia,2070,17.00646733871405
alb,2070,2442.6410487775997
and,2070,61.64957487133904
ant,2070,239.02310552133795
are,2070,17026.13682887412
arg,2070,60599.38124526773
arm,2070,2013.1490195287302
asm,2070,62.631020745782685
atg,2070,111.43827460005035
aus,2070,29082.333551150972
aut,2070,7276.2312538461365
aze,2070,10061.002041586667
bdi,2070,15548.467831316959
bel,2070,10593.39044436169
ben,2070,18414.89656387907
bfa,2070,35394.91043308603
bgd,2070,212460.47396888706
bgr,2070,5431.556322615231
bhr,2070,3081.1181944159875
bhs,2070,605.7984888980369
bih,2070,2430.395654025913
blr,2070,7109.63487892532
blz,2070,578.982395405904
bmu,2070,50.33373143153306
bol,2070,18000.090914712622
bra,2070,265622.1617636214
brb,2070,296.6026418190316
brn,2070,733.9774545452133
btn,2070,1398.8484412612024
bwa,2070,2291.5870117029776
caf,2070,5850.096637504831
can,2070,39065.58343423711
che,2070,7857.691805178973
chi,2070,130.69842637700333
chl,2070,23852.664897028564
chn,2070,1259550.7888325583
civ,2070,27456.64718546384
cmr,2070,30230.93939855203
cod,2070,135918.89738940034
cog,2070,7385.202262982491
cok,2070,12.544272692127777
col,2070,75246.75971695392
com,2070,1032.2479199302886
cpv,2070,432.87576006247775
cri,2070,8124.979938724906
cub,2070,8603.38119576382
cym,2070,73.51405490684125
cyp,2070,1305.4232974447355
cze,2070,10746.61366462178
deu,2070,58975.830417799545
dji,2070,1064.2992868619392
dma,2070,84.77984204577928
dnk,2070,5578.948195361156
dom,2070,15435.379702079808
dza,2070,40354.60163865332
ecu,2070,25782.465053881555
egy,2070,109393.16289833929
eri,2070,5852.085748498175
esh,2070,410.0095371753495
esp,2070,40177.28775030104
est,2070,1150.3926870869277
eth,2070,154195.73969700487
fin,2070,5158.137091594037
fji,2070,1000.1115646247503
flk,2070,3.3753293954699646
fra,2070,63665.524791936
fro,2070,37.97315406984542
fsm,2070,103.17088964236449
gab,2070,2243.6752826617007
gbr,2070,66117.96788461418
geo,2070,2399.6454858291263
gha,2070,42515.7082064815
gib,2070,26.660471700907483
gin,2070,13286.382044651116
glp,2070,515.2119347243354
gmb,2070,3020.235144869692
gnb,2070,2182.330043848714
gnq,2070,1925.673769921928
grc,2070,7862.435048456061
grd,2070,136.86240613589388
grl,2070,44.55292308163567
gtm,2070,33535.52271828224
guf,2070,532.2091531347158
gum,2070,235.0046139252549
guy,2070,773.2244380714345
hkg,2070,10577.556278202988
hnd,2070,16162.703367066195
hrv,2070,3425.696497738559
hti,2070,15073.958097081393
hun,2070,7540.520181832356
idn,2070,313089.38508112356
imn,2070,65.77714315726031
ind,2070,1544500
irl,2070,5297.905713520765
irn,2070,87413.46823443855
irq,2070,77306.36829659356
isl,2070,417.98365337545874
isr,2070,16888.81784202453
ita,2070,45400.20548660076
jam,2070,3128.4519882758163
jor,2070,20003.184690961185
jpn,2070,107461
kaz,2070,20394.383029509972
ken,2070,72882.25000505721
kgz,2070,6304.319447299226
khm,2070,20695.93876183052
kir,2070,124.48324968339557
kna,2070,60.98341250396916
kor,2070,44054
kwt,2070,7817.242664842593
lao,2070,9913.96071219833
lbn,2070,6944.793230336379
lbr,2070,9822.921517997878
lby,2070,7310.989717120912
lca,2070,241.81982075180588
lie,2070,29.61133135620712
lka,2070,25174.881752657388
lso,2070,1875.6061505220746
ltu,2070,2041.3597341585828
lux,2070,761.4077313743629
lva,2070,1442.8004369632115
mac,2070,936.9057724386678
mar,2070,28352.38767911946
mco,2070,29.80731775002456
mda,2070,1870.8637517159993
mdg,2070,42938.448444697344
mdv,2070,711.0115852689831
mex,2070,181078.90875513596
mhl,2070,64.45680499922976
mkd,2070,2140.6094504568246
mli,2070,32966.23422066662
mlt,2070,345.95967322696566
mmr,2070,51965.00487954507
mne,2070,616.580459194399
mng,2070,4450.6302186518
mnp,2070,62.595111037048625
moz,2070,38729.398098852114
mrt,2070,5714.422782447179
msr,2070,5.915759035744288
mtq,2070,311.0499738356892
mus,2070,1057.9184565088547
mwi,2070,40385.62629445917
mys,2070,51148.20501292354
myt,2070,426.59113575972754
nam,2070,2551.2744709284016
ncl,2070,475.6157086319353
ner,2070,61482.91544233128
nga,2070,377204.4163997865
nic,2070,8200.084782117416
niu,2070,1.1548491691433453
nld,2070,15039.78767798683
nor,2070,6386.78337089656
npl,2070,50345.588035784385
nru,2070,11.651578305802724
nzl,2070,4546.32480007702
omn,2070,7550.2682361574125
pak,2070,377939.9323358879
pan,2070,6665.112495580159
per,2070,38372.242260265404
phl,2070,182746.9489368869
plw,2070,19.823281399595984
png,2070,14895.670778298503
pol,2070,29213.428457601156
pri,2070,2456.577363865435
prk,2070,26219.099132835345
prt,2070,8428.77771342892
pry,2070,11746.203074590596
pse,2070,6008.733663260607
pyf,2070,395.7667169203215
qat,2070,4402.7228083677755
reu,2070,919.1639215750444
rom,2070,13012.959848526978
rus,2070,130173.69844663928
rwa,2070,19929.792636904134
sau,2070,61993.88900362559
sdn,2070,56587.56134820854
sen,2070,22542.30752271022
sgp,2070,7396.646973223008
shn,2070,4.569807713055902
slb,2070,1208.576959061375
sle,2070,10885.040700100672
slv,2070,6530.758625998256
smr,2070,26.293787480216796
som,2070,18561.813961819582
spm,2070,4.416565762892275
srb,2070,7856.4078206801505
stp,2070,182.93081096804482
sur,2070,808.6911792166602
svk,2070,4729.568603954426
svn,2070,2074.0219899746307
swe,2070,11047.167845811002
swz,2070,1083.1778037947176
syc,2070,74.00361414673888
syr,2070,28920.016024916506
tca,2070,42.85382038758108
tcd,2070,26086.774882082278
tgo,2070,9724.715099232615
tha,2070,73026.43672214355
tjk,2070,8522.727941309548
tkl,2070,0.893064335866256
tkm,2070,6219.559780078073
tls,2070,2458.907703565825
ton,2070,102.18519969117973
tto,2070,1258.5347992751642
tun,2070,9666.0011719973445
tur,2070,77879.74531777318
tuv,2070,12.455058038727193
twn,2070,26435.691799349577
tza,2070,97393.95763090679
uga,2070,94438.7814921971
ukr,2070,36313.657713040106
ury,2070,3653.9981380606173
usa,2070,487268.42263613455
uzb,2070,33077.80560632922
vct,2070,112.29529180883502
ven,2070,49528.19203807708
vgb,2070,34.72039609623867
vir,2070,128.11901696521605
vnm,2070,111833.54305412406
vut,2070,550.2038182669305
wlf,2070,8.749462574868607
wsm,2070,174.71525361072128
yem,2070,63982.24028118522
zaf,2070,52637.70356373439
zmb,2070,30655.15304798474
zwe,2070,10470.370841064425
abw,2071,174.52010636072518
afg,2071,103617.81972216368
ago,2071,52056.927279087635
aia,2071,17.093618313281056
alb,2071,2422.751031627371
and,2071,61.4187550081197
ant,2071,240.2479981563178
are,2071,17018.879107969533
arg,2071,60832.93866071593
arm,2071,1995.948454337305
asm,2071,62.62961597487429
atg,2071,112.00934877095423
aus,2071,29038.932268735414
aut,2071,7233.108957661971
aze,2071,10020.438477522679
bdi,2071,15549.746795082161
bel,2071,10562.970233687405
ben,2071,18465.242724725205
bfa,2071,35565.22827870421
bgd,2071,211750.40156072087
bgr,2071,5398.481547006989
bhr,2071,3095.4070439938682
bhs,2071,608.4199641621158
bih,2071,2405.5814234750665
blr,2071,7067.103082649956
blz,2071,581.8390052364451
bmu,2071,50.14527879372345
bol,2071,18096.127409786634
bra,2071,265844.1117026605
brb,2071,296.26130730615404
brn,2071,734.3822541224055
btn,2071,1400.4098283436033
bwa,2071,2287.2759209790042
caf,2071,5842.030899485232
can,2071,39108.1934008041
che,2071,7828.714608242743
chi,2071,130.20908329617458
chl,2071,23899.15413841713
chn,2071,1254814.6574333226
civ,2071,27424.348328531505
cmr,2071,30210.494480961625
cod,2071,136278.9804448279
cog,2071,7392.918608560885
cok,2071,12.476608927451087
col,2071,75582.73735097036
com,2071,1031.79458349782
cpv,2071,430.49056893106723
cri,2071,8160.305054250482
cub,2071,8539.031670388356
cym,2071,73.89078344204495
cyp,2071,1299.6798172887875
cze,2071,10706.112264764608
deu,2071,58579.59990832942
dji,2071,1061.7719541308754
dma,2071,85.21430299000528
dnk,2071,5572.928857525121
dom,2071,15497.86092667908
dza,2071,40169.448557920005
ecu,2071,25902.205142990308
egy,2071,109213.13095029898
eri,2071,5864.871531553122
esh,2071,408.9622503407947
esp,2071,39946.04938567277
est,2071,1147.5669409497125
eth,2071,154392.69231784096
fin,2071,5150.8146742140525
fji,2071,996.9872367221843
flk,2071,3.392626535460362
fra,2071,63561.537007856954
fro,2071,37.83098020657547
fsm,2071,102.62470416936048
gab,2071,2238.199854645849
gbr,2071,66019.05209801185
geo,2071,2377.5233080517396
gha,2071,42609.08355952102
gib,2071,26.560653227800262
gin,2071,13273.257855815662
glp,2071,517.5201001639645
gmb,2071,3022.4289987162424
gnb,2071,2180.2148246587194
gnq,2071,1929.5392436726834
grc,2071,7804.89972641578
grd,2071,137.12882913681415
grl,2071,44.38611415175762
gtm,2071,33815.06665965348
guf,2071,536.0298045875332
gum,2071,234.849224189111
guy,2071,772.3497947019393
hkg,2071,10566.423444805921
hnd,2071,16257.774352475162
hrv,2071,3404.3690345602645
hti,2071,15107.901791123617
hun,2071,7486.849671094033
idn,2071,311572.4575371752
imn,2071,65.53086942028477
ind,2071,1539424
irl,2071,5289.487245970625
irn,2071,87014.03965987691
irq,2071,77807.29579630303
isl,2071,418.07234530739436
isr,2071,17061.33855421702
ita,2071,45078.01373496866
jam,2071,3130.946854284477
jor,2071,20093.055218013298
jpn,2071,106914
kaz,2071,20361.934726842333
ken,2071,73015.75937116715
kgz,2071,6283.974096843854
khm,2071,20772.306569577602
kir,2071,124.48045760934578
kna,2071,61.29592678023181
kor,2071,43873
kwt,2071,7840.7267635960425
lao,2071,9896.9129392621835
lbn,2071,6920.0456152105535
lbr,2071,9861.256276429713
lby,2071,7293.144826270762
lca,2071,242.21113705310208
lie,2071,29.500464680035442
lka,2071,25102.555837814627
lso,2071,1867.5308721083497
ltu,2071,2026.8220404256417
lux,2071,760.9230236180479
lva,2071,1433.0710506844578
mac,2071,936.090084804901
mar,2071,28160.450807433528
mco,2071,29.695717288539548
mda,2071,1843.328897705569
mdg,2071,43087.307707903165
mdv,2071,709.8260884735967
mex,2071,181887.90225985536
mhl,2071,64.45535927723078
mkd,2071,2130.585394307337
mli,2071,33083.62522187748
mlt,2071,343.4230745940103
mmr,2071,51639.10299919903
mne,2071,613.402100409234
mng,2071,4475.855372226122
mnp,2071,62.59370707157042
moz,2071,38775.78713523056
mrt,2071,5718.676983669247
msr,2071,5.946074806503747
mtq,2071,309.57791119365896
mus,2071,1052.604683992141
mwi,2071,40702.260752432274
mys,2071,51200.94307800793
myt,2071,428.16602723469225
nam,2071,2544.904691702287
ncl,2071,476.5161889190836
ner,2071,62190.92003609893
nga,2071,379797.8073832432
nic,2071,8222.770891563614
niu,2071,1.1486199166122661
nld,2071,14997.971878358305
nor,2071,6391.381181243916
npl,2071,50398.49745727466
nru,2071,11.65131696887981
nzl,2071,4532.051987267482
omn,2071,7571.142233263282
pak,2071,378790.84003048105
pan,2071,6697.975893998916
per,2071,38438.561391911746
phl,2071,183032.89390493112
plw,2071,19.822836776968295
png,2071,14906.841325206575
pol,2071,28968.089675033538
pri,2071,2435.568700619709
prk,2071,26212.55790108355
prt,2071,8379.231167156462
pry,2071,11813.204890956442
pse,2071,6007.029006049201
pyf,2071,395.94798447582326
qat,2071,4398.949917645841
reu,2071,918.7385949630393
rom,2071,12862.733570812863
rus,2071,129879.37733439868
rwa,2071,20007.580175541316
sau,2071,62225.01375763984
sdn,2071,56593.841191327905
sen,2071,22601.92318270213
sgp,2071,7373.630339837696
shn,2071,4.558135059079847
slb,2071,1211.2921399352672
sle,2071,10892.01258906633
slv,2071,6529.611212629079
smr,2071,26.195341895760325
som,2071,18579.36407923202
spm,2071,4.406599195895633
srb,2071,7807.963502366938
stp,2071,182.23249265178734
sur,2071,811.9979369855687
svk,2071,4697.143996142311
svn,2071,2069.736788399446
swe,2071,11052.440327247396
swz,2071,1080.1299180049027
syc,2071,73.81458681010838
syr,2071,28989.953050334825
tca,2071,43.073428148341314
tcd,2071,26188.26057653043
tgo,2071,9718.70951560021
tha,2071,72591.55255362927
tjk,2071,8495.250364802685
tkl,2071,0.8882471498446926
tkm,2071,6197.952392218033
tls,2071,2469.805838350858
ton,2071,101.83412628963102
tto,2071,1252.6322221454259
tun,2071,9599.238043892658
tur,2071,77479.44957746584
tuv,2071,12.454778680304054
twn,2071,26435.0988648845
tza,2071,97836.16204036078
uga,2071,95213.99255863164
ukr,2071,36185.35845734204
ury,2071,3655.0870614356168
usa,2071,489551.2312993803
uzb,2071,32955.750375225354
vct,2071,112.27158409289103
ven,2071,49735.552911283245
vgb,2071,34.898323486852675
vir,2071,128.52754860784682
vnm,2071,111868.62272379009
vut,2071,551.5166727928894
wlf,2071,8.702268003190893
wsm,2071,173.85796065774693
yem,2071,64451.724275886736
zaf,2071,52431.56032087529
zmb,2071,30809.281196838703
zwe,2071,10413.317212629061
abw,2072,175.40657191182703
afg,2072,104495.07814973056
ago,2072,52199.82381846335
aia,2072,17.181125150335212
alb,2072,2402.8662788226707
and,2072,61.187772168322034
ant,2072,241.47789238011228
are,2072,17011.545707076828
arg,2072,61066.97587245139
arm,2072,1978.75585255683
asm,2072,62.62820947270623
atg,2072,112.5827548018954
aus,2072,28995.46046364384
aut,2072,7190.086865875476
aze,2072,9979.881961796995
bdi,2072,15551.258959358627
bel,2072,10532.452503190912
ben,2072,18515.617754788713
bfa,2072,35735.22910268963
bgd,2072,211040.35495849026
bgr,2072,5365.381246525508
bhr,2072,3109.703541159642
bhs,2072,611.0491707597713
bih,2072,2380.789201001922
blr,2072,7024.58627086268
blz,2072,584.7065996967875
bmu,2072,49.95669309385558
bol,2072,18192.579400158673
bra,2072,266059.9555469958
brb,2072,295.90712226949194
brn,2072,734.787014489882
btn,2072,1401.9711052199507
bwa,2072,2283.0219898084724
caf,2072,5834.096191780047
can,2072,39150.803300949956
che,2072,7799.713310502774
chi,2072,129.71939470149005
chl,2072,23945.366975489243
chn,2072,1250070.1148661117
civ,2072,27392.63630160505
cmr,2072,30190.619120650543
cod,2072,136639.3349182967
cog,2072,7400.70971439141
cok,2072,12.409441710507082
col,2072,75919.78139140744
com,2072,1031.3594551472445
cpv,2072,428.1241311297622
cri,2072,8195.735560551322
cub,2072,8473.751922868107
cym,2072,74.26905026817639
cyp,2072,1293.9393237882362
cze,2072,10665.477115810956
deu,2072,58184.53293487687
dji,2072,1059.2738279904233
dma,2072,85.65053796318448
dnk,2072,5566.782935987769
dom,2072,15560.494988496883
dza,2072,39985.85530874899
ecu,2072,26022.357937611658
egy,2072,109035.6971194211
eri,2072,5877.682766164103
esh,2072,407.9265880970403
esp,2072,39715.312642573284
est,2072,1144.7406933208179
eth,2072,154591.02432061767
fin,2072,5143.388437359025
fji,2072,993.8630204957486
flk,2072,3.4099943046466827
fra,2072,63456.37016938525
fro,2072,37.68870595762189
fsm,2072,102.07854027242792
gab,2072,2232.786744799459
gbr,2072,65918.84356050385
geo,2072,2355.41179071926
gha,2072,42702.64135807566
gib,2072,26.460764275172888
gin,2072,13260.404947167555
glp,2072,519.8356464801683
gmb,2072,3024.658297720473
gnb,2072,2178.143959118578
gnq,2072,1933.414823543559
grc,2072,7747.554959493691
grd,2072,137.39366285985565
grl,2072,44.219187441943966
gtm,2072,34096.41490925618
guf,2072,539.8727864192292
gum,2072,234.69383469949258
guy,2072,771.4418063917811
hkg,2072,10555.290808396248
hnd,2072,16353.308904613343
hrv,2072,3383.027032041023
hti,2072,15141.717540116944
hun,2072,7433.169606159803
idn,2072,310055.58915601834
imn,2072,65.2844217951073
ind,2072,1534348
irl,2072,5280.968897417646
irn,2072,86613.72711551425
irq,2072,78308.60999225604
isl,2072,418.1474942178773
isr,2072,17234.03004306576
ita,2072,44756.84682631731
jam,2072,3133.3685831034722
jor,2072,20182.971434000177
jpn,2072,106367
kaz,2072,20329.46480330807
ken,2072,73149.71600835347
kgz,2072,6263.629503962608
khm,2072,20850.50573747998
kir,2072,124.47766209430416
kna,2072,61.60971714213978
kor,2072,43692
kwt,2072,7864.212798444903
lao,2072,9879.865647994242
lbn,2072,6895.237327268244
lbr,2072,9899.548295266824
lby,2072,7275.503015023388
lca,2072,242.59883212261144
lie,2072,29.389519723462413
lka,2072,25030.232450233947
lso,2072,1859.5254059128627
ltu,2072,2012.2903268627201
lux,2072,760.4185065852199
lva,2072,1423.3454974899835
mac,2072,935.2744069656884
mar,2072,27969.923113002813
mco,2072,29.584038028544313
mda,2072,1815.809776254362
mdg,2072,43236.074916525555
mdv,2072,708.6406245544961
mex,2072,182699.46689171944
mhl,2072,64.45391177350344
mkd,2072,2120.541228061548
mli,2072,33200.92982912515
mlt,2072,340.8948979425377
mmr,2072,51313.21426793305
mne,2072,610.2189206011382
mng,2072,4501.586796600416
mnp,2072,62.592301375825166
moz,2072,38822.53822922193
mrt,2072,5722.997725401058
msr,2072,5.976514365271727
mtq,2072,308.10733893504147
mus,2072,1047.3341325513798
mwi,2072,41017.91405136883
mys,2072,51253.67730898966
myt,2072,429.739518015588
nam,2072,2538.6065019970156
ncl,2072,477.4166151350214
ner,2072,62896.28646025332
nga,2072,382383.87785335694
nic,2072,8245.430617793967
niu,2072,1.1424363771927082
nld,2072,14956.007301122623
nor,2072,6395.747664998214
npl,2072,50451.40305996047
nru,2072,11.651055309881547
nzl,2072,4517.848773186995
omn,2072,7592.015627005537
pak,2072,379641.69867878646
pan,2072,6730.965527504073
per,2072,38504.349156334116
phl,2072,183318.82079414895
plw,2072,19.822391606381345
png,2072,14918.010943635114
pol,2072,28722.838750444662
pri,2072,2414.454762982752
prk,2072,26207.017370914356
prt,2072,8329.797641744317
pry,2072,11880.522196742131
pse,2072,6005.298812327351
pyf,2072,396.12923255114134
qat,2072,4395.154863314022
reu,2072,918.3295913881774
rom,2072,12712.683093712309
rus,2072,129584.98113156245
rwa,2072,20085.28094945604
sau,2072,62456.21526759652
sdn,2072,56600.9615203214
sen,2072,22661.58438714132
sgp,2072,7350.61452833157
shn,2072,4.546591968296557
slb,2072,1214.0071642317528
sle,2072,10899.116958528306
slv,2072,6528.24605126381
smr,2072,26.096826801148694
som,2072,18597.111436982166
spm,2072,4.396699050035103
srb,2072,7759.484279150188
stp,2072,181.5405310616001
sur,2072,815.3130425217444
svk,2072,4664.709261114993
svn,2072,2065.4139865532825
swe,2072,11057.332845115574
swz,2072,1077.114166329376
syc,2072,73.62765762401884
syr,2072,29059.87406164266
tca,2072,43.29393263073123
tcd,2072,26289.6343884459
tgo,2072,9712.884254847695
tha,2072,72156.6858257241
tjk,2072,8467.77379294447
tkl,2072,0.883465314543095
tkm,2072,6176.346859486714
tls,2072,2480.703413200246
ton,2072,101.48306572894992
tto,2072,1246.6295132027474
tun,2072,9532.962060263531
tur,2072,77079.76561807978
tuv,2072,12.454498977595618
twn,2072,26434.505199678555
tza,2072,98277.62807860255
uga,2072,95986.73307779714
ukr,2072,36057.071578164716
ury,2072,3656.071875485115
usa,2072,491834.14523701725
uzb,2072,32833.71016070731
vct,2072,112.24409150661451
ven,2072,49943.474585730706
vgb,2072,35.07697740616094
vir,2072,128.93622175075325
vnm,2072,111908.7752288935
vut,2072,552.8294525889597
wlf,2072,8.655419766921407
wsm,2072,173.0007012044936
yem,2072,64921.60340932811
zaf,2072,52227.27256411382
zmb,2072,30963.10125919249
zwe,2072,10356.713950985757
abw,2073,176.296621914399
afg,2073,105372.2941515921
ago,2073,52342.79597869556
aia,2073,17.26899003396895
alb,2073,2382.9868845683022
and,2073,60.95662617927411
ant,2073,242.7128188897818
are,2073,17004.1371076752
arg,2073,61301.49582520557
arm,2073,1961.5712792901538
asm,2073,62.6268012360761
atg,2073,113.15850700457587
aus,2073,28951.918909329866
aut,2073,7147.16508465216
aze,2073,9939.33255203153
bdi,2073,15553.000462885195
bel,2073,10501.837149551005
ben,2073,18566.021176062106
bfa,2073,35904.918154187384
bgd,2073,210330.33420992998
bgr,2073,5332.254964406378
bhr,2073,3124.00763725904
bhs,2073,613.6861561417686
bih,2073,2356.019380438267
blr,2073,6982.084566065383
blz,2073,587.5852462046771
bmu,2073,49.76797419095161
bol,2073,18289.44943591527
bra,2073,266269.65582070453
brb,2073,295.54000783944656
brn,2073,735.1917355751146
btn,2073,1403.5322716863895
bwa,2073,2278.824271761366
caf,2073,5826.290344830296
can,2073,39193.41313533647
che,2073,7770.687886424523
chi,2073,129.22936022688143
chl,2073,23991.30171182397
chn,2073,1245316.9148383061
civ,2073,27361.50138813669
cmr,2073,30171.303887067417
cod,2073,136999.95631575162
cog,2073,7408.57434261719
cok,2073,12.342765595435429
col,2073,76257.89838329384
com,2073,1030.9422333948346
cpv,2073,425.776136146785
cri,2073,8231.272104459289
cub,2073,8407.536244000203
cym,2073,74.64886482643739
cyp,2073,1288.2018201074115
cze,2073,10624.705824337536
deu,2073,57790.63073019599
dji,2073,1056.804424846987
dma,2073,86.08855785335189
dnk,2073,5560.510296635011
dom,2073,15623.282825565813
dza,2073,39803.796063936905
ecu,2073,26142.925970709926
egy,2073,108860.81838689386
eri,2073,5890.5190309122145
esh,2073,406.9023579677458
esp,2073,39485.07805246528
est,2073,1141.9139401004263
eth,2073,154790.7128659601
fin,2073,5135.858271033321
fji,2073,990.7389161520175
flk,2073,3.427433136512921
fra,2073,63350.023027325195
fro,2073,37.54633121662713
fsm,2073,101.53239799147741
gab,2073,2227.4349212777615
gbr,2073,65817.34090243423
geo,2073,2333.3110209834554
gha,2073,42796.3785812696
gib,2073,26.36080476835307
gin,2073,13247.818826934252
glp,2073,522.158618972795
gmb,2073,3026.9224549925448
gnb,2073,2176.1167128344214
gnq,2073,1937.3003422005777
grc,2073,7690.400949580926
grd,2073,137.65689755088616
grl,2073,44.05214282740813
gtm,2073,34379.5785409632
guf,2073,543.7382356816515
gum,2073,234.53844545685558
guy,2073,770.5002684876604
hkg,2073,10544.15836933835
hnd,2073,16449.30986860384
hrv,2073,3361.670230001151
hti,2073,15175.404558803531
hun,2073,7379.479816058527
idn,2073,308538.7800470899
imn,2073,65.03780009749524
ind,2073,1529272
irl,2073,5272.350562038964
irn,2073,86212.53622520268
irq,2073,78810.30842427515
isl,2073,418.20908575822006
isr,2073,17406.89122208263
ita,2073,44436.70584645703
jam,2073,3135.716725856094
jor,2073,20272.933048246945
jpn,2073,105820
kaz,2073,20296.973082151268
ken,2073,73284.11251084154
kgz,2073,6243.285674848852
khm,2073,20930.589890728726
kir,2073,124.47486313190572
kna,2073,61.92479142162001
kor,2073,43511
kwt,2073,7887.70075707165
lao,2073,9862.818839285479
lbn,2073,6870.368752512403
lbr,2073,9937.798282178068
lby,2073,7258.060920850208
lca,2073,242.98288373516266
lie,2073,29.27849640355079
lka,2073,24957.9115945902
lso,2073,1851.5885960067258
ltu,2073,1997.7646423591857
lux,2073,759.8941592881602
lva,2073,1413.6238087161996
mac,2073,934.4587389391471
mar,2073,27780.78126311084
mco,2073,29.472279886552673
mda,2073,1788.3065159799328
mdg,2073,43384.75159477554
mdv,2073,707.4551935724947
mex,2073,183513.61843092294
mhl,2073,64.45246248475193
mkd,2073,2110.476591851806
mli,2073,33318.14947289385
mlt,2073,338.37515219554814
mmr,2073,50987.33871006983
mne,2073,607.0308334985114
mng,2073,4527.839316203568
mnp,2073,62.59089394661229
moz,2073,38869.645385989454
mrt,2073,5727.383905885653
msr,2073,6.007078471792407
mtq,2073,306.6382586388824
mus,2073,1042.1060865455065
mwi,2073,41332.60243699351
mys,2073,51306.40769877657
myt,2073,431.31163129466944
nam,2073,2532.3787164556793
ncl,2073,478.3169871797295
ner,2073,63599.058396782224
nga,2073,384962.74902089953
nic,2073,8268.063798882496
niu,2073,1.1362980495286001
nld,2073,14913.893788651498
nor,2073,6399.882577071376
npl,2073,50504.30483677797
nru,2073,11.65079332821218
nzl,2073,4503.714394515268
omn,2073,7612.888421222798
pak,2073,380492.50819008006
pan,2073,6764.082170858658
per,2073,38569.602292286516
phl,2073,183604.72957109887
plw,2073,19.82194588682155
png,2073,14929.179631866662
pol,2073,28477.67725604203
pri,2073,2393.2364820242915
prk,2073,26202.506844490654
prt,2073,8280.477256936892
pry,2073,11948.156928251943
pse,2073,6003.543244559383
pyf,2073,396.3104611102422
qat,2073,4391.337786378117
reu,2073,917.9366405787122
rom,2073,12562.811563155226
rus,2073,129290.50922424652
rwa,2073,20162.89639527147
sau,2073,62687.49304517116
sdn,2073,56608.90841868666
sen,2073,22721.290381917075
sgp,2073,7327.599540224912
shn,2073,4.53517629543919
slb,2073,1216.7220316612006
sle,2073,10906.351614915957
slv,2073,6526.661805482445
smr,2073,25.99824212273664
som,2073,18615.05276922618
spm,2073,4.386864663530866
srb,2073,7710.969526411027
stp,2073,180.85482094480003
sur,2073,818.636547059291
svk,2073,4632.264217647229
svn,2073,2061.0529115840095
swe,2073,11061.844996848158
swz,2073,1074.1300167015186
syc,2073,73.44279184794942
syr,2073,29129.779160722424
tca,2073,43.51533933834559
tcd,2073,26390.898170344695
tgo,2073,9707.236331245193
tha,2073,71721.83657068896
tjk,2073,8440.29823394816
tkl,2073,0.878718442254359
tkm,2073,6154.743197050258
tls,2073,2491.600427078243
ton,2073,101.13201803288891
tto,2073,1240.5260578919526
tun,2073,9467.165155124021
tur,2073,76680.69408779044
tuv,2073,12.454218929965037
twn,2073,26433.910802380033
tza,2073,98718.36797135184
uga,2073,96757.043956243
ukr,2073,35928.79717668927
ury,2073,3656.951941242106
usa,2073,494117.1635179758
uzb,2073,32711.685085539404
vct,2073,112.21279082050852
ven,2073,50151.960503315735
vgb,2073,35.25636231320561
vir,2073,129.34503726238793
vnm,2073,111954.14911027088
vut,2073,554.1421575169094
wlf,2073,8.608914067645342
wsm,2073,172.14347531292782
yem,2073,65391.87516762041
zaf,2073,52024.80957089121
zmb,2073,31116.618336246105
zwe,2073,10300.553599101951
abw,2074,177.19027841297418
afg,2074,106249.46764922244
ago,2074,52485.84251455045
aia,2074,17.35721516618436
alb,2074,2363.1129453302665
and,2074,60.72531686805989
ant,2074,243.95280863410412
are,2074,16996.653787168234
arg,2074,61536.50148785677
arm,2074,1944.394800351708
asm,2074,62.625391261773565
atg,2074,113.73661980805419
aus,2074,28908.30836797791
aut,2074,7104.343720307536
aze,2074,9898.790306478
bdi,2074,15554.967529177524
bel,2074,10471.124069300438
ben,2074,18616.452521032916
bfa,2074,36074.300567093705
bgd,2074,209620.3393628928
bgr,2074,5299.102232921484
bhr,2074,3138.3192840496404
bhs,2074,616.3309681479701
bih,2074,2331.272365069038
blr,2074,6939.598092098912
blz,2074,590.475012730689
bmu,2074,49.579121943834465
bol,2074,18386.74008805379
bra,2074,266473.1747405588
brb,2074,295.1598844996836
brn,2074,735.5964173053953
btn,2074,1405.0933275385626
bwa,2074,2274.681841187235
caf,2074,5818.611236711253
can,2074,39236.022904616635
che,2074,7741.63831043735
chi,2074,128.7389795057631
chl,2074,24036.956637089614
chn,2074,1240554.8013467102
civ,2074,27330.934084912573
cmr,2074,30152.53955671554
cod,2074,137360.84024180792
cog,2074,7416.5112825593915
cok,2074,12.27657521572197
col,2074,76597.09492532781
com,2074,1030.5426233761598
cpv,2074,423.44628028787304
cri,2074,8266.915338110288
cub,2074,8340.37887776596
cym,2074,75.0302366354481
cyp,2074,1282.467309415114
cze,2074,10583.795939471698
deu,2074,57397.89452878293
dji,2074,1054.3632717246219
dma,2074,86.52837363782486
dnk,2074,5554.110805163223
dom,2074,15686.225383610368
dza,2074,39623.24556333563
ecu,2074,26263.911796019864
egy,2074,108688.45267841511
eri,2074,5903.3799136311045
esh,2074,405.88937170253035
esp,2074,39255.346147562515
est,2074,1139.0866771439078
eth,2074,154991.73561594842
fin,2074,5128.224065085861
fji,2074,987.6149238980752
flk,2074,3.4449434680976587
fra,2074,63242.49433071579
fro,2074,37.4038558770833
fsm,2074,100.98627736651805
gab,2074,2222.1433748908994
gbr,2074,65714.54275221152
geo,2074,2311.221086948671
gha,2074,42890.292274552594
gib,2074,26.260774632562953
gin,2074,13235.495101963392
glp,2074,524.4890633131537
gmb,2074,3029.220896528215
gnb,2074,2174.1323675365393
gnq,2074,1941.1956359837018
grc,2074,7633.437898853921
grd,2074,137.9185233757889
grl,2074,43.88498018318714
gtm,2074,34664.568719453746
guf,2074,547.6262905504798
gum,2074,234.38305646165716
guy,2074,769.524974658108
hkg,2074,10533.026127997517
hnd,2074,16545.780112899905
hrv,2074,3340.2983620158748
hti,2074,15208.962055486358
hun,2074,7325.780125715248
idn,2074,307022.030320097
imn,2074,64.79100414295544
ind,2074,1524196
irl,2074,5263.6321338621665
irn,2074,85810.47256518988
irq,2074,79312.38865300779
isl,2074,418.2571055594572
isr,2074,17579.92101397641
ita,2074,44117.59188273249
jam,2074,3137.9908299848184
jor,2074,20362.939772539205
jpn,2074,105273
kaz,2074,20264.45938468405
ken,2074,73418.9416354559
kgz,2074,6222.942615763632
khm,2074,21012.61476879471
kir,2074,124.47206071576977
kna,2074,62.24115751482161
kor,2074,43330
kwt,2074,7911.190627263035
lao,2074,9845.772514029064
lbn,2074,6845.440273678559
lbr,2074,9976.006929294894
lby,2074,7240.815255049437
lca,2074,243.36326948333573
lie,2074,29.16739463724608
lka,2074,24885.593275569747
lso,2074,1843.7193118403238
ltu,2074,1983.2450363387688
lux,2074,759.3499607094906
lva,2074,1403.9060160420252
mac,2074,933.6430807434398
mar,2074,27593.002437328098
mco,2074,29.36044277896044
mda,2074,1760.8192469056373
mdg,2074,43533.339233398925
mdv,2074,706.2697955885561
mex,2074,184330.3727870588
mhl,2074,64.4510114076724
mkd,2074,2100.3911171725576
mli,2074,33435.28555226049
mlt,2074,335.8638462886513
mmr,2074,50661.476349992015
mne,2074,603.8377507589753
mng,2074,4554.628339947043
mnp,2074,62.58948478072332
moz,2074,38917.10274231741
mrt,2074,5731.834447555955
msr,2074,6.037767892039898
mtq,2074,305.17067188645836
mus,2074,1036.9198460458836
mwi,2074,41646.34179834404
mys,2074,51359.134240258994
myt,2074,432.8823897549879
nam,2074,2526.220175746756
ncl,2074,479.21730495294264
ner,2074,64299.27856860313
nga,2074,387534.5394353702
nic,2074,8290.670271575416
niu,2074,1.1302044395686268
nld,2074,14871.631183093852
nor,2074,6403.785672028972
npl,2074,50557.20278064585
nru,2074,11.650531023274475
nzl,2074,4489.648099053593
omn,2074,7633.760619721201
pak,2074,381343.2684734142
pan,2074,6797.326605178785
per,2074,38634.31751178048
phl,2074,183890.62020225695
plw,2074,19.82149961727281
png,2074,14940.34738817951
pol,2074,28232.606801770842
pri,2074,2371.9147778668776
prk,2074,26199.056779271366
prt,2074,8231.270132647807
pry,2074,12016.111037667924
pse,2074,6001.762463834404
pyf,2074,396.4916701170033
qat,2074,4387.498826650339
reu,2074,917.5594781969129
rom,2074,12413.122200583315
rus,2074,128995.96099185685
rwa,2074,20240.427918068624
sau,2074,62918.84660617286
sdn,2074,56617.668275468386
sen,2074,22781.04042947572
sgp,2074,7304.585377041754
shn,2074,4.523885942341814
slb,2074,1219.4367419332657
sle,2074,10913.714412820098
slv,2074,6524.857127906253
smr,2074,25.8995877867748
som,2074,18633.184881824214
spm,2074,4.377095383365429
srb,2074,7662.418604537859
stp,2074,180.1752593596042
sur,2074,821.9685022524328
svk,2074,4599.808680163823
svn,2074,2056.652874489023
swe,2074,11065.976379308871
swz,2074,1071.1769487366253
syc,2074,73.25995550413315
syr,2074,29199.668448594162
tca,2074,43.737653819908914
tcd,2074,26492.05373406945
tgo,2074,9701.762824616728
tha,2074,71287.0048208645
tjk,2074,8412.823696116775
tkl,2074,0.8740061509202721
tkm,2074,6133.141420240564
tls,2074,2502.4968789465443
ton,2074,100.78098322525925
tto,2074,1234.3212366184757
tun,2074,9401.839439582856
tur,2074,76282.23563568915
tuv,2074,12.453938536773897
twn,2074,26433.31567163391
tza,2074,99158.39367590366
uga,2074,97524.96520238517
ukr,2074,35800.53535520273
ury,2074,3657.7266145000112
usa,2074,496400.2852221331
uzb,2074,32589.67527382777
vct,2074,112.17765861459253
ven,2074,50361.014134158184
vgb,2074,35.436482703593136
vir,2074,129.75399601832456
vnm,2074,112004.8987652768
vut,2074,555.4547874381644
wlf,2074,8.562747162290782
wsm,2074,171.28628304516903
yem,2074,65862.5370581543
zaf,2074,51824.14129318509
zmb,2074,31269.83741719886
zwe,2074,10244.828863669736
abw,2075,178.08756363322348
afg,2075,107126.5985639019
ago,2075,52628.96220798509
aia,2075,17.445802767077193
alb,2075,2343.244559904017
and,2075,60.493844061519006
ant,2075,245.1978928161604
are,2075,16989.096218926934
arg,2075,61771.99585367834
arm,2075,1927.2264822772527
asm,2075,62.62397954658037
atg,2075,114.3171077599513
aus,2075,28864.629590707642
aut,2075,7061.622879307437
aze,2075,9858.255284026563
bdi,2075,15557.156464214151
bel,2075,10440.313158825726
ben,2075,18666.911332397227
bfa,2075,36243.3813632017
bgd,2075,208910.37046534935
bgr,2075,5265.922573048038
bhr,2075,3152.6384336965225
bhs,2075,618.9836550113359
bih,2075,2306.5485679176613
blr,2075,6897.126974161413
blz,2075,593.3759678039057
bmu,2075,49.39013621112751
bol,2075,18484.45394869726
bra,2075,266670.4742128697
brb,2075,294.76667208049105
brn,2075,736.0010596078374
btn,2075,1406.6542725716065
bwa,2075,2270.5937926480256
caf,2075,5811.056791832305
can,2075,39278.63260943486
che,2075,7712.564556934483
chi,2075,128.24825217103128
chl,2075,24082.33002690088
chn,2075,1235783.5081942142
civ,2075,27300.92509622997
cmr,2075,30134.31710750145
cod,2075,137721.98239705784
cog,2075,7424.519349975439
cok,2075,12.210865282758853
col,2075,76937.37767042853
com,2075,1030.1603366654144
cpv,2075,421.1342664901962
cri,2075,8302.665918998779
cub,2075,8272.274020850073
cym,2075,75.41317529204235
cyp,2075,1276.7357948846252
cze,2075,10542.744951157312
deu,2075,57006.32556687902
dji,2075,1051.949905975232
dma,2075,86.96999638412044
dnk,2075,5547.5843270789355
dom,2075,15749.323616125997
dza,2075,39444.17909837467
ecu,2075,26385.317988260056
egy,2075,108518.55883841238
eri,2075,5916.265011154448
esh,2075,404.88744516162666
esp,2075,39026.11746083106
est,2075,1136.258900261207
eth,2075,155194.07072043134
fin,2075,5120.485709209856
fji,2075,984.4910439415164
flk,2075,3.4625257400305873
fra,2075,63133.782826827715
fro,2075,37.261279832331965
fsm,2075,100.44017843765766
gab,2075,2216.9111184855683
gbr,2075,65610.4477363054
geo,2075,2289.142077684883
gha,2075,42984.379547889606
gib,2075,26.160673792919017
gin,2075,13223.429475030971
glp,2075,526.8270255478308
gmb,2075,3031.553060857132
gnb,2075,2172.190220639274
gnq,2075,1945.1005448065555
grc,2075,7576.666009774916
grd,2075,138.1785304196412
grl,2075,43.71769938414142
gtm,2075,34951.39670114617
guf,2075,551.5370903367713
gum,2075,234.22766771435556
guy,2075,768.5157168762506
hkg,2075,10521.894084739908
hnd,2075,16642.722529524613
hrv,2075,3318.9111552268114
hti,2075,15242.389231963127
hun,2075,7272.070355827312
idn,2075,305505.3400850175
imn,2075,64.54403374673409
ind,2075,1519120
irl,2075,5254.8135067650355
irn,2075,85407.54166462141
irq,2075,79814.8482597064
isl,2075,418.29153923231144
isr,2075,17753.118350555622
ita,2075,43799.50602402556
jam,2075,3140.190439213504
jor,2075,20452.99132109711
jpn,2075,104726
kaz,2075,20231.923530260097
ken,2075,73554.19629718234
kgz,2075,6202.600333036618
khm,2075,21096.638330665402
kir,2075,124.46925483949978
kna,2075,62.55882338277565
kor,2075,43149
kwt,2075,7934.682396908964
lao,2075,9828.72667312037
lbn,2075,6820.452270269312
lbr,2075,10014.174913635465
lby,2075,7223.762800730993
lca,2075,243.73996677559188
lie,2075,29.056214341376432
lka,2075,24813.27749787052
lso,2075,1835.9164475505906
ltu,2075,1968.7315587668882
lux,2075,758.7858898021221
lva,2075,1394.1921514935837
mac,2075,932.8274323967731
mar,2075,27406.564313529318
mco,2075,29.248526622045272
mda,2075,1733.3481004798978
mdg,2075,43681.83929058983
mdv,2075,705.0844306637937
mex,2075,185149.7460004479
mhl,2075,64.44955853895274
mkd,2075,2090.2844266196043
mli,2075,33552.339435751885
mlt,2075,333.3609891700889
mmr,2075,50335.62721214253
mne,2075,600.6395819068675
mng,2075,4581.969890317122
mnp,2075,62.588073874941834
moz,2075,38964.90456301857
mrt,2075,5736.348296374524
msr,2075,6.068583398282262
mtq,2075,303.7045802612816
mus,2075,1031.7747264074333
mwi,2075,41959.14767750701
mys,2075,51411.85692630967
myt,2075,434.45181558429067
nam,2075,2520.1297458537506
ncl,2075,480.1175683541471
ner,2075,64996.98876574097
nga,2075,390099.36505763594
nic,2075,8313.249871277501
niu,2075,1.1241550604336736
nld,2075,14829.219326375494
nor,2075,6407.456704089622
npl,2075,50610.09688446531
nru,2075,11.650268394469721
nzl,2075,4475.649145523013
omn,2075,7654.632226274723
pak,2075,382193.9794376163
pan,2075,6830.699617998936
per,2075,38698.49149981048
phl,2075,184176.4926540162
plw,2075,19.82105279671652
png,2075,14951.514210847703
pol,2075,27987.62903645314
pri,2075,2350.490559846312
prk,2075,26196.698845515522
prt,2075,8182.176388960202
pry,2075,12084.386493213055
pse,2075,5999.9566298808195
pyf,2075,396.6728595352127
qat,2075,4383.638122761929
reu,2075,917.1978456770961
rom,2075,12263.618305229373
rus,2075,128701.33580699777
rwa,2075,20317.87689224737
sau,2075,63150.27547050061
sdn,2075,56627.22777691851
sen,2075,22840.83380836874
sgp,2075,7281.572040309892
shn,2075,4.512718856653808
slb,2075,1222.1512947568851
sle,2075,10921.203253678452
slv,2075,6522.830660085226
smr,2075,25.80086371940958
som,2075,18651.504650383275
spm,2075,4.367390565139087
srb,2075,7613.830858473797
stp,2075,179.50174561205444
sur,2075,825.3089601798337
svk,2075,4567.342458608321
svn,2075,2052.2131696277384
swe,2075,11069.726588791553
swz,2075,1068.254453413052
syc,2075,73.07911535673749
syr,2075,29269.542025424573
tca,2075,43.96088166973908
tcd,2075,26593.102851899643
tgo,2075,9696.460878550943
tha,2075,70852.19060867111
tjk,2075,8385.350187844337
tkl,2075,0.8693280640290052
tkm,2075,6111.541544557574
tls,2075,2513.3927677642837
ton,2075,100.42996132993075
tto,2075,1228.0144246966036
tun,2075,9336.977197009657
tur,2075,75884.39091178488
tuv,2075,12.453657797382204
twn,2075,26432.71980608181
tza,2075,99597.71688845495
uga,2075,98290.53595102049
ukr,2075,35672.286217113186
ury,2075,3658.3952457588766
usa,2075,498683.50944015366
uzb,2075,32467.68085103871
vct,2075,112.13867127644674
ven,2075,50570.638976891685
vgb,2075,35.61734310987004
vir,2075,130.16309890133178
vnm,2075,112061.1847392876
vut,2075,556.7673422138091
wlf,2075,8.516915362124424
wsm,2075,170.4291244634899
yem,2075,66333.5866093751
zaf,2075,51625.238339098214
zmb,2075,31422.763382306573
zwe,2075,10189.532610637016
abw,2076,178.78503333180157
afg,2076,107880.37094056142
ago,2076,52690.42208309101
aia,2076,17.53794739912243
alb,2076,2323.5694129040467
and,2076,60.2825563614207
ant,2076,246.49297048690255
are,2076,16955.4103048681
arg,2076,61985.66213761433
arm,2076,1911.6746929086432
asm,2076,62.59678745617987
atg,2076,114.92090386905872
aus,2076,28799.54216401848
aut,2076,7018.249183310417
aze,2076,9818.09404016526
bdi,2076,15531.475514486916
bel,2076,10408.707235400123
ben,2076,18684.16072376931
bfa,2076,36365.431991997495
bgd,2076,208011.85687993138
bgr,2076,5235.461070534144
bhr,2076,3162.194734812601
bhs,2076,621.2343079835726
bih,2076,2283.6808401210887
blr,2076,6858.83459256032
blz,2076,596.2002221754699
bmu,2076,49.21763058763005
bol,2076,18574.741086815062
bra,2076,266776.0088328231
brb,2076,294.3478398400856
brn,2076,735.3189870312158
btn,2076,1405.775653478523
bwa,2076,2262.594997885408
caf,2076,5795.043176129642
can,2076,39326.23829453235
che,2076,7682.4598058405945
chi,2076,127.80031769665256
chl,2076,24118.1103850224
chn,2076,1231125.792520402
civ,2076,27237.857578569863
cmr,2076,30070.81896345181
cod,2076,137869.7873139399
cog,2076,7419.516282374881
cok,2076,12.148536290603579
col,2076,77234.73518104923
com,2076,1028.2622275738345
cpv,2076,418.5220311772515
cri,2076,8331.842519225205
cub,2076,8215.50531351435
cym,2076,75.8114899687256
cyp,2076,1269.9495131134922
cze,2076,10507.182141594772
deu,2076,56620.74165637783
dji,2076,1048.1635184773368
dma,2076,87.42935147501449
dnk,2076,5541.1232262394
dom,2076,15806.142390635827
dza,2076,39224.83880677478
ecu,2076,26495.056252097376
egy,2076,108207.64719403906
eri,2076,5918.4481582640865
esh,2076,403.64819345242506
esp,2076,38800.61893017377
est,2076,1134.0298970526999
eth,2076,155153.90866044027
fin,2076,5112.850973237702
fji,2076,980.8704854434369
flk,2076,3.480813987612085
fra,2076,63023.92354878569
fro,2076,37.13113683612088
fsm,2076,99.91349290450161
gab,2076,2208.8405166237503
gbr,2076,65506.12702821751
geo,2076,2270.038599433347
gha,2076,43013.095541818424
gib,2076,26.06930203956992
gin,2076,13197.133941402772
glp,2076,529.3474626423965
gmb,2076,3030.2271757775006
gnb,2076,2166.7588648021065
gnq,2076,1945.702741980308
grc,2076,7521.616402414315
grd,2076,138.4112068536887
grl,2076,43.56500596054165
gtm,2076,35222.08277453318
guf,2076,555.1242428911135
gum,2076,233.8187641717196
guy,2076,767.9392308645222
hkg,2076,10494.656380972503
hnd,2076,16733.78578286343
hrv,2076,3298.6334212047973
hti,2076,15271.680810738497
hun,2076,7224.367573817782
idn,2076,303743.56900562264
imn,2076,64.3185998921497
ind,2076,1512886
irl,2076,5245.335407478995
irn,2076,84933.68228185708
irq,2076,80230.083040386
isl,2076,418.2079815229902
isr,2076,17923.677363451905
ita,2076,43499.933396773915
jam,2076,3143.4690604179054
jor,2076,20513.184041344524
jpn,2076,104179.8
kaz,2076,20194.57527283575
ken,2076,73589.38320864423
kgz,2076,6183.537351750529
khm,2076,21175.1586523553
kir,2076,124.41520878151711
kna,2076,62.88924439227297
kor,2076,42939.6
kwt,2076,7945.980057152418
lao,2076,9805.385786917926
lbn,2076,6791.691186438384
lbr,2076,10032.244788656304
lby,2076,7199.027136231068
lca,2076,244.01690958090404
lie,2076,28.954729292823238
lka,2076,24725.16475081674
lso,2076,1826.2409510904845
ltu,2076,1956.7227428093368
lux,2076,757.6094359161799
lva,2076,1385.3244801543783
mac,2076,930.5297078505914
mar,2076,27201.22881986847
mco,2076,29.146369881684198
mda,2076,1709.3337752690443
mdg,2076,43753.55327392235
mdv,2076,702.7074563877134
mex,2076,185934.2241897664
mhl,2076,64.42157376004292
mkd,2076,2079.593171506529
mli,2076,33614.63057376209
mlt,2076,330.74315755947197
mmr,2076,50003.42597236301
mne,2076,597.3301971425857
mng,2076,4607.98324640416
mnp,2076,62.56089737521882
moz,2076,38959.44861341974
mrt,2076,5732.932725611381
msr,2076,6.100636230229084
mtq,2076,302.3218086230463
mus,2076,1025.6125458561953
mwi,2076,42213.56183549093
mys,2076,51394.8849456499
myt,2076,435.35288246501557
nam,2076,2510.4879028211485
ncl,2076,480.3934437944209
ner,2076,65587.89188735311
nga,2076,392125.04490753385
nic,2076,8336.344309176398
niu,2076,1.1184169370230408
nld,2076,14787.80793628802
nor,2076,6409.54080779535
npl,2076,50584.2328326907
nru,2076,11.645209706828561
nzl,2076,4460.452550354462
omn,2076,7667.714329049726
pak,2076,382602.5190159854
pan,2076,6860.263397699173
per,2076,38762.35121400237
phl,2076,184234.52017093002
plw,2076,19.812446255526
png,2076,14943.72831473926
pol,2076,27768.418253702548
pri,2076,2332.2801887557744
prk,2076,26186.0391442833
prt,2076,8133.878109636366
pry,2076,12145.990657397226
pse,2076,5998.617449562506
pyf,2076,396.5427861311664
qat,2076,4373.022934999384
reu,2076,915.9849123840777
rom,2076,12132.103029621649
rus,2076,128433.09858846154
rwa,2076,20365.54134645211
sau,2076,63302.4485490111
sdn,2076,56538.91577692489
sen,2076,22877.44908969217
sgp,2076,7248.129155319387
shn,2076,4.4989066364353665
slb,2076,1223.0968828115447
sle,2076,10910.468727299967
slv,2076,6524.3756403111665
smr,2076,25.710748679765544
som,2076,18652.318620455317
spm,2076,4.361705467652847
srb,2076,7565.108495681697
stp,2076,178.7209433286377
sur,2076,828.5121302880193
svk,2076,4538.310605619578
svn,2076,2048.4417865487844
swe,2076,11072.43858373869
swz,2076,1064.0553780206908
syc,2076,72.85543981506535
syr,2076,29308.88188333363
tca,2076,44.19307271992605
tcd,2076,26651.567219398792
tgo,2076,9676.777754947967
tha,2076,70370.8443151848
tjk,2076,8363.91011490028
tkl,2076,0.8648906764378301
tkm,2076,6091.856558761804
tls,2076,2523.611469106118
ton,2076,100.0862362095059
tto,2076,1222.147229287379
tun,2076,9265.474888094239
tur,2076,75465.81947432777
tuv,2076,12.448250268331908
twn,2076,26421.242398997456
tza,2076,99903.33241359596
uga,2076,98923.72163710321
ukr,2076,35551.91173221325
ury,2076,3659.6733945190895
usa,2076,500908.91981124424
uzb,2076,32352.05756072383
vct,2076,112.14354731639337
ven,2076,50752.35306401095
vgb,2076,35.80546554935339
vir,2076,130.53034663380336
vnm,2076,112065.02643655526
vut,2076,557.2633326978108
wlf,2076,8.473441722992353
wsm,2076,169.64006169560673
yem,2076,66726.81184373266
zaf,2076,51352.76262292675
zmb,2076,31535.802983425427
zwe,2076,10128.803088471841
abw,2077,179.4847525871173
afg,2077,108633.33372245298
ago,2077,52752.01396306579
aia,2077,17.63056397636293
alb,2077,2303.9009987030277
and,2077,60.0709786551621
ant,2077,247.7946812698578
are,2077,16921.659134431015
arg,2077,62199.810229861825
arm,2077,1896.118493546762
asm,2077,62.56952953049601
atg,2077,115.52779249333803
aus,2077,28734.40909512757
aut,2077,6974.972965771231
aze,2077,9777.92759238238
bdi,2077,15506.100343156835
bel,2077,10377.017152691602
ben,2077,18701.48461472974
bfa,2077,36487.088506037726
bgd,2077,207113.82719030062
bgr,2077,5204.985147389616
bhr,2077,3171.7552985138336
bhs,2077,623.4909466755561
bih,2077,2260.827261086196
blr,2077,6820.5340787458645
blz,2077,599.0372563472085
bmu,2077,49.044888188903926
bol,2077,18665.45070785881
bra,2077,266874.99581629597
brb,2077,293.91611438784577
brn,2077,734.6364564081088
btn,2077,1404.8957888560292
bwa,2077,2254.666691126592
caf,2077,5779.182840726102
can,2077,39373.84395115764
che,2077,7652.34031152156
chi,2077,127.35176840296859
chl,2077,24153.576689185847
chn,2077,1226459.4375689009
civ,2077,27175.436173482933
cmr,2077,30007.996788116274
cod,2077,138018.01691400568
cog,2077,7414.615020747285
cok,2077,12.086543097856655
col,2077,77533.02268521464
com,2077,1026.385568410841
cpv,2077,415.9297359156159
cri,2077,8361.088716728014
cub,2077,8157.899335337443
cym,2077,76.21184472841414
cyp,2077,1263.173445214083
cze,2077,10471.53583801342
deu,2077,56236.19344112624
dji,2077,1044.410277926221
dma,2077,87.89105928492486
dnk,2077,5534.544872954353
dom,2077,15863.108749118026
dza,2077,39007.21206019641
ecu,2077,26605.19542216791
egy,2077,107899.67016682457
eri,2077,5920.674894862881
esh,2077,402.420372913082
esp,2077,38575.55939159947
est,2077,1131.8013514084423
eth,2077,155115.48275563956
fin,2077,5105.1197419642895
fji,2077,977.2516728400927
flk,2077,3.499195903705619
fra,2077,62912.984904620746
fro,2077,37.00081521015233
fsm,2077,99.38712249150932
gab,2077,2200.840323580463
gbr,2077,65400.615481807945
geo,2077,2250.929604938848
gha,2077,43042.05003196129
gib,2077,25.97780487252501
gin,2077,13171.125491789584
glp,2077,531.8793828242561
gmb,2077,3028.938498100596
gnb,2077,2161.381431735197
gnq,2077,1946.3199731665527
grc,2077,7466.7311364277
grd,2077,138.6423704795485
grl,2077,43.41210295525083
gtm,2077,35494.6235303885
guf,2077,558.733435023014
gum,2077,233.40988193159467
guy,2077,767.3345742330545
hkg,2077,10467.4273582752
hnd,2077,16825.33263504706
hrv,2077,3278.3489166939103
hti,2077,15300.843801209117
hun,2077,7176.656987469768
idn,2077,301982.8955608439
imn,2077,64.09285661488458
ind,2077,1506652
irl,2077,5235.7698151328395
irn,2077,84459.17944912516
irq,2077,80645.60522729796
isl,2077,418.11274972249964
isr,2077,18094.38129649383
ita,2077,43201.17981344326
jam,2077,3146.6920824269255
jor,2077,20573.402546438607
jpn,2077,103633.6
kaz,2077,20157.236193968787
ken,2077,73625.06310635104
kgz,2077,6164.473830305191
khm,2077,21255.692506180956
kir,2077,124.3610318716033
kna,2077,63.22135774786127
kor,2077,42730.2
kwt,2077,7957.275235953273
lao,2077,9782.051178866797
lbn,2077,6762.888122822839
lbr,2077,10050.300996124633
lby,2077,7174.511393469071
lca,2077,244.28977400236406
lie,2077,28.85310494941641
lka,2077,24637.093272582242
lso,2077,1816.6419646489653
ltu,2077,1944.711130391049
lux,2077,756.4189992619108
lva,2077,1376.4546683400413
mac,2077,928.2326509863811
mar,2077,26997.40595815343
mco,2077,29.044072924528646
mda,2077,1685.3110660417174
mdg,2077,43825.25087459128
mdv,2077,700.3315443567705
mex,2077,186721.6679877757
mhl,2077,64.39352122665665
mkd,2077,2068.8931835809008
mli,2077,33676.86528286586
mlt,2077,328.13393069416355
mmr,2077,49671.44209669555
mne,2077,594.0188128070898
mng,2077,4634.556436853149
mnp,2077,62.53365507795937
moz,2077,38954.40041129478
mrt,2077,5729.593075319105
msr,2077,6.132853229959708
mtq,2077,300.939841450457
mus,2077,1019.4977717304188
mwi,2077,42466.83157327976
mys,2077,51377.85425598131
myt,2077,436.252643828308
nam,2077,2500.92894216807
ncl,2077,480.6683926757808
ner,2077,66175.82497318697
nga,2077,394142.15118113474
nic,2077,8359.443801360721
niu,2077,1.1127097279330107
nld,2077,14746.252572607591
nor,2077,6411.42247181571
npl,2077,50558.318962121084
nru,2077,11.640138771503265
nzl,2077,4445.300972551766
omn,2077,7680.796299151027
pak,2077,383010.1564731507
pan,2077,6889.943158205024
per,2077,38825.77347610127
phl,2077,184292.23388277105
plw,2077,19.803818876876157
png,2077,14935.927827164374
pol,2077,27549.253965078373
pri,2077,2313.9510605647133
prk,2077,26176.400694930864
prt,2077,8085.679032278163
pry,2077,12207.898253229747
pse,2077,5997.26615767378
pyf,2077,396.41225898998175
qat,2077,4362.388917314279
reu,2077,914.7881748047383
rom,2077,12000.684317328816
rus,2077,128164.90625219708
rwa,2077,20413.111136782944
sau,2077,63454.66636028749
sdn,2077,56451.6853704344
sen,2077,22914.061178353822
sgp,2077,7214.7049873569285
shn,2077,4.485221823614687
slb,2077,1224.0399003610905
sle,2077,10899.904487255872
slv,2077,6525.7495170484435
smr,2077,25.620509951347287
som,2077,18653.306928827988
spm,2077,4.356048842349407
srb,2077,7516.3753356688885
stp,2077,177.94661663289443
sur,2077,831.7254180865651
svk,2077,4509.271855728803
svn,2077,2044.6473804511786
swe,2077,11074.80707476827
swz,2077,1059.892116939998
syc,2077,72.63382751291998
syr,2077,29348.210169170183
tca,2077,44.42645300325754
tcd,2077,26709.93154196855
tgo,2077,9657.307584512619
tha,2077,69889.8159498476
tjk,2077,8342.471219991765
tkl,2077,0.8604771954120626
tkm,2077,6072.170643398001
tls,2077,2533.817678194839
ton,2077,99.74266688272243
tto,2077,1216.1827807481861
tun,2077,9194.497324844848
tur,2077,75047.96195040084
tuv,2077,12.442829647010955
twn,2077,26409.737203746165
tza,2077,100208.04608778993
uga,2077,99554.00009532619
ukr,2077,35431.529409067116
ury,2077,3660.8599257500696
usa,2077,503134.4489394353
uzb,2077,32236.42446527697
vct,2077,112.14525276139763
ven,2077,50934.53333519498
vgb,2077,35.99455151193586
vir,2077,130.89773318826863
vnm,2077,112073.91279313427
vut,2077,557.7580953576268
wlf,2077,8.430202299460351
wsm,2077,168.851442508755
yem,2077,67120.3257853267
zaf,2077,51082.44079948421
zmb,2077,31648.45695057048
zwe,2077,10068.540969769803
abw,2078,180.18673872616958
afg,2078,109385.48396582535
ago,2078,52813.73602982543
aia,2078,17.723656133912108
alb,2078,2284.23944082477
and,2078,59.85911034525451
ant,2078,249.10307625594842
are,2078,16887.842942817413
arg,2078,62414.443841503955
arm,2078,1880.5578428743272
asm,2078,62.5422055301465
atg,2078,116.13779745259615
aus,2078,28669.230751892188
aut,2078,6931.7944275210175
aze,2078,9737.755891922327
bdi,2078,15481.026738782191
bel,2078,10345.242737309998
ben,2078,18718.881979206442
bfa,2078,36608.356333408046
bgd,2078,206216.2831559409
bgr,2078,5174.4945390452585
bhr,2078,3181.320109436706
bhs,2078,625.7536171917287
bih,2078,2237.9880903943185
blr,2078,6782.22535652724
blz,2078,601.887168754329
bmu,2078,48.87190852713015
bol,2078,18756.586065963464
bra,2078,266967.384730735
brb,2078,293.4713964150217
brn,2078,733.9534660730229
btn,2078,1404.0146741752815
bwa,2078,2246.8079015504804
caf,2078,5763.473674514256
can,2078,39421.44957952413
che,2078,7622.206043602473
chi,2078,126.90260302329052
chl,2078,24188.726520420205
chn,2078,1221784.1778736426
civ,2078,27113.65198215399
cmr,2078,29945.841271475358
cod,2078,138166.66534815502
cog,2078,7409.814162933679
cok,2078,12.024882998113668
col,2078,77832.24734611248
com,2078,1024.5300637496653
cpv,2078,413.3571060738415
cri,2078,8390.405047573677
cub,2078,8099.4496373195525
cym,2078,76.61425528465517
cyp,2078,1256.4076122296462
cze,2078,10435.804508583873
deu,2078,55852.68305492765
dji,2078,1040.6897277937726
dma,2078,88.35513793544825
dnk,2078,5527.849025653053
dom,2078,15920.22382832425
dza,2078,38791.27525823143
ecu,2078,26715.738586414183
egy,2078,107594.58733871054
eri,2078,5922.944620599094
esh,2078,401.20382610374566
esp,2078,38350.939749546764
est,2078,1129.5732676153598
eth,2078,155078.76909421428
fin,2078,5097.291816584029
fji,2078,973.6346124796976
flk,2078,3.5176722097840822
fra,2078,62800.96467055599
fro,2078,36.87031458640222
fsm,2078,98.86106834448297
gab,2078,2192.9095696252157
gbr,2078,65293.91064363794
geo,2078,2231.8150425196372
gha,2078,43071.23973354429
gib,2078,25.886182033399212
gin,2078,13145.400172224725
glp,2078,534.422874540808
gmb,2078,3027.6865153742306
gnb,2078,2156.057178768018
gnq,2078,1946.9520313040064
grc,2078,7412.010550401327
grd,2078,138.87200964495807
grl,2078,43.258989936475785
gtm,2078,35769.03325422915
guf,2078,562.3648364902433
gum,2078,233.00102107143852
guy,2078,766.7015300003026
hkg,2078,10440.207048213075
hnd,2078,16917.366810950058
hrv,2078,3258.0575174788596
hti,2078,15329.877212935691
hun,2078,7128.9384536003845
idn,2078,300223.32374176884
imn,2078,63.86680327744695
ind,2078,1500418
irl,2078,5226.116549467954
irn,2078,83984.03548559424
irq,2078,81061.41378455213
isl,2078,418.0058197791548
isr,2078,18265.2296273498
ita,2078,42903.24696147852
jam,2078,3149.859076992997
jor,2078,20633.646743443758
jpn,2078,103087.4
kaz,2078,20119.906379653225
ken,2078,73661.22920047441
kgz,2078,6145.409763639847
khm,2078,21338.301763571668
kir,2078,124.30672363397032
kna,2078,63.55517648467693
kor,2078,42520.8
kwt,2078,7968.567942255325
lao,2078,9758.722871794853
lbn,2078,6734.043230729238
lbr,2078,10068.343724281684
lby,2078,7150.212543494665
lca,2078,244.55852862660447
lie,2078,28.751341024172056
lka,2078,24549.063213223748
lso,2078,1807.118434464594
ltu,2078,1932.6966953119497
lux,2078,755.2145510311507
lva,2078,1367.5826959964354
mac,2078,925.9362642318872
mar,2078,26795.0748951228
mco,2078,28.94163546169527
mda,2078,1661.2798942479633
mdg,2078,43896.93231823266
mdv,2078,697.956698433373
mex,2078,187512.1002367974
mhl,2078,64.36540069243325
mkd,2078,2058.18430262551
mli,2078,33739.044340250366
mlt,2078,325.5333263021917
mmr,2078,49339.676375493465
mne,2078,590.7053922150952
mng,2078,4661.706664146994
mnp,2078,62.50634674391837
moz,2078,38949.75434079661
mrt,2078,5726.3282998560135
msr,2078,6.165235661961022
mtq,2078,299.5586804009233
mus,2078,1013.4297511082508
mwi,2078,42718.97265280761
mys,2078,51360.764643833274
myt,2078,437.1511176548711
nam,2078,2491.451722367468
ncl,2078,480.9424116291847
ner,2078,66760.82892911651
nga,2078,396150.8019610672
nic,2078,8382.548386760627
niu,2078,1.107033184006939
nld,2078,14704.552938710907
nor,2078,6413.101279071941
npl,2078,50532.35509161136
nru,2078,11.635055543960283
nzl,2078,4430.194049293569
omn,2078,7693.878137056821
pak,2078,383416.88852892746
pan,2078,6919.739792847723
per,2078,38888.75491667368
phl,2078,184349.63264851892
plw,2078,19.79517058500032
png,2078,14928.112695067302
pol,2078,27330.13702358868
pri,2078,2295.5039918143593
prk,2078,26167.81487829011
prt,2078,8037.579361267605
pry,2078,12270.111617864308
pse,2078,5995.902797868032
pyf,2078,396.2812764618341
qat,2078,4351.736137574772
reu,2078,913.6074098778518
rom,2078,11869.363939957104
rus,2078,127896.75921870692
rwa,2078,20460.587567031747
sau,2078,63606.92874310078
sdn,2078,56365.52166081589
sen,2078,22950.67011832575
sgp,2078,7181.299604479128
shn,2078,4.471662663428075
slb,2078,1224.9803380589613
sle,2078,10889.50818821707
slv,2078,6526.9509723885485
smr,2078,25.530147279323533
som,2078,18654.467174365036
spm,2078,4.350420475870877
srb,2078,7467.6311803433455
stp,2078,177.17867633749066
sur,2078,834.9489015060283
svk,2078,4480.226082401458
svn,2078,2040.8295289413536
swe,2078,11076.83135417227
swz,2078,1055.76417690563
syc,2078,72.41425003360132
syr,2078,29387.526924643116
tca,2078,44.661031679689856
tcd,2078,26768.197197513313
tgo,2078,9638.04743427167
tha,2078,69409.10666867172
tjk,2078,8321.033514155826
tkl,2078,0.8560874282746681
tkm,2078,6052.483789757029
tls,2078,2544.011349607616
ton,2078,99.39925391605853
tto,2078,1210.1203299959502
tun,2078,9124.037280015189
tur,2078,74630.81981085289
tuv,2078,12.437395885814809
twn,2078,26398.204119287955
tza,2078,100511.8703320998
uga,2078,100181.41136651894
ukr,2078,35311.13917423818
ury,2078,3661.9541337764244
usa,2078,505360.0960081856
uzb,2078,32120.78147283372
vct,2078,112.14376319025055
ven,2078,51117.18338118263
vgb,2078,36.184608419063366
vir,2078,131.2652596339909
vnm,2078,112087.99882034847
vut,2078,558.2516257287903
wlf,2078,8.387195203847508
wsm,2078,168.06326851583108
yem,2078,67514.12739357789
zaf,2078,50814.243203517064
zmb,2078,31760.730595022775
zwe,2078,10008.739817050488
abw,2079,180.8910092543614
afg,2079,110136.81871263814
ago,2079,52875.58649852025
aia,2079,17.817227544311635
alb,2079,2264.584865833328
and,2079,59.64695083256694
ant,2079,250.41820706214423
are,2079,16853.961964100057
arg,2079,62629.566721834315
arm,2079,1864.9926990563047
asm,2079,62.51481521458697
atg,2079,116.75094281189597
aus,2079,28604.00749822717
aut,2079,6888.713769942995
aze,2079,9697.578889418526
bdi,2079,15456.250566905946
bel,2079,10313.383815388526
ben,2079,18736.35180988383
bfa,2079,36729.24080296927
bgd,2079,205319.22654487647
bgr,2079,5143.988974420128
bhr,2079,3190.889152291447
bhs,2079,628.0223661112384
bih,2079,2215.163594015769
blr,2079,6743.90834875888
blz,2079,604.7500588455575
bmu,2079,48.698691113148826
bol,2079,18848.15044876952
bra,2079,267053.1246243176
brb,2079,293.0135855903498
brn,2079,733.2700143523799
btn,2079,1403.1323048854508
bwa,2079,2239.01767608247
caf,2079,5747.913604977479
can,2079,39469.05517984301
che,2079,7592.056971624934
chi,2079,126.4528202874477
chl,2079,24223.557434847935
chn,2079,1217099.7369797518
civ,2079,27052.49626843718
cmr,2079,29884.343273695627
cod,2079,138315.72687420863
cog,2079,7405.112332406404
cok,2079,11.963553313975615
col,2079,78132.41640068477
com,2079,1022.6954235639045
cpv,2079,410.80387204071206
cri,2079,8419.792053348157
cub,2079,8040.149704059979
cym,2079,77.01873751278741
cyp,2079,1249.65203526128
cze,2079,10399.986583774407
deu,2079,55470.21263745109
dji,2079,1037.0014198971608
dma,2079,88.82160573476678
dnk,2079,5521.035442100713
dom,2079,15977.488776710477
dza,2079,38577.005231884374
ecu,2079,26826.688864573087
egy,2079,107292.359030476
eri,2079,5925.256746095341
esh,2079,399.9983984625463
esp,2079,38126.760910940546
est,2079,1127.3456500140967
eth,2079,155043.74420145512
fin,2079,5089.366997744843
fji,2079,970.019310741278
flk,2079,3.5362436347488737
fra,2079,62687.8606167017
fro,2079,36.73963459583486
fsm,2079,98.33533161478638
gab,2079,2185.0473027540775
gbr,2079,65186.01005352448
geo,2079,2212.6948598463346
gha,2079,43100.66142183878
gib,2079,25.794433263097233
gin,2079,13119.954101019552
glp,2079,536.9780271501323
gmb,2079,3026.470724513787
gnb,2079,2150.785376805971
gnq,2079,1947.5987131164418
grc,2079,7357.4549838522025
grd,2079,139.10011257767945
grl,2079,43.10566647123643
gtm,2079,36045.32637866026
guf,2079,566.0186187984503
gum,2079,232.59218166908462
guy,2079,766.0398789506118
hkg,2079,10412.995482504399
hnd,2079,17009.892073799438
hrv,2079,3237.759096287092
hti,2079,15358.780045281032
hun,2079,7081.211825502629
idn,2079,298464.8575588573
imn,2079,63.640439240592684
ind,2079,1494184
irl,2079,5216.375429730215
irn,2079,83508.25269930097
irq,2079,81477.50768123052
isl,2079,417.8871675751561
isr,2079,18436.22183619538
ita,2079,42606.13653296327
jam,2079,3152.969611459185
jor,2079,20693.916539870468
jpn,2079,102541.2
kaz,2079,20082.585916960692
ken,2079,73697.87482530321
kgz,2079,6126.345146630323
khm,2079,21423.05085708726
kir,2079,124.25228359052056
kna,2079,63.89071377207008
kor,2079,42311.4
kwt,2079,7979.8581849594375
lao,2079,9735.400888640754
lbn,2079,6705.1566607378645
lbr,2079,10086.373157927654
lby,2079,7126.12761272636
lca,2079,244.8231417168158
lie,2079,28.64943722931744
lka,2079,24461.074723526377
lso,2079,1797.6693260385691
ltu,2079,1920.6794110436467
lux,2079,753.9960623365449
lva,2079,1358.708542818121
mac,2079,923.640550026639
mar,2079,26594.215178344824
mco,2079,28.839057203506677
mda,2079,1637.240180353507
mdg,2079,43968.59782635797
mdv,2079,695.5829224986778
mex,2079,188305.5440143448
mhl,2079,64.33721190981619
mkd,2079,2047.4663644797788
mli,2079,33801.16850889591
mlt,2079,322.9413621603178
mmr,2079,49008.129602946414
mne,2079,587.389897778394
mng,2079,4689.451842855015
mnp,2079,62.478972132689414
moz,2079,38945.50488873518
mrt,2079,5723.1373726946285
msr,2079,6.197784803739469
mtq,2079,298.1783271364116
mus,2079,1007.407843003174
mwi,2079,42970.00054788225
mys,2079,51343.61589469892
myt,2079,438.04832159672264
nam,2079,2482.0551227592805
ncl,2079,481.21549726923655
ner,2079,67342.94391326097
nga,2079,398151.11317142245
nic,2079,8405.65810470711
niu,2079,1.1013870587584738
nld,2079,14662.708737159282
nor,2079,6414.576811338779
npl,2079,50506.341039137114
nru,2079,11.629959979449879
nzl,2079,4415.131421646983
omn,2079,7706.959843243001
pak,2079,383822.7118872086
pan,2079,6949.654204156515
per,2079,38951.29213159328
phl,2079,184406.71532161479
plw,2079,19.786501303764044
png,2079,14920.282865134779
pol,2079,27111.06830323624
pri,2079,2276.93979157731
prk,2079,26160.314374183563
prt,2079,7989.579301548552
pry,2079,12332.63311251866
pse,2079,5994.527413589121
pyf,2079,396.1498368888909
qat,2079,4341.064663323258
reu,2079,912.4423986197253
rom,2079,11738.143712716597
rus,2079,127628.65791376306
rwa,2079,20507.971917157203
sau,2079,63759.23553699578
sdn,2079,56280.410023746896
sen,2079,22987.27595277622
sgp,2079,7147.9130750729455
shn,2079,4.458227433188716
slb,2079,1225.9181865132255
sle,2079,10879.27752772681
slv,2079,6527.978674853383
smr,2079,25.43966040816253
som,2079,18655.79699982272
spm,2079,4.344820156985799
srb,2079,7418.875826737465
stp,2079,176.41703488542643
sur,2079,838.1826592793627
svk,2079,4451.173155988655
svn,2079,2036.9877992295278
swe,2079,11078.510712297264
swz,2079,1051.6710736690775
syc,2079,72.19667947986323
syr,2079,29426.83219126112
tca,2079,44.89681800349302
tcd,2079,26826.36553874949
tgo,2079,9618.994424866305
tha,2079,68928.71763328058
tjk,2079,8299.597008567796
tkl,2079,0.8517211844135943
tkm,2079,6032.795989020622
tls,2079,2554.1924377011337
ton,2079,99.05599787874192
tto,2079,1203.9591202348065
tun,2079,9054.087658472206
tur,2079,74214.39453057594
tuv,2079,12.431948936907848
twn,2079,26386.64304409236
tza,2079,100814.81734053275
uga,2079,100805.99475956925
ukr,2079,35190.74095336955
ury,2079,3662.955305656913
usa,2079,507585.8602084227
uzb,2079,32005.12849037852
vct,2079,112.13905393029492
ven,2079,51300.30682968406
vgb,2079,36.37564376859533
vir,2079,131.63292705124297
vnm,2079,112107.44594612201
vut,2079,558.7439193251635
wlf,2079,8.344418568703793
wsm,2079,167.2755413375598
yem,2079,67908.21563290153
zaf,2079,50548.140712049164
zmb,2079,31872.62913097376
zwe,2079,9949.393310509888
abw,2080,181.597581857802
afg,2080,110887.33499047536
ago,2080,52937.5636167791
aia,2080,17.911281918014392
alb,2080,2244.9374034271136
and,2080,59.434499516320216
ant,2080,251.74012583825132
are,2080,16820.01643122954
arg,2080,62845.18265885003
arm,2080,1849.4230197317704
asm,2080,62.487358342104116
atg,2080,117.36725288472125
aus,2080,28538.739694157564
aut,2080,6845.731194974338
aze,2080,9657.396534883848
bdi,2080,15431.76776830464
bel,2080,10281.440212582122
ben,2080,18753.89311777615
bfa,2080,36849.74714661444
bgd,2080,204422.65913372405
bgr,2080,5113.4681757199605
bhr,2080,3200.4624118615857
bhs,2080,630.2972404940648
bih,2080,2192.3540445076146
blr,2080,6705.582977325456
blz,2080,607.6260270962183
bmu,2080,48.52523545645444
bol,2080,18940.14717785546
bra,2080,267132.1640192519
brb,2080,292.54258054685886
brn,2080,732.5860995644684
btn,2080,1402.2486764135945
bwa,2080,2231.2950789908014
caf,2080,5732.5005973121615
can,2080,39516.660752323434
che,2080,7561.893065046757
chi,2080,126.00241892177539
chl,2080,24258.066963363704
chn,2080,1212405.8268690058
civ,2080,26991.9604551559
cmr,2080,29823.49382125874
cod,2080,138465.19585447613
cog,2080,7400.5081776861025
cok,2080,11.902551396661362
col,2080,78433.53716057977
com,2080,1020.8813631046886
cpv,2080,408.26976911105305
cri,2080,8449.250281228162
cub,2080,7979.992952900327
cym,2080,77.42530745202889
cyp,2080,1242.9067354681235
cze,2080,10364.080455183837
deu,2080,55088.78433425138
dji,2080,1033.344914209016
dma,2080,89.2904811800559
dnk,2080,5514.103879396198
dom,2080,16034.904754588095
dza,2080,38364.37923375974
ecu,2080,26938.04940858622
egy,2080,106992.94628493201
eri,2080,5927.610692698986
esh,2080,398.8039382401347
esp,2080,37903.02378520043
est,2080,1125.1185029998633
eth,2080,155010.38502981528
fin,2080,5081.345085546268
fji,2080,966.4057740348628
flk,2080,3.554910915025757
fra,2080,62573.67050703409
fro,2080,36.60877486839936
fsm,2080,97.80991345937889
gab,2080,2177.252588286475
gbr,2080,65076.911244517134
geo,2080,2193.5690039317515
gha,2080,43130.311930795644
gib,2080,25.70255830181101
gin,2080,13094.783467119474
glp,2080,539.5449309327422
gmb,2080,3025.2906315891396
gnb,2080,2145.5653100215955
gnq,2080,1948.2598190265949
grc,2080,7303.064777231275
grd,2080,139.3266673839514
grl,2080,42.9521321253616
gtm,2080,36323.51748527306
guf,2080,569.6949552237163
gum,2080,232.1833638027451
guy,2080,765.3493996053902
hkg,2080,10385.79269302161
hnd,2080,17102.912225669563
hrv,2080,3217.453522694145
hti,2080,15387.551287278508
hun,2080,7033.476952836306
idn,2080,296707.50104205974
imn,2080,63.41376386331923
ind,2080,1487950
irl,2080,5206.546274668281
irn,2080,83031.83338721703
irq,2080,81893.88589135758
isl,2080,417.7567689263599
isr,2080,18607.357405698265
ita,2080,42309.85022463564
jam,2080,3156.0232487022868
jor,2080,20754.211843672638
jpn,2080,101995
kaz,2080,20045.274894057344
ken,2080,73734.99343642051
kgz,2080,6107.27997408803
khm,2080,21510.006914324404
kir,2080,124.19771126083297
kna,2080,64.22798291533658
kor,2080,42102
kwt,2080,7991.145972923805
lao,2080,9712.085252454648
lbn,2080,6676.228562707109
lbr,2080,10104.389478499985
lby,2080,7102.253681692143
lca,2080,245.0835812085738
lie,2080,28.54739327628819
lka,2080,24373.127955008025
lso,2080,1788.2936236965825
ltu,2080,1908.6592507242713
lux,2080,752.7635042112756
lva,2080,1349.8321882444086
mac,2080,921.3455108220217
mar,2080,26394.806727555067
mco,2080,28.736337859488607
mda,2080,1613.1918438242838
mdg,2080,44040.247616447894
mdv,2080,693.210220452703
mex,2080,189102.02263615764
mhl,2080,64.30895463004583
mkd,2080,2036.7392009176929
mli,2080,33863.23853789904
mlt,2080,320.35805609420294
mmr,2080,48676.80257710377
mne,2080,584.0722909779076
mng,2080,4717.810636863709
mnp,2080,62.45153100269777
moz,2080,38941.64664224247
mrt,2080,5720.019285986925
msr,2080,6.2305019459890385
mtq,2080,296.7987833234593
mus,2080,1001.4314180925297
mwi,2080,43219.930450738786
mys,2080,51326.407793028986
myt,2080,438.94427298467167
nam,2080,2472.7380430757903
ncl,2080,481.4876461940884
ner,2080,67922.20935299328
nga,2080,400143.1986268532
nic,2080,8428.772994937177
niu,2080,1.0957711083358777
nld,2080,14620.719669695845
nor,2080,6415.848649240507
npl,2080,50480.276621789344
nru,2080,11.624852033004856
nzl,2080,4400.112734515642
omn,2080,7720.041418183185
pak,2080,384227.6232358688
pan,2080,6979.687303977349
per,2080,39013.38168159345
phl,2080,184463.48074992775
plw,2080,19.777810956662886
png,2080,14912.438283794434
pol,2080,26892.048699668536
pri,2080,2258.259261542725
prk,2080,26153.93322934089
prt,2080,7941.679058628612
pry,2080,12395.465122785128
pse,2080,5993.14004807263
pyf,2080,396.0179386052621
qat,2080,4330.374561778327
reu,2080,911.2929260314534
rom,2080,11607.025495771086
rus,2080,127360.6027684896
rwa,2080,20555.26544382697
sau,2080,63911.58658228661
sdn,2080,56196.33610101981
sen,2080,23023.878724087983
sgp,2080,7114.54546785769
shn,2080,4.444914441557059
slb,2080,1226.8534362863097
sle,2080,10869.210245225522
slv,2080,6528.831279220157
smr,2080,25.349049081629595
som,2080,18657.29409085141
spm,2080,4.339247676562727
srb,2080,7370.109066857159
stp,2080,175.66160631295284
sur,2080,841.4267709522738
svk,2080,4422.112943630756
svn,2080,2033.12174780788
swe,2080,11079.844437537711
swz,2080,1047.612331793569
syc,2080,71.98108846209828
syr,2080,29466.126010333915
tca,2080,45.1338213244678
tcd,2080,26884.43789377853
tgo,2080,9600.145729332613
tha,2080,68448.650010943
tjk,2080,8278.16171454349
tkl,2080,0.8473782752541809
tkm,2080,6013.1072322596565
tls,2080,2564.3608966102593
ton,2080,98.71289934276695
tto,2080,1197.6983868565758
tun,2080,8984.64149419104
tur,2080,73798.68758851918
tuv,2080,12.426488752221989
twn,2080,26375.053876135527
tza,2080,101116.89908520514
uga,2080,101427.78886807183
ukr,2080,35070.33467116969
ury,2080,3663.862721090684
usa,2080,509811.7407384573
uzb,2080,31889.465423726542
vct,2080,112.13110005418052
ven,2080,51483.90734585796
vgb,2080,36.56766513579071
vir,2080,132.00073653144912
vnm,2080,112132.4223504653
vut,2080,559.2349716388071
wlf,2080,8.301870546539762
wsm,2080,166.4882626025429
yem,2080,68302.5894726778
zaf,2080,50284.104732047235
zmb,2080,31984.157677733645
zwe,2080,9890.495245343742
abw,2081,182.04634503156456
afg,2081,111490.67831570834
ago,2081,52969.26863412237
aia,2081,18.00203730324786
alb,2081,2225.413794710088
and,2081,59.28989327716938
ant,2081,253.01567787320613
are,2081,16770.599561228457
arg,2081,63031.706665404265
arm,2081,1836.0814123843907
asm,2081,62.429780232305205
atg,2081,117.96194567656624
aus,2081,28463.345244727057
aut,2081,6807.348572487074
aze,2081,9621.944174673787
bdi,2081,15396.038524730156
bel,2081,10256.401151630851
ben,2081,18756.54037590624
bfa,2081,36957.07430808
bgd,2081,203354.04106956586
bgr,2081,5084.543773029297
bhr,2081,3206.162298204661
bhs,2081,632.0565668332024
bih,2081,2171.23093134047
blr,2081,6671.8210833769635
blz,2081,610.2521468350149
bmu,2081,48.4071718425539
bol,2081,19020.92546452389
bra,2081,267053.3880065809
brb,2081,291.9578948356037
brn,2081,730.8659277296192
btn,2081,1399.1161262543496
bwa,2081,2221.5357671626653
caf,2081,5714.749166095967
can,2081,39575.06128711202
che,2081,7536.537992790138
chi,2081,125.69585058061888
chl,2081,24274.52084753551
chn,2081,1207978.3145139974
civ,2081,26925.254216057856
cmr,2081,29748.69429611267
cod,2081,138515.29769291714
cog,2081,7390.755956275066
cok,2081,11.84972672932996
col,2081,78665.34781894993
com,2081,1018.5936807898023
cpv,2081,405.87891513605615
cri,2081,8469.45048940737
cub,2081,7925.577629958328
cym,2081,77.81761681530017
cyp,2081,1236.4021771150947
cze,2081,10331.785653336063
deu,2081,54752.36570064358
dji,2081,1029.578746284438
dma,2081,89.74291066300809
dnk,2081,5511.577376228134
dom,2081,16080.415299428643
dza,2081,38154.133482261444
ecu,2081,27026.610665196407
egy,2081,106665.93384347185
eri,2081,5924.340843154315
esh,2081,397.76188014772646
esp,2081,37716.763960196506
est,2081,1123.4121412033965
eth,2081,154913.62562493177
fin,2081,5077.5487600566275
fji,2081,962.1950533190088
flk,2081,3.5729234342323997
fra,2081,62504.73782284182
fro,2081,36.519704424520455
fsm,2081,97.31066910406963
gab,2081,2168.646306279532
gbr,2081,65015.39743841946
geo,2081,2177.6499204139036
gha,2081,43142.035043217315
gib,2081,25.640023068523494
gin,2081,13069.775030360135
glp,2081,542.0348543617844
gmb,2081,3023.221658887435
gnb,2081,2139.0030020910176
gnq,2081,1947.2851339118781
grc,2081,7256.672639208197
grd,2081,139.50784612861378
grl,2081,42.84762806895153
gtm,2081,36567.07068905871
guf,2081,572.8328508970898
gum,2081,231.4888000785306
guy,2081,764.7637862228736
hkg,2081,10342.044510990585
hnd,2081,17182.55094770457
hrv,2081,3197.6462520465834
hti,2081,15407.703942349786
hun,2081,6990.097199154698
idn,2081,294734.14755389193
imn,2081,63.25947593329038
ind,2081,1480268
irl,2081,5200.393124018413
irn,2081,82548.79881618838
irq,2081,82228.15841983593
isl,2081,417.8097527817615
isr,2081,18778.664534211322
ita,2081,42064.93587402993
jam,2081,3158.4572656332225
jor,2081,20789.0515779614
jpn,2081,101491.6
kaz,2081,20009.18076387009
ken,2081,73738.20093661272
kgz,2081,6090.537689015041
khm,2081,21596.878307354338
kir,2081,124.08327100210738
kna,2081,64.55342223112265
kor,2081,41920.4
kwt,2081,7993.50328237102
lao,2081,9682.406380126828
lbn,2081,6645.850865997925
lbr,2081,10110.74192773229
lby,2081,7076.992288671873
lca,2081,245.19061499884492
lie,2081,28.477936458903702
lka,2081,24270.549647827476
lso,2081,1778.9561603768677
ltu,2081,1899.0870936580989
lux,2081,751.5915596219105
lva,2081,1342.0992911496373
mac,2081,917.6063017426857
mar,2081,26212.159101971236
mco,2081,28.666421333251396
mda,2081,1593.0174229632341
mdg,2081,44076.51062031404
mdv,2081,689.6901929676576
mex,2081,189783.5736324281
mhl,2081,64.24969803560846
mkd,2081,2025.2435675592408
mli,2081,33911.044599141205
mlt,2081,318.02723422342495
mmr,2081,48347.90266494028
mne,2081,580.5944373351213
mng,2081,4744.291437267558
mnp,2081,62.39398590550392
moz,2081,38917.94184507627
mrt,2081,5714.665164773593
msr,2081,6.262071523582333
mtq,2081,295.70440773653525
mus,2081,995.5778004817864
mwi,2081,43449.31867991638
mys,2081,51241.106237907676
myt,2081,439.6645140758224
nam,2081,2462.3167073364434
ncl,2081,481.1237276691599
ner,2081,68461.48700785324
nga,2081,401923.9140225048
nic,2081,8448.917166954336
niu,2081,1.0909079708168548
nld,2081,14590.356397194262
nor,2081,6420.362931561207
npl,2081,50378.04464215477
nru,2081,11.614140474307048
nzl,2081,4385.205476996815
omn,2081,7728.156606276159
pak,2081,384220.36614222423
pan,2081,7002.80642463173
per,2081,39061.1278735663
phl,2081,184289.13144425265
plw,2081,19.75958696702629
png,2081,14884.558156271783
pol,2081,26697.76454795
pri,2081,2241.79150171286
prk,2081,26137.56807568399
prt,2081,7901.806395679721
pry,2081,12447.218069871864
pse,2081,5993.373811117523
pyf,2081,395.5682893804058
qat,2081,4316.405628646382
reu,2081,910.1453734727676
rom,2081,11491.926427142096
rus,2081,127119.39463820908
rwa,2081,20592.59039576671
sau,2081,63996.43755521302
sdn,2081,56071.853841085096
sen,2081,23056.092923846085
sgp,2081,7072.10807508889
shn,2081,4.4333000651185355
slb,2081,1226.0071612372947
sle,2081,10851.651925555345
slv,2081,6530.480591346147
smr,2081,25.287373948776196
som,2081,18661.501801447124
spm,2081,4.338712887984902
srb,2081,7320.936198059721
stp,2081,175.0122129169221
sur,2081,844.1926144218592
svk,2081,4395.8757269939515
svn,2081,2029.1414913426756
swe,2081,11087.154407680204
swz,2081,1043.5111607728309
syc,2081,71.79300487379851
syr,2081,29480.039578763135
tca,2081,45.36251167505856
tcd,2081,26932.621666057938
tgo,2081,9579.06400495279
tha,2081,67923.59766345046
tjk,2081,8263.552467408399
tkl,2081,0.8436175290072281
tkm,2081,5995.680881579111
tls,2081,2573.6373064351906
ton,2081,98.3745889764419
tto,2081,1191.90146247947
tun,2081,8919.813392683753
tur,2081,73432.81284491855
tuv,2081,12.415038536485978
twn,2081,26350.750948498255
tza,2081,101390.56548711954
uga,2081,101996.13910727235
ukr,2081,34959.74501044948
ury,2081,3664.0218243172812
usa,2081,511777.40849828714
uzb,2081,31782.996009645416
vct,2081,112.12547555975749
ven,2081,51621.559636389764
vgb,2081,36.75295128960583
vir,2081,132.2625216723667
vnm,2081,112130.9476656967
vut,2081,558.8867035934175
wlf,2081,8.26502604696698
wsm,2081,165.75019745868804
yem,2081,68634.39746398469
zaf,2081,50014.86374703254
zmb,2081,32088.491731242128
zwe,2081,9837.341418613682
abw,2082,182.49589191656753
afg,2082,112092.36650861398
ago,2082,53001.12017584683
aia,2082,18.093341602784903
alb,2082,2205.8970665015368
and,2082,59.14498807073885
ant,2082,254.29894480855094
are,2082,16721.111515589524
arg,2082,63218.818591030475
arm,2082,1822.7262033249447
asm,2082,62.372005282898144
atg,2082,118.5602353390414
aus,2082,28387.92523257815
aut,2082,6769.037715326962
aze,2082,9586.475407628235
bdi,2082,15360.585871606876
bel,2082,10231.310490087617
ben,2082,18759.284187677506
bfa,2082,37064.060078696566
bgd,2082,202286.4083052268
bgr,2082,5055.611381047423
bhr,2082,3211.8649504428736
bhs,2082,633.8206597028517
bih,2082,2150.1176680453377
blr,2082,6638.033197885219
blz,2082,612.8922961247575
bmu,2082,48.28886413712808
bol,2082,19102.13010945839
bra,2082,266968.26948710566
brb,2082,291.361207476979
brn,2082,729.1453826241126
btn,2082,1395.9825653930627
bwa,2082,2211.8403349722926
caf,2082,5697.123774082502
can,2082,39633.461820193515
che,2082,7511.178887325307
chi,2082,125.38864842239101
chl,2082,24290.6382424053
chn,2082,1203541.8755412493
civ,2082,26859.05366873097
cmr,2082,29674.45920904067
cod,2082,138565.9535032158
cog,2082,7381.097985826067
cok,2082,11.797081374085382
col,2082,78897.88229060546
com,2082,1016.323901104772
cpv,2082,403.5028966180744
cri,2082,8489.680268443282
cub,2082,7870.444732625749
cym,2082,78.21229897683979
cyp,2082,1229.9083795716258
cze,2082,10299.434583901828
deu,2082,54416.65922556131
dji,2082,1025.8382432645308
dma,2082,90.19807656775949
dnk,2082,5508.969907859791
dom,2082,16126.05474296908
dza,2082,37945.206807699935
ecu,2082,27115.51125946597
egy,2082,106341.25144301148
eri,2082,5921.122868184155
esh,2082,396.72758733135277
esp,2082,37530.77314734583
est,2082,1121.7077373935315
eth,2082,154818.28128106624
fin,2082,5073.68499983639
fji,2082,957.987433714317
flk,2082,3.5910448982626524
fra,2082,62435.08315324885
fro,2082,36.430449831268305
fsm,2082,96.81187386947275
gab,2082,2160.0975895982574
gbr,2082,64953.08302109383
geo,2082,2161.7145527558437
gha,2082,43153.950905439655
gib,2082,25.577358546287652
gin,2082,13044.97368237616
glp,2082,544.5388385890872
gmb,2082,3021.1812424572836
gnb,2082,2132.4874432683164
gnq,2082,1946.3269784606514
grc,2082,7210.383677789928
grd,2082,139.68797145777867
grl,2082,42.742907954827444
gtm,2082,36812.34067028592
guf,2082,575.9907545914217
gum,2082,230.79439453211583
guy,2082,764.156350283293
hkg,2082,10298.326872904756
hnd,2082,17262.64259409061
hrv,2082,3177.8364014157537
hti,2082,15427.741705038856
hun,2082,6946.711927748875
idn,2082,292763.0058278895
imn,2082,63.10486901949567
ind,2082,1472586
irl,2082,5194.181940084279
irn,2082,82065.15470354827
irq,2082,82562.70519409567
isl,2082,417.8554079811897
isr,2082,18950.136946722396
ita,2082,41820.50266387139
jam,2082,3160.8504801391095
jor,2082,20823.906956246643
jpn,2082,100988.2
kaz,2082,19973.11242899535
ken,2082,73741.82550641093
kgz,2082,6073.794091653888
khm,2082,21685.999851647583
kir,2082,123.96843951178765
kna,2082,64.88082989616888
kor,2082,41738.8
kwt,2082,7995.854674948506
lao,2082,9652.735282381358
lbn,2082,6615.433295460262
lbr,2082,10117.120780315676
lby,2082,7051.9040485348805
lca,2082,245.29364863841806
lie,2082,28.408336042488678
lka,2082,24168.04285595025
lso,2082,1769.6777768632862
ltu,2082,1889.5075986713496
lux,2082,750.4126045596479
lva,2082,1334.3596667812249
mac,2082,913.8695398558159
mar,2082,26030.61661582708
mco,2082,28.59636025755506
mda,2082,1572.817509932325
mdg,2082,44112.84410548446
mdv,2082,686.1733147159753
mex,2082,190468.1139578363
mhl,2082,64.19023886340548
mkd,2082,2013.7447136259555
mli,2082,33958.80124444176
mlt,2082,315.7023840677832
mmr,2082,48019.375154348396
mne,2082,577.1159360323269
mng,2082,4771.373904501662
mnp,2082,62.33624408156057
moz,2082,38894.58940271045
mrt,2082,5709.37253635186
msr,2082,6.293832042932461
mtq,2082,294.6103587777972
mus,2082,989.7605159558672
mwi,2082,43677.76820497418
mys,2082,51155.71334829398
myt,2082,440.38359162331807
nam,2082,2451.964114434138
ncl,2082,480.75814483207233
ner,2082,68998.35967177813
nga,2082,403697.72256170516
nic,2082,8469.090766346559
niu,2082,1.0860613411033908
nld,2082,14559.894115640222
nor,2082,6424.746572988261
npl,2082,50275.75677259679
nru,2082,11.603392296501317
nzl,2082,4370.3234485429575
omn,2082,7736.2723823318665
pak,2082,384211.2568492738
pan,2082,7026.015220719587
per,2082,39108.5488018979
phl,2082,184114.2091686614
plw,2082,19.741300675883245
png,2082,14856.657223569875
pol,2082,26503.502562466274
pri,2082,2225.218385917874
prk,2082,26122.162693023845
prt,2082,7861.994234759529
pry,2082,12499.23876138442
pse,2082,5993.60147999117
pyf,2082,395.1175495217419
qat,2082,4302.417025163536
reu,2082,909.0091495671614
rom,2082,11376.884478660568
rus,2082,126878.33143978856
rwa,2082,20629.84215450168
sau,2082,64081.312474868646
sdn,2082,55948.34953719367
sen,2082,23088.275030949066
sgp,2082,7029.714683815185
shn,2082,4.421772237443148
slb,2082,1225.156495508239
sle,2082,10834.24885779416
slv,2082,6532.011150004159
smr,2082,25.225571305195718
som,2082,18665.79738220356
spm,2082,4.338179806480409
srb,2082,7271.763204689972
stp,2082,174.3672300716968
sur,2082,846.9690530280296
svk,2082,4369.633463407086
svn,2082,2025.1466124570675
swe,2082,11094.241143054125
swz,2082,1039.437480790317
syc,2082,71.60632285897277
syr,2082,29493.936968002818
tca,2082,45.592585209734814
tcd,2082,26980.713004882757
tgo,2082,9558.148390823128
tha,2082,67399.1847688022
tjk,2082,8248.954346617678
tkl,2082,0.839869548524673
tkm,2082,5978.251734737609
tls,2082,2582.8840954101674
ton,2082,98.03642547718901
tto,2082,1186.0208812492756
tun,2082,8855.375286468
tur,2082,73067.47761558097
tuv,2082,12.40354917642956
twn,2082,26326.364937571703
tza,2082,101663.40349580138
uga,2082,102562.130260269
ukr,2082,34849.12474856508
ury,2082,3664.106510424866
usa,2082,513743.1816140822
uzb,2082,31676.489335269187
vct,2082,112.11746711161375
ven,2082,51759.53986702787
vgb,2082,36.93935810661709
vir,2082,132.52422307567022
vnm,2082,112134.58800957749
vut,2082,558.5363647637556
wlf,2082,8.228306615178626
wsm,2082,165.01268999341838
yem,2082,68966.4914325878
zaf,2082,49747.318765853284
zmb,2082,32192.471337632818
zwe,2082,9784.522203113842
abw,2083,182.9462296445401
afg,2083,112692.39106717361
ago,2083,53033.11661021244
aia,2083,18.18519981171541
alb,2083,2186.3873435528526
and,2083,58.99978296891587
ant,2083,255.589996849454
are,2083,16671.552388080847
arg,2083,63406.52378575982
arm,2083,1809.3572524930025
asm,2083,62.31403248276499
atg,2083,119.16215460347111
aus,2083,28312.479787648357
aut,2083,6730.798846281964
aze,2083,9550.990064801666
bdi,2083,15325.40672873943
bel,2083,10206.168067763767
ben,2083,18762.12347783924
bfa,2083,37170.70826029645
bgd,2083,201219.76590195624
bgr,2083,5026.670854919462
bhr,2083,3217.5703649323823
bhs,2083,635.5895624781774
bih,2083,2129.014433211524
blr,2083,6604.219053208418
blz,2083,615.546602633587
bmu,2083,48.17031158242029
bol,2083,19183.764992495682
bra,2083,266876.75074436417
brb,2083,290.7524092566557
brn,2083,727.4244623305472
btn,2083,1392.847988637999
bwa,2083,2202.208071036611
caf,2083,5679.623017660871
can,2083,39691.86235157611
che,2083,7485.815736131592
chi,2083,125.08081047947277
chl,2083,24306.416085938985
chn,2083,1199096.2266253044
civ,2083,26793.353181637885
cmr,2083,29600.782274288707
cod,2083,138617.15711617307
cog,2083,7371.533216731729
cok,2083,11.74461441946861
col,2083,79131.14716220739
com,2083,1014.0718246804674
cpv,2083,401.14154834494707
cri,2083,8509.939887429071
cub,2083,7814.587731015214
cym,2083,78.60937552898116
cyp,2083,1223.425376243525
cze,2083,10267.026226686217
deu,2083,54081.667119826365
dji,2083,1022.1231193371101
dma,2083,90.65600379559758
dnk,2083,5506.281222943151
dom,2083,16171.82425818048
dza,2083,37737.5845204333
ecu,2083,27204.754279348886
egy,2083,106018.87313550571
eri,2083,5917.9561900974695
esh,2083,395.70097331453815
esp,2083,37345.05218176859
est,2083,1120.005311732175
eth,2083,154724.3362396689
fin,2083,5069.75359554147
fji,2083,953.7829311504535
flk,2083,3.6092762985084015
fra,2083,62364.704256926845
fro,2083,36.34101051697037
fsm,2083,96.31353006261388
gab,2083,2151.605797177678
gbr,2083,64889.965507126166
geo,2083,2145.7627332754664
gha,2083,43166.05737094227
gib,2083,25.51456433373942
gin,2083,13020.377116963966
glp,2083,547.0570115671393
gmb,2083,3019.16906428736
gnb,2083,2126.018112941211
gnq,2083,1945.3851685935554
grc,2083,7164.198213277467
grd,2083,139.8670337854233
grl,2083,42.6379711122607
gtm,2083,37059.343051534765
guf,2083,579.1688483785998
gum,2083,230.1001479760223
guy,2083,763.5268932025838
hkg,2083,10254.639935661073
hnd,2083,17343.191286414298
hrv,2083,3158.0239240236456
hti,2083,15447.663529831378
hun,2083,6903.321038576267
idn,2083,290794.08722534525
imn,2083,62.949942131683265
ind,2083,1464904
irl,2083,5187.912542707605
irn,2083,81580.90185231819
irq,2083,82897.52585284035
isl,2083,417.8937117735967
isr,2083,19121.77442548327
ita,2083,41576.552087810305
jam,2083,3163.202520920132
jor,2083,20858.77795791868
jpn,2083,100484.8
kaz,2083,19937.0701550543
ken,2083,73745.8625012011
kgz,2083,6057.049168491593
khm,2083,21777.442965646565
kir,2083,123.85321478021075
kna,2083,65.210223822345
kor,2083,41557.2
kwt,2083,7998.200158451261
lao,2083,9623.071999154401
lbn,2083,6584.975903624644
lbr,2083,10123.525742214393
lby,2083,7026.987032997996
lca,2083,245.39264572614263
lie,2083,28.338591581254917
lka,2083,24065.607946733337
lso,2083,1760.4578152251504
ltu,2083,1879.9206902035125
lux,2083,749.2266172612057
lva,2083,1326.6132458666523
mac,2083,910.1352377320547
mar,2083,25850.166961953702
mco,2083,28.52615418366088
mda,2083,1552.5918422319319
mdg,2083,44149.24728705792
mdv,2083,682.6596018745141
mex,2083,191155.6708151123
mhl,2083,64.13057607284345
mkd,2083,2002.2425807251782
mli,2083,34006.50902411167
mlt,2083,313.383524165844
mmr,2083,47691.22195826589
mne,2083,573.6367753267167
mng,2083,4799.077135107922
mnp,2083,62.278304520329534
moz,2083,38871.585391214794
mrt,2083,5704.1407159192995
msr,2083,6.325785241598882
mtq,2083,293.51663746122836
mus,2083,983.9791598984901
mwi,2083,43905.28947960674
mys,2083,51070.22865502446
myt,2083,441.1015185847344
nam,2083,2441.679498827735
ncl,2083,480.3908891336524
ner,2083,69532.85412747842
nga,2083,405464.7011613079
nic,2083,8489.294060901339
niu,2083,1.0812311352848676
nld,2083,14529.332517670438
nor,2083,6428.999167960646
npl,2083,50173.41272602225
nru,2083,11.592607311484073
nzl,2083,4355.466520912526
omn,2083,7744.388745575706
pak,2083,384200.2858427131
pan,2083,7049.314508282422
per,2083,39155.6415067071
phl,2083,183938.71097994456
plw,2083,19.722951763205828
png,2083,14828.735378817491
pol,2083,26309.263145116252
pri,2083,2208.5404455020844
prk,2083,26107.747543912374
prt,2083,7822.242763690263
pry,2083,12551.529633782306
pse,2083,5993.823062722147
pyf,2083,394.6657134269459
qat,2083,4288.408777243875
reu,2083,907.8841281553097
rom,2083,11261.900685979308
rus,2083,126637.41466562974
rwa,2083,20667.021535133652
sau,2083,64166.21130970558
sdn,2083,55825.812298529636
sen,2083,23120.42540279048
sgp,2083,6987.365520061728
shn,2083,4.41032999469755
slb,2083,1224.3014165452705
sle,2083,10816.99931300949
slv,2083,6533.421874544188
smr,2083,25.1636407550444
som,2083,18670.17985457189
spm,2083,4.3376484238886714
srb,2083,7222.590084489274
stp,2083,173.72660866004196
sur,2083,849.7561831859446
svk,2083,4343.386061363252
svn,2083,2021.136846030055
swe,2083,11101.103950650428
swz,2083,1035.3909856974667
syc,2083,71.42102680927263
syr,2083,29507.818199367728
tca,2083,45.82405451539548
tcd,2083,27028.71293962004
tgo,2083,9537.397037089368
tha,2083,66875.41461171441
tjk,2083,8234.367466742237
tkl,2083,0.8361342689170193
tkm,2083,5960.81976294234
tls,2083,2592.101111379973
ton,2083,97.69840959942937
tto,2083,1180.0558818932432
tun,2083,8791.32283243761
tur,2083,72702.68357537218
tuv,2083,12.392020470977723
twn,2083,26301.895416576896
tza,2083,101935.42233648963
uga,2083,103125.78859856311
ukr,2083,34738.47357040822
ury,2083,3664.116102221758
usa,2083,515709.05955449794
uzb,2083,31569.945016918755
vct,2083,112.10705301590191
ven,2083,51897.851022009185
vgb,2083,37.12689578479779
vir,2083,132.78583997935215
vnm,2083,112143.50573002848
vut,2083,558.1839445126985
wlf,2083,8.191711615444216
wsm,2083,164.27574307139542
yem,2083,69298.87100173534
zaf,2083,49481.450901295
zmb,2083,32296.100444136595
zwe,2083,9732.033872511805
abw,2084,183.39736543400565
afg,2084,113290.7434310383
ago,2084,53065.25632961826
aia,2084,18.27761698592039
alb,2084,2166.8847536496096
and,2084,58.8542770397421
ant,2084,256.88890505549244
are,2084,16621.92227230591
arg,2084,63594.827664734235
arm,2084,1795.9744178985231
asm,2084,62.25586081385073
atg,2084,119.76773659952568
aus,2084,28237.009038996068
aut,2084,6692.632189063164
aze,2084,9515.487974920987
bdi,2084,15290.49806149928
bel,2084,10180.973723806903
ben,2084,18765.057187047434
bfa,2084,37277.02259846961
bgd,2084,200154.11895572755
bgr,2084,4997.722046267404
bhr,2084,3223.2785380357427
bhs,2084,637.3633190622278
bih,2084,2107.921409771957
blr,2084,6570.378378017461
blz,2084,618.215195583386
bmu,2084,48.05151341753412
bol,2084,19265.83404069076
bra,2084,266778.7733594748
brb,2084,290.13138963114704
brn,2084,725.7031649183656
btn,2084,1389.7123907618043
bwa,2084,2192.638274496387
caf,2084,5662.245513984491
can,2084,39750.262881267896
che,2084,7460.448526636432
chi,2084,124.77233477609244
chl,2084,24321.851278836988
chn,2084,1194641.0723223914
civ,2084,26728.14720655135
cmr,2084,29527.657299090963
cod,2084,138668.9024538538
cog,2084,7362.060614912034
cok,2084,11.692324960187566
col,2084,79365.14910057744
com,2084,1011.837255097123
cpv,2084,398.79470754857755
cri,2084,8530.229618732803
cub,2084,7758.000015769463
cym,2084,79.00886832684013
cyp,2084,1216.9532006750198
cze,2084,10234.559536681314
deu,2084,53747.39160342103
dji,2084,1018.4330929181524
dma,2084,91.11671755086286
dnk,2084,5503.511069088746
dom,2084,16217.725032309156
dza,2084,37531.25214813072
ecu,2084,27294.342850380082
egy,2084,105698.77335677158
eri,2084,5914.8402397492855
esh,2084,394.68195290009623
esp,2084,37159.60190204519
est,2084,1118.304884659004
eth,2084,154631.77497531383
fin,2084,5065.754336960372
fji,2084,949.5815616663735
flk,2084,3.627618638426947
fra,2084,62293.59888326059
fro,2084,36.25138590758543
fsm,2084,95.8156400063465
gab,2084,2143.17029743641
gbr,2084,64826.042400804276
geo,2084,2129.794291980515
gha,2084,43178.352324959276
gib,2084,25.45164002785171
gin,2084,12995.983062036774
glp,2084,549.5895028056335
gmb,2084,3017.1848110708384
gnb,2084,2119.5944981990897
gnq,2084,1944.4595229544059
grc,2084,7118.1165672989755
grd,2084,140.04502340886108
grl,2084,42.53281686774352
gtm,2084,37308.09364551478
guf,2084,582.3673165463575
gum,2084,229.406061228346
guy,2084,762.8752139798765
hkg,2084,10210.98385723289
hnd,2084,17424.20119642268
hrv,2084,3138.2087719545207
hti,2084,15467.468358488923
hun,2084,6859.924429161078
idn,2084,288827.4031854993
imn,2084,62.79469427549825
ind,2084,1457222
irl,2084,5181.584750983634
irn,2084,81096.04106410971
irq,2084,83232.62003540776
isl,2084,417.92464131366637
isr,2084,19293.57675312803
ita,2084,41333.085645685875
jam,2084,3165.513012157685
jor,2084,20893.664562404
jpn,2084,99981.4
kaz,2084,19901.05421132755
ken,2084,73750.3073450794
kgz,2084,6040.302905829009
khm,2084,21871.28212248273
kir,2084,123.7375947839257
kna,2084,65.54162213951129
kor,2084,41375.6
kwt,2084,8000.539740660586
lao,2084,9593.416570656127
lbn,2084,6554.478742929367
lbr,2084,10129.956523742512
lby,2084,7002.239342304096
lca,2084,245.48756941785942
lie,2084,28.26870262756709
lka,2084,23963.245290054096
lso,2084,1751.295627264864
ltu,2084,1870.3262916530814
lux,2084,748.0335758731272
lva,2084,1318.8599581790368
mac,2084,906.4034080282879
mar,2084,25670.798015248227
mco,2084,28.455802660970793
mda,2084,1532.3401537459813
mdg,2084,44185.71939174459
mdv,2084,679.1490707311176
mex,2084,191846.2717380485
mhl,2084,64.07070861618958
mkd,2084,1990.7371090440306
mli,2084,34054.168480320855
mlt,2084,311.0706731329878
mmr,2084,47363.44500275468
mne,2084,570.1569431898766
mng,2084,4827.421042420011
mnp,2084,62.22016620433946
moz,2084,38848.92594470772
mrt,2084,5698.9690288041
msr,2084,6.357932878287454
mtq,2084,292.42324480501304
mus,2084,978.2333336790608
mwi,2084,44131.89280286195
mys,2084,50984.65168571685
myt,2084,441.8183077259595
nam,2084,2431.4621063011223
ncl,2084,480.0219519660729
ner,2084,70064.99676145475
nga,2084,407224.92560029804
nic,2084,8509.52732166518
niu,2084,1.076417270018405
nld,2084,14498.671294648095
nor,2084,6433.120309236907
npl,2084,50071.01221336832
nru,2084,11.58178532986118
nzl,2084,4340.634566731658
omn,2084,7752.505695234451
pak,2084,384187.44354296173
pan,2084,7072.705113293099
per,2084,39202.40299209038
phl,2084,183762.63391470013
plw,2084,19.704539906770464
png,2084,14800.792514410168
pol,2084,26115.046707573725
pri,2084,2191.758208242815
prk,2084,26094.354393836966
prt,2084,7782.552171072392
pry,2084,12604.093153177171
pse,2084,5994.038567324932
pyf,2084,394.2127754552563
qat,2084,4274.380910755989
reu,2084,906.7701849442221
rom,2084,11146.976109940097
rus,2084,126396.64582869515
rwa,2084,20704.129340706226
sau,2084,64251.13402823139
sdn,2084,55704.23139539027
sen,2084,23152.544391476793
sgp,2084,6945.0608114043725
shn,2084,4.398972387306856
slb,2084,1223.441901639779
sle,2084,10799.901587845812
slv,2084,6534.711671164517
smr,2084,25.101581900838337
som,2084,18674.648254479427
spm,2084,4.337118732101043
srb,2084,7173.416835144058
stp,2084,173.09030029133774
sur,2084,852.5541024841517
svk,2084,4317.133427129928
svn,2084,2017.111920492407
swe,2084,11107.742134588605
swz,2084,1031.3713738747224
syc,2084,71.23710134725158
syr,2084,29521.6832941352
tca,2084,46.0569323321242
tcd,2084,27076.622484408905
tgo,2084,9516.808121263046
tha,2084,66352.29049943904
tjk,2084,8219.791943931436
tkl,2084,0.8324116257338128
tkm,2084,5943.384937003819
tls,2084,2601.288201145489
ton,2084,97.36054210275977
tto,2084,1174.0056938738007
tun,2084,8727.65175173612
tur,2084,72338.43240609762
tuv,2084,12.380452217675934
twn,2084,26277.341955806816
tza,2084,102206.63109794978
uga,2084,103687.1400050089
ukr,2084,34627.79115652937
ury,2084,3664.04991427474
usa,2084,517675.0417917572
uzb,2084,31463.362665629036
vct,2084,112.09421131475669
ven,2084,52036.49612188924
vgb,2084,37.315574646232314
vir,2084,133.04737161213095
vnm,2084,112157.87011886894
vut,2084,557.8294321301438
wlf,2084,8.155240416334623
wsm,2084,163.53935957693423
yem,2084,69631.53579533695
zaf,2084,49217.24154555102
zmb,2084,32399.382939591047
zwe,2084,9679.872755600612
abw,2085,183.84930659160648
afg,2085,113887.41498102753
ago,2085,53097.537750157746
aia,2085,18.37059824299959
alb,2085,2147.3894277043764
and,2085,58.70846934739368
ant,2085,258.1957413536904
are,2085,16572.221261703897
arg,2085,63783.73570920003
arm,2085,1782.5775555885134
asm,2085,62.197489251103704
atg,2085,120.37701486129981
aus,2085,28161.513114807916
aut,2085,6654.537968309553
aze,2085,9479.968964345338
bdi,2085,15255.85687998521
bel,2085,10155.727296697458
ben,2085,18768.084271571748
bfa,2085,37383.00678359979
bgd,2085,199089.4725975364
bgr,2085,4968.764803082336
bhr,2085,3228.9894661218946
bhs,2085,639.1419738939891
bih,2085,2086.838785136045
blr,2085,6536.51089723224
blz,2085,620.8982057734912
bmu,2085,47.93246887841712
bol,2085,19348.341229037425
bra,2085,266674.27820041805
brb,2085,289.4980367075268
brn,2085,723.9814884437433
btn,2085,1386.5757665012
bwa,2085,2183.1302548223375
caf,2085,5644.989900588521
can,2085,39808.66340927694
che,2085,7435.0772462151335
chi,2085,124.46321932828322
chl,2085,24336.940683965575
chn,2085,1190176.1044155194
civ,2085,26663.43027701932
cmr,2085,29455.07818195671
cod,2085,138721.18352790555
cog,2085,7352.679161528249
cok,2085,11.640212097064998
col,2085,79599.8948539215
com,2085,1009.6199988300016
cpv,2085,396.46221385990555
cri,2085,8550.549738047446
cub,2085,7700.674896848722
cym,2085,79.41079949232488
cyp,2085,1210.4918865494703
cze,2085,10202.033443307198
deu,2085,53413.83490553564
dji,2085,1014.7678865738967
dma,2085,91.58024334557321
dnk,2085,5500.65919286025
dom,2085,16263.758267094521
dza,2085,37326.19543176876
ecu,2085,27384.280136248886
egy,2085,105380.92691941612
eri,2085,5911.774456383252
esh,2085,393.6704421465602
esp,2085,36974.42315023438
est,2085,1116.6064768962653
eth,2085,154540.58219140413
fin,2085,5061.687013009689
fji,2085,945.3833414112612
flk,2085,3.6460729337251094
fra,2085,62221.7647722998
fro,2085,36.16157542669127
fsm,2085,95.31820603948816
gab,2085,2134.7904681019354
gbr,2085,64761.31119606418
geo,2085,2113.809056528661
gha,2085,43190.833683894314
gib,2085,25.38858522392577
gin,2085,12971.789278996048
glp,2085,552.136443395229
gmb,2085,3015.2281741187144
gnb,2085,2113.2160936911264
gnq,2085,1943.5498628600267
grc,2085,7072.139062816659
grd,2085,140.2219305069617
grl,2085,42.427444544974584
gtm,2085,37558.60845796632
guf,2085,585.5863456320885
gum,2085,228.71213511280533
guy,2085,762.2011091606211
hkg,2085,10167.358796679267
hnd,2085,17505.676546788647
hrv,2085,3118.390896120113
hti,2085,15487.155119854799
hun,2085,6816.5219945198705
idn,2085,286862.9652262085
imn,2085,62.63912445246138
ind,2085,1449540
irl,2085,5175.198383257258
irn,2085,80610.57313912752
irq,2085,83567.98738176876
isl,2085,417.9481736613253
isr,2085,19465.54371267226
ita,2085,41090.10484355832
jam,2085,3167.781573445433
jor,2085,20928.5667491652
jpn,2085,99478
kaz,2085,19865.064870818438
ken,2085,73755.15552958602
kgz,2085,6023.555289777606
khm,2085,21967.595015059538
kir,2085,123.62157748557543
kna,2085,65.87504319884502
kor,2085,41194
kwt,2085,8002.8734293441385
lao,2085,9563.769037373035
lbn,2085,6523.9418657206925
lbr,2085,10136.412839483779
lby,2085,6977.659104696539
lca,2085,245.578382419641
lie,2085,28.198668731933196
lka,2085,23860.955258331847
lso,2085,1742.190574338603
ltu,2085,1860.7243253595652
lux,2085,746.833458451312
lva,2085,1311.099732520636
mac,2085,902.674063488387
mar,2085,25492.497829319404
mco,2085,28.38530523701779
mda,2085,1512.0621746794527
mdg,2085,44222.259657652205
mdv,2085,675.6417376855686
mex,2085,192539.94459655092
mhl,2085,64.01063543851046
mkd,2085,1979.22823730598
mli,2085,34101.780147248224
mlt,2085,308.7638496618076
mmr,2085,47036.046227113715
mne,2085,566.6764272990494
mng,2085,4856.426400704856
mnp,2085,62.161828109126446
moz,2085,38826.60725428679
mrt,2085,5693.856810278429
msr,2085,6.39027673317312
mtq,2085,291.33018183155923
mus,2085,972.5226445423929
mwi,2085,44357.58832199028
mys,2085,50898.98196474244
myt,2085,442.5339716247259
nam,2085,2421.3111937545636
ncl,2085,479.65132466234894
ner,2085,70594.81357129765
nga,2085,408978.47054075607
nic,2085,8529.790822993351
niu,2085,1.0716196625240666
nld,2085,14467.910136656203
nor,2085,6437.109587886447
npl,2085,49968.55494358552
nru,2085,11.570926160936894
nzl,2085,4325.827459486848
omn,2085,7760.623230536221
pak,2085,384172.7203046038
pan,2085,7096.187871807402
per,2085,39248.83022557234
phl,2085,183585.97498916002
plw,2085,19.686064782139095
png,2085,14772.828522003962
pol,2085,25920.853671586407
pri,2085,2174.8721983802798
prk,2085,26082.0163816344
prt,2085,7742.922646288665
pry,2085,12656.931815785267
pse,2085,5994.248001799937
pyf,2085,393.75872992714585
qat,2085,4260.3334515230645
reu,2085,905.6671974728625
rom,2085,11032.111837344175
rus,2085,126156.02646286345
rwa,2085,20741.166362426946
sau,2085,64336.08059900882
sdn,2085,55583.59625621774
sen,2085,23184.632343924797
sgp,2085,6902.800786983002
shn,2085,4.387698479691943
slb,2085,1222.5779279270894
sle,2085,10782.954004053323
slv,2085,6535.879432711056
smr,2085,25.03939434344493
som,2085,18679.20163206295
spm,2085,4.3365907230603975
srb,2085,7124.243454284133
stp,2085,172.458257288193
sur,2085,855.3629097024932
svk,2085,4290.8754646808975
svn,2085,2013.0715576294251
swe,2085,11114.15499610179
swz,2085,1027.378348148094
syc,2085,71.05453132211106
syr,2085,29535.53227354525
tca,2085,46.29123155552687
tcd,2085,27124.44263844113
tgo,2085,9496.379847717331
tha,2085,65829.8157619572
tjk,2085,8205.227895940345
tkl,2085,0.8287015549599328
tkm,2085,5925.947227329025
tls,2085,2610.4452104547277
ton,2085,97.02282375199752
tto,2085,1167.8695372471786
tun,2085,8664.357828573047
tur,2085,71974.72579653858
tuv,2085,12.36884421267828
twn,2085,26252.704122601288
tza,2085,102477.03873498816
uga,2085,104246.20998097365
ukr,2085,34517.07718306275
ury,2085,3663.907252783288
usa,2085,519641.1278016197
uzb,2085,31356.74188705771
vct,2085,112.07891978226613
ven,2085,52175.47822409652
vgb,2085,37.50540513901002
vir,2085,133.30881719330992
vnm,2085,112177.8577870821
vut,2085,557.472816832384
wlf,2085,8.118892390685732
wsm,2085,162.8035424141727
yem,2085,69964.48543796233
zaf,2085,48954.6723650748
zmb,2085,32502.322655516225
zwe,2085,9628.035235283167
abw,2086,184.0460528250212
afg,2086,114358.7820845169
ago,2086,53027.59540015294
aia,2086,18.45748598338233
alb,2086,2132.0462286185307
and,2086,58.62533807178896
ant,2086,259.4169342754406
are,2086,16511.12858076543
arg,2086,63936.646999272874
arm,2086,1773.1659973884978
asm,2086,62.12672932761681
atg,2086,120.94636413762527
aus,2086,28079.379353568893
aut,2086,6620.341169587718
aze,2086,9458.028769492777
bdi,2086,15194.912217295314
bel,2086,10136.1685459677
ben,2086,18737.831197438587
bfa,2086,37431.79068098598
bgd,2086,197947.2426647931
bgr,2086,4949.319139675276
bhr,2086,3231.3151970617637
bhs,2086,640.3352665087752
bih,2086,2071.1486330496214
blr,2086,6512.291826428352
blz,2086,623.2428623386573
bmu,2086,47.86459643471284
bol,2086,19419.645901206623
bra,2086,266422.093640269
brb,2086,288.74811219201314
brn,2086,721.5241689716291
btn,2086,1381.9285867548847
bwa,2086,2169.781278289007
caf,2086,5619.277534222641
can,2086,39864.86027496056
che,2086,7411.115859820305
chi,2086,124.28697923373394
chl,2086,24333.11605397867
chn,2086,1184939.0000926265
civ,2086,26569.3418618841
cmr,2086,29335.503273330018
cod,2086,138556.50038998286
cog,2086,7329.880114109436
cok,2086,11.598698994873212
col,2086,79771.72920219241
com,2086,1005.9845404705952
cpv,2086,393.97750088062776
cri,2086,8561.664472438635
cub,2086,7646.579811901783
cym,2086,79.78639014204714
cyp,2086,1204.5232628480378
cze,2086,10187.9348693386
deu,2086,53122.65380075667
dji,2086,1009.7974153618229
dma,2086,92.01339202711004
dnk,2086,5501.6138640219115
dom,2086,16298.974450444286
dza,2086,37090.97379408341
ecu,2086,27450.291804138535
egy,2086,104928.31753831812
eri,2086,5897.946590501053
esh,2086,392.3555394814855
esp,2086,36815.1169218053
est,2086,1116.1507333706802
eth,2086,154197.4134353688
fin,2086,5061.296323404066
fji,2086,940.9162820014933
flk,2086,3.663317828762905
fra,2086,62168.907331543196
fro,2086,36.110370584757675
fsm,2086,94.87678996631004
gab,2086,2123.4570308479842
gbr,2086,64739.29208108186
geo,2086,2102.7367538990025
gha,2086,43131.75703405687
gib,2086,25.35263495135138
gin,2086,12932.740403071952
glp,2086,554.4648932536919
gmb,2086,3009.735304792553
gnb,2086,2103.9895713694423
gnq,2086,1939.067795510283
grc,2086,7033.776869497026
grd,2086,140.36973288272173
grl,2086,42.367367223510094
gtm,2086,37774.981588803
guf,2086,588.1670380317172
gum,2086,227.80607577643485
guy,2086,761.5143976076386
hkg,2086,10106.008588440203
hnd,2086,17572.19643733766
hrv,2086,3104.1723021828348
hti,2086,15497.575422743175
hun,2086,6787.782338278063
idn,2086,284801.2452489746
imn,2086,62.55042736367029
ind,2086,1441920
irl,2086,5171.981588532703
irn,2086,80164.94747470897
irq,2086,83830.34167609995
isl,2086,418.1244945428304
isr,2086,19638.7810512691
ita,2086,40878.70183764367
jam,2086,3169.6077247717412
jor,2086,20940.877920571937
jpn,2086,99065.2
kaz,2086,19844.966966151387
ken,2086,73650.63660866112
kgz,2086,6013.530577123474
khm,2086,22036.63332421981
kir,2086,123.48093751007907
kna,2086,66.18661354486487
kor,2086,41014.6
kwt,2086,7997.098585060823
lao,2086,9530.948889225183
lbn,2086,6492.954718416749
lbr,2086,10121.628425511195
lby,2086,6943.573101096247
lca,2086,245.52860820273983
lie,2086,28.15873937713825
lka,2086,23751.48031247726
lso,2086,1731.0549969797344
ltu,2086,1854.6976092633831
lux,2086,745.7062712990553
lva,2086,1305.541905583742
mac,2086,897.9220566326056
mar,2086,25302.03133230074
mco,2086,28.345111604667753
mda,2086,1496.8753435299172
mdg,2086,44174.63270522629
mdv,2086,671.2012455269538
mex,2086,193098.19153921196
mhl,2086,63.93781276157426
mkd,2086,1970.3420377227194
mli,2086,34098.231534782746
mlt,2086,306.76133670470705
mmr,2086,46725.307199404335
mne,2086,564.010829318316
mng,2086,4877.660528389456
mnp,2086,62.09110875608231
moz,2086,38740.37360863204
mrt,2086,5680.91273480817
msr,2086,6.420500937002593
mtq,2086,290.4855369204335
mus,2086,965.8810828470009
mwi,2086,44506.01819545573
mys,2086,50763.90943710291
myt,2086,442.58210711759835
nam,2086,2407.7809346052927
ncl,2086,478.8170304761153
ner,2086,71007.18326703426
nga,2086,410031.7578348464
nic,2086,8546.499000325386
niu,2086,1.0677978888149513
nld,2086,14446.872388888221
nor,2086,6443.56980675839
npl,2086,49810.425077467975
nru,2086,11.5577623200861
nzl,2086,4312.038465877868
omn,2086,7765.439109471602
pak,2086,383781.73326460115
pan,2086,7113.173038138701
per,2086,39279.274935158886
phl,2086,183244.7464280995
plw,2086,19.663668629906667
png,2086,14730.011935446792
pol,2086,25792.829986500823
pri,2086,2161.6028774494353
prk,2086,26031.1821332081
prt,2086,7710.376885986455
pry,2086,12696.885291638851
pse,2086,5997.120955246755
pyf,2086,393.1514341122771
qat,2086,4244.5382346333445
reu,2086,903.5858999316519
rom,2086,10950.598361516555
rus,2086,126031.65503081735
rwa,2086,20743.66465241432
sau,2086,64351.55902356116
sdn,2086,55368.094145540126
sen,2086,23185.967168747236
sgp,2086,6855.069673768128
shn,2086,4.373043083180504
slb,2086,1220.5339082858884
sle,2086,10748.252426111898
slv,2086,6536.987370150239
smr,2086,25.00393852565103
som,2086,18661.347221670905
spm,2086,4.339725039434194
srb,2086,7086.780006595454
stp,2086,171.71253957463696
sur,2086,857.4464635383443
svk,2086,4274.007158861581
svn,2086,2012.0281083416214
swe,2086,11124.543813845212
swz,2086,1022.0608481862201
syc,2086,70.81720135623493
syr,2086,29523.960431772375
tca,2086,46.510176004487676
tcd,2086,27126.476907963868
tgo,2086,9463.380727705464
tha,2086,65289.86095336527
tjk,2086,8202.395954491012
tkl,2086,0.8257461129069296
tkm,2086,5914.85412954224
tls,2086,2619.186158661518
ton,2086,96.7100287402421
tto,2086,1162.3220106283734
tun,2086,8596.664631782747
tur,2086,71673.60450517353
tuv,2086,12.354772608170627
twn,2086,26222.837332841656
tza,2086,102583.68658577214
uga,2086,104626.99196463528
ukr,2086,34439.57557285742
ury,2086,3662.5828490403574
usa,2086,521755.7971225506
uzb,2086,31289.33283006075
vct,2086,112.05104484099087
ven,2086,52264.33596481082
vgb,2086,37.682795110831414
vir,2086,133.44604918414402
vnm,2086,112073.52392155604
vut,2086,556.4552102478901
wlf,2086,8.08993755664249
wsm,2086,162.1491414072084
yem,2086,70229.33704136008
zaf,2086,48630.67857263359
zmb,2086,32550.985191264765
zwe,2086,9571.054359915455
abw,2087,184.24228461644375
afg,2087,114828.20100011307
ago,2087,52957.96190415031
aia,2087,18.54495953666021
alb,2087,2116.690929968269
and,2087,58.54196544658147
ant,2087,260.6463607012256
are,2087,16449.959049560708
arg,2087,64090.18218649024
arm,2087,1763.7280337832428
asm,2087,62.055656332585684
atg,2087,121.51955206997332
aus,2087,27997.238242808853
aut,2087,6586.187477565834
aze,2087,9436.060693073632
bdi,2087,15134.328506789403
bel,2087,10116.582773383741
ben,2087,18707.72414978413
bfa,2087,37480.13878860527
bgd,2087,196806.10581067894
bgr,2087,4929.881999054235
bhr,2087,3233.642109999752
bhs,2087,641.5315981783435
bih,2087,2055.4449494328246
blr,2087,6488.017134468421
blz,2087,625.6017071271256
bmu,2087,47.796526941375795
bol,2087,19491.37603057532
bra,2087,266164.0676246359
brb,2087,287.98733307878257
brn,2087,719.0669431729224
btn,2087,1377.2814511911984
bwa,2087,2156.514793057098
caf,2087,5593.719796017897
can,2087,39921.057144953214
che,2087,7387.16211565116
chi,2087,124.11022747282918
chl,2087,24328.94021720333
chn,2087,1179694.3547043041
civ,2087,26475.801484687923
cmr,2087,29216.637975000496
cod,2087,138392.5038968715
cog,2087,7307.211223977781
cok,2087,11.557236934095071
col,2087,79944.16212343433
com,2087,1002.3703186747521
cpv,2087,391.50817172849224
cri,2087,8572.77389995433
cub,2087,7591.872335107776
cym,2087,80.16451309201028
cyp,2087,1198.5617638908059
cze,2087,10173.912539007297
deu,2087,52831.866182687925
dji,2087,1004.8570618410756
dma,2087,92.44946107557136
dnk,2087,5502.521053020112
dom,2087,16334.313949502903
dza,2087,36857.209115022146
ecu,2087,27516.574763348264
egy,2087,104478.41223734114
eri,2087,5884.193365829107
esh,2087,391.04823342948055
esp,2087,36655.96288599586
est,2087,1115.7002272997813
eth,2087,153856.07388693737
fin,2087,5060.865550733371
fji,2087,936.452223818927
flk,2087,3.6806789920088954
fra,2087,62115.69384198268
fro,2087,36.05901708315091
fsm,2087,94.43565595715047
gab,2087,2112.1927967189354
gbr,2087,64716.80853734709
geo,2087,2091.633491922906
gha,2087,43072.94616642797
gib,2087,25.316580306698704
gin,2087,12893.91333197007
glp,2087,556.8082675995223
gmb,2087,3004.2701105454416
gnb,2087,2094.8182758209086
gnq,2087,1934.6098408523533
grc,2087,6995.466231684876
grd,2087,140.51712150973407
grl,2087,42.307115483482114
gtm,2087,37992.919523735756
guf,2087,590.7646128794368
gum,2087,226.90034294717972
guy,2087,760.8113131468335
hkg,2087,10044.721106612316
hnd,2087,17639.12027986392
hrv,2087,3089.954475207835
hti,2087,15507.894066885101
hun,2087,6759.049682839275
idn,2087,282742.0518629936
imn,2087,62.46147276641451
ind,2087,1434300
irl,2087,5168.731825092384
irn,2087,79718.77943643044
irq,2087,84092.95609563834
isl,2087,418.2969124731044
isr,2087,19812.206289115056
ita,2087,40667.565705457615
jam,2087,3171.4101893476554
jor,2087,20953.193616007593
jpn,2087,98652.4
kaz,2087,19824.914236647848
ken,2087,73546.59578416757
kgz,2087,6003.503826567504
khm,2087,22107.68338777523
kir,2087,123.3396752844143
kna,2087,66.50028455463357
kor,2087,40835.2
kwt,2087,7991.313568956576
lao,2087,9498.130800000747
lbn,2087,6461.929441508668
lbr,2087,10106.912516970116
lby,2087,6909.6935802773
lca,2087,245.47518406458718
lie,2087,28.1186940980555
lka,2087,23642.073631494804
lso,2087,1719.9884668068662
ltu,2087,1848.6585333053945
lux,2087,744.5762120849122
lva,2087,1299.970119865424
mac,2087,893.1740291127597
mar,2087,25112.75859304765
mco,2087,28.30480128077015
mda,2087,1481.6372746367254
mdg,2087,44127.1921812603
mdv,2087,666.7657536877721
mex,2087,193659.23801224522
mhl,2087,63.864667886608416
mkd,2087,1961.456639429215
mli,2087,34094.60558681625
mlt,2087,304.7620065405718
mmr,2087,46414.91995262507
mne,2087,561.3451846967112
mng,2087,4899.4169163182105
mnp,2087,62.02007651099458
moz,2087,38654.599639733286
mrt,2087,5668.03805637389
msr,2087,6.450928917892797
mtq,2087,289.64092341649206
mus,2087,959.2808998950253
mwi,2087,44653.32759654632
mys,2087,50628.757266090404
myt,2087,442.6286113984114
nam,2087,2394.3336694965446
ncl,2087,477.9809823045611
ner,2087,71416.5959315055
nga,2087,411076.81506648794
nic,2087,8563.255156222542
niu,2087,1.0639808140736906
nld,2087,14425.776731423812
nor,2087,6449.959263045958
npl,2087,49652.27542837363
nru,2087,11.54454023688879
nzl,2087,4298.256726815028
omn,2087,7770.256950642609
pak,2087,383388.7070733627
pan,2087,7130.227361354392
per,2087,39309.50027427035
phl,2087,182902.89664634992
plw,2087,19.641173387714577
png,2087,14687.180500757046
pol,2087,25664.79030704253
pri,2087,2148.208687367757
prk,2087,25981.012539573177
prt,2087,7677.86067865055
pry,2087,12737.053662661472
pse,2087,5999.994462864376
pyf,2087,392.5425208573326
qat,2087,4228.7231594717005
reu,2087,901.515790033037
rom,2087,10869.016609847404
rus,2087,125907.58355492966
rwa,2087,20746.084874823737
sau,2087,64367.02595990886
sdn,2087,55153.86352055827
sen,2087,23187.224443536834
sgp,2087,6807.395056220883
shn,2087,4.358472355580034
slb,2087,1218.485229162879
sle,2087,10713.750164733718
slv,2087,6538.021225237991
smr,2087,24.968379771297112
som,2087,18643.556477692604
spm,2087,4.3428550467816835
srb,2087,7049.306984789366
stp,2087,170.97128055028375
sur,2087,859.5386964510341
svk,2087,4257.146041075448
svn,2087,2011.0036576095908
swe,2087,11134.812631179499
swz,2087,1016.7757411328581
syc,2087,70.58124252144596
syr,2087,29512.36210944739
tca,2087,46.730596616609766
tcd,2087,27128.417299769953
tgo,2087,9430.573389108993
tha,2087,64750.638853165794
tjk,2087,8199.604569680565
tkl,2087,0.8227943046450034
tkm,2087,5903.754099219746
tls,2087,2627.887172944502
ton,2087,96.3972084901575
tto,2087,1156.7067884980374
tun,2087,8529.396877542145
tur,2087,71372.75391604098
tuv,2087,12.340638744989763
twn,2087,26192.83839989235
tza,2087,102689.32028999348
uga,2087,105004.92776454709
ukr,2087,34361.9819880508
ury,2087,3661.1984757925557
usa,2087,523870.5913126323
uzb,2087,31221.852216548323
vct,2087,112.02145522579102
ven,2087,52353.360706418636
vgb,2087,37.861381077996946
vir,2087,133.5828567018443
vnm,2087,111973.53245202919
vut,2087,555.4356748141668
wlf,2087,8.061018323303204
wsm,2087,161.49499442304514
yem,2087,70494.45775044795
zaf,2087,48308.69887168936
zmb,2087,32599.227198790482
zwe,2087,9514.424687756185
abw,2088,184.4379967455843
afg,2088,115295.658769751
ago,2088,52888.6345933367
aia,2088,18.633024847357838
alb,2088,2101.323317998801
and,2088,58.45835041920145
ant,2088,261.8841041803626
are,2088,16388.712628906113
arg,2088,64244.347601835834
arm,2088,1754.263379386837
asm,2088,61.98426818366424
atg,2088,122.09661761102905
aus,2088,27915.08979607411
aut,2088,6552.077080240102
aze,2088,9414.06443374785
bdi,2088,15074.10262947296
bel,2088,10096.969861098336
ben,2088,18677.761866790872
bfa,2088,37528.05487212515
bgd,2088,195666.06930563436
bgr,2088,4910.453531785489
bhr,2088,3235.970205538525
bhs,2088,642.7309997414417
bih,2088,2039.727495233295
blr,2088,6463.6862202068105
blz,2088,627.9748841136076
bmu,2088,47.72825953903653
bol,2088,19563.53593446192
bra,2088,265900.14087746595
brb,2088,287.2155892210222
brn,2088,716.6098116706765
btn,2088,1372.6343601040155
bwa,2088,2143.3300863177433
caf,2088,5568.315349829479
can,2088,39977.254019246015
che,2088,7363.216047036838
chi,2088,123.93296181409842
chl,2088,24324.40960977573
chn,2088,1174441.929133366
civ,2088,26382.804409824766
cmr,2088,29098.47615521238
cod,2088,138229.1881152608
cog,2088,7284.671366441752
cok,2088,11.515825820653337
col,2088,80117.19969165446
com,2088,998.7771499369326
cpv,2088,389.0540934715627
cri,2088,8583.877966743128
cub,2088,7536.5462522327025
cym,2088,80.54519403868026
cyp,2088,1192.607420750085
cze,2088,10159.967799257869
deu,2088,52541.47376739687
dji,2088,999.9465657641239
dma,2088,92.888480125322
dnk,2088,5503.380552776458
dom,2088,16369.778015614063
dza,2088,36624.88880497842
ecu,2088,27583.131766801318
egy,2088,104031.18765047868
eri,2088,5870.514137391331
esh,2088,389.7484583480708
esp,2088,36496.96170654585
est,2088,1115.2550152892436
eth,2088,153516.547739893
fin,2088,5060.394520188024
fji,2088,931.9911868257531
flk,2088,3.6981576032923953
fra,2088,62062.12275082429
fro,2088,36.007514273538966
fsm,2088,93.9948058881139
gab,2088,2100.997167729301
gbr,2088,64693.85853940116
geo,2088,2080.4989359961032
gha,2088,43014.39878437864
gib,2088,25.28042083478202
gin,2088,12855.306149070828
glp,2088,559.1667178786569
gmb,2088,2998.832352236509
gnb,2088,2085.7017298299534
gnq,2088,1930.175790528019
grc,2088,6957.207374223198
grd,2088,140.6640921894916
grl,2088,42.2466885642194
gtm,2088,38212.43814158279
guf,2088,593.3792414895512
gum,2088,225.99493879675066
guy,2088,760.0916896344517
hkg,2088,9983.496768410454
hnd,2088,17706.452173462032
hrv,2088,3075.7374287445177
hti,2088,15518.110020700475
hun,2088,6730.324151881939
idn,2088,280685.40187348955
imn,2088,62.37225953765255
ind,2088,1426680
irl,2088,5165.448949153697
irn,2088,79272.06874775187
irq,2088,84355.830773014
isl,2088,418.4654104306633
isr,2088,19985.819522014288
ita,2088,40456.6976108853
jam,2088,3173.1887268123505
jor,2088,20965.51383777883
jpn,2088,98239.6
kaz,2088,19804.90717055464
ken,2088,73443.02892486518
kgz,2088,5993.47501608434
khm,2088,22180.80899579019
kir,2088,123.19778666978205
kna,2088,66.8160775445944
kor,2088,40655.8
kwt,2088,7985.518375845092
lao,2088,9465.314783394337
lbn,2088,6430.866015555317
lbr,2088,10092.264521903839
lby,2088,6876.0187580181455
lca,2088,245.41807296768047
lie,2088,28.078532389117917
lka,2088,23532.73566943752
lso,2088,1708.99038718198
ltu,2088,1842.6069639019493
lux,2088,743.4432682832953
lva,2088,1294.3842245011347
mac,2088,888.4300073967756
mar,2088,24924.669296277087
mco,2088,28.26437375641179
mda,2088,1466.3474142295397
mdg,2088,44079.93647482245
mdv,2088,662.3352954268604
mex,2088,194223.1124238291
mhl,2088,63.79119867056351
mkd,2088,1952.5720565813099
mli,2088,34090.90297160626
mlt,2088,302.7658730501438
mmr,2088,46104.88682659137
mne,2088,558.6794926102622
mng,2088,4921.712124670967
mnp,2088,61.9487292927111
moz,2088,38569.28137551515
mrt,2088,5655.2321753145125
msr,2088,6.48156274366737
mtq,2088,288.79634145670747
mus,2088,952.7217381319753
mwi,2088,44799.526207284696
mys,2088,50493.524921969525
myt,2088,442.6734985624989
nam,2088,2380.968681275274
ncl,2088,477.14316848132904
ner,2088,71823.0771164736
nga,2088,412113.7133518033
nic,2088,8580.059777546348
niu,2088,1.0601684296393583
nld,2088,14404.622911708198
nor,2088,6456.277648140586
npl,2088,49494.10586471913
nru,2088,11.531259523955171
nzl,2088,4284.482228927072
omn,2088,7775.076755049729
pak,2088,382993.62816779496
pan,2088,7147.351543222573
per,2088,39339.50401684921
phl,2088,182560.4215119595
plw,2088,19.61857839648156
png,2088,14644.334119174697
pol,2088,25536.734350649796
pri,2088,2134.690066614228
prk,2088,25931.52867605177
prt,2088,7645.37415316683
pry,2088,12777.43910949754
pse,2088,6002.868524935356
pyf,2088,391.9319794041642
qat,2088,4212.888215912995
reu,2088,899.4567711043908
rom,2088,10787.365376153779
rus,2088,125783.8152770844
rwa,2088,20748.427704238584
sau,2088,64382.48140219443
sdn,2088,54940.893394340645
sen,2088,23188.40483840487
sgp,2088,6759.777310113299
shn,2088,4.343985565264901
slb,2088,1216.4318595662514
sle,2088,10679.445497620663
slv,2088,6538.980246225134
smr,2088,24.932717631458008
som,2088,18625.82884998537
spm,2088,4.345980753982769
srb,2088,7011.824219726428
stp,2088,170.23444168751715
sur,2088,861.639696511321
svk,2088,4240.292238308601
svn,2088,2009.998541067921
swe,2088,11144.960924760926
swz,2088,1011.5227470802839
syc,2088,70.3466429697749
syr,2088,29500.737293068654
tca,2088,46.95250837122924
tcd,2088,27130.26462505848
tgo,2088,9397.956174741152
tha,2088,64212.1543348533
tjk,2088,8196.854179839462
tkl,2088,0.8198461234765143
tkm,2088,5892.64706143567
tls,2088,2636.5479876894733
ton,2088,96.08436283387496
tto,2088,1151.0231839173236
tun,2088,8462.550889594266
tur,2088,71072.1752097229
tuv,2088,12.326442209031919
twn,2088,26162.70644482374
tza,2088,102793.94861091154
uga,2088,105380.04197463568
ukr,2088,34284.2954345943
ury,2088,3659.7535245005347
usa,2088,525985.5099333858
uzb,2088,31154.299273147688
vct,2088,111.99013353704723
ven,2088,52442.55414355817
vgb,2088,38.04117517684542
vir,2088,133.7192354390782
vnm,2088,111878.02107012105
vut,2088,554.4141977017769
wlf,2088,8.032134625050258
wsm,2088,160.8411031512757
yem,2088,70759.8477024348
zaf,2088,47988.715858440104
zmb,2088,32647.05231188556
zwe,2088,9458.14318405191
abw,2089,184.63318392128286
afg,2089,115761.1423201923
ago,2089,52819.61082955897
aia,2089,18.72168794070208
alb,2089,2085.943173890495
and,2089,58.37449193094966
ant,2089,263.1302493964255
are,2089,16327.389279591349
arg,2089,64399.14966224225
arm,2089,1744.7717446859522
asm,2089,61.912562779998176
atg,2089,122.67760024229503
aus,2089,27832.93402687769
aut,2089,6518.010166701496
aze,2089,9392.039685817215
bdi,2089,15014.231502183284
bel,2089,10077.32969057797
ben,2089,18647.943101137385
bfa,2089,37575.54265395209
bgd,2089,194527.14048472058
bgr,2089,4891.033892002919
bhr,2089,3238.299484281159
bhs,2089,643.9335024554804
bih,2089,2023.9960257344137
blr,2089,6439.298473803756
blz,2089,630.3625392274008
bmu,2089,47.65979336332114
bol,2089,19636.129988796292
bra,2089,265630.2533179814
brb,2089,286.4327689765776
brn,2089,714.1527750934833
btn,2089,1367.987313789821
bwa,2089,2130.2264534510123
caf,2089,5543.062874862557
can,2089,40033.45089783011
che,2089,7339.277687500578
chi,2089,123.75518001307647
chl,2089,24319.520619449355
chn,2089,1169181.4740451807
civ,2089,26290.34595609256
cmr,2089,28981.011752653147
cod,2089,138066.5471800037
cog,2089,7262.259429730566
cok,2089,11.474465560701827
col,2089,80290.84806332011
com,2089,995.2048528597568
cpv,2089,386.61513470506054
cri,2089,8594.976618222527
cub,2089,7480.595264678784
cym,2089,80.92845902737554
cyp,2089,1186.660264679134
cze,2089,10146.102028950245
deu,2089,52251.478280944284
dji,2089,995.065669873231
dma,2089,93.33047921303985
dnk,2089,5504.192155006657
dom,2089,16405.367917109557
dza,2089,36394.00041897848
ecu,2089,27649.965604794328
egy,2089,103586.62068015912
eri,2089,5856.9082676213
esh,2089,388.4561493488998
esp,2089,36338.114051060344
est,2089,1114.8151547634063
eth,2089,153178.8193696049
fin,2089,5059.883055940475
fji,2089,927.5331911615879
flk,2089,3.7157548584599547
fra,2089,62008.19249623164
fro,2089,35.955861503814354
fsm,2089,93.55424165197986
gab,2089,2089.8695527634086
gbr,2089,64670.4400499904
geo,2089,2069.332746675084
gha,2089,42956.11261766413
gib,2089,25.2441560777649
gin,2089,12816.916959773265
glp,2089,561.5403975930458
gmb,2089,2993.421793472197
gnb,2089,2076.639461663383
gnq,2089,1925.7654385727378
grc,2089,6919.000523264333
grd,2089,140.81064066648872
grl,2089,42.18608570062104
gtm,2089,38433.55353673148
guf,2089,596.0110975021088
gum,2089,225.0898655161608
guy,2089,759.3553586711894
hkg,2089,9922.335994757734
hnd,2089,17774.196272875448
hrv,2089,3061.5211766633306
hti,2089,15528.222238604589
hun,2089,6701.605872015001
idn,2089,278631.3122350537
imn,2089,62.28278654780305
ind,2089,1419060
irl,2089,5162.132816096751
irn,2089,78824.81513194513
irq,2089,84618.96584094704
isl,2089,418.62997129490105
isr,2089,20159.62084583611
ita,2089,40246.09872458954
jam,2089,3174.943093541888
jor,2089,20977.8385881939
jpn,2089,97826.8
kaz,2089,19784.94626317991
ken,2089,73339.93194697467
kgz,2089,5983.44412333008
khm,2089,22256.07666407009
kir,2089,123.05526749059698
kna,2089,67.13401412058047
kor,2089,40476.4
kwt,2089,7979.713000536539
lao,2089,9432.500853222271
lbn,2089,6399.76442110234
lbr,2089,10077.68385515621
lby,2089,6842.5468705948515
lca,2089,245.35723737169948
lie,2089,28.0382537418144
lka,2089,23423.46688439417
lso,2089,1698.060168321397
ltu,2089,1836.5427655374326
lux,2089,742.3074272956766
lva,2089,1288.7840664444332
mac,2089,883.6900181878316
mar,2089,24737.753245210773
mco,2089,28.223828519715926
mda,2089,1451.0052005290738
mdg,2089,44032.86399348776
mdv,2089,657.9099042986666
mex,2089,194789.84356780845
mhl,2089,63.717402951342294
mkd,2089,1943.6883036702611
mli,2089,34087.12434973315
mlt,2089,300.7729501949978
mmr,2089,45795.21018191539
mne,2089,556.0137522154723
mng,2089,4944.563421241876
mnp,2089,61.87706500158208
moz,2089,38484.4148895345
mrt,2089,5642.494498858028
msr,2089,6.5124045102225105
mtq,2089,287.9517911788499
mus,2089,946.2032441110414
mwi,2089,44944.6235984638
mys,2089,50358.21187029656
myt,2089,442.7167825432633
nam,2089,2367.6852610272795
ncl,2089,476.30357723636934
ner,2089,72226.65208015518
nga,2089,413142.5229899138
nic,2089,8596.91335776791
niu,2089,1.0563607268722994
nld,2089,14383.410675715893
nor,2089,6462.524651636568
npl,2089,49335.91625375159
nru,2089,11.517919790452254
nzl,2089,4270.714958875589
omn,2089,7779.898523694131
pak,2089,382596.4828642538
pan,2089,7164.546295038473
per,2089,39369.28390661724
phl,2089,182217.31685625136
plw,2089,19.59588299126833
png,2089,14601.47269106195
pol,2089,25408.66182806571
pri,2089,2121.047451617267
prk,2089,25882.752518511727
prt,2089,7612.917439171737
pry,2089,12818.043842395691
pse,2089,6005.74314174244
pyf,2089,391.31979889900373
qat,2089,4197.033393825214
reu,2089,897.4087475836867
rom,2089,10705.643425672672
rus,2089,125660.35348605168
rwa,2089,20750.693807492455
sau,2089,64397.925344556454
sdn,2089,54729.17290617652
sen,2089,23189.5090157642
sgp,2089,6712.216814557341
shn,2089,4.329581989014582
slb,2089,1214.3737682287363
sle,2089,10645.336722260825
slv,2089,6539.863671156823
smr,2089,24.896951654594314
som,2089,18608.16379472673
spm,2089,4.349102169892973
srb,2089,6974.3315382595165
stp,2089,169.5019849013365
sur,2089,863.7495529856026
svk,2089,4223.445880556027
svn,2089,2009.0131023039348
swe,2089,11154.988168198148
swz,2089,1006.3015893364279
syc,2089,70.11339098936521
syr,2089,29489.085969125357
tca,2089,47.17592645104009
tcd,2089,27132.01968570927
tgo,2089,9365.527446453363
tha,2089,63674.41231523867
tjk,2089,8194.145229637552
tkl,2089,0.8169015627202711
tkm,2089,5881.532940180521
tls,2089,2645.1683349214027
ton,2089,95.77149160203366
tto,2089,1145.2705006215756
tun,2089,8396.123033915952
tur,2089,70771.86957367617
tuv,2089,12.312182582512719
twn,2089,26132.440580894134
tza,2089,102897.580211111
uga,2089,105752.35890628623
ukr,2089,34206.514904062824
ury,2089,3658.247378363479
usa,2089,528100.5525483827
uzb,2089,31086.6732153011
vct,2089,111.95706213892484
ven,2089,52531.91799387387
vgb,2089,38.22218970847728
vir,2089,133.85518103003716
vnm,2089,111787.13335099551
vut,2089,553.3907659672532
wlf,2089,8.003286396427194
wsm,2089,160.1874692965101
yem,2089,71025.50703462282
zaf,2089,47670.71232902328
zmb,2089,32694.46412259621
zwe,2089,9402.206848913236
abw,2090,184.8278407803028
afg,2090,116224.63846174271
ago,2090,52750.88800488501
aia,2090,18.81095492399619
alb,2090,2070.5502736079757
and,2090,58.29038891695264
ant,2090,264.3848821865586
are,2090,16265.98896237948
arg,2090,64554.594872054266
arm,2090,1735.2528359649536
asm,2090,61.84053800201886
atg,2090,123.26253998309598
aus,2090,27750.770948699464
aut,2090,6483.986927143736
aze,2090,9369.986139146293
bdi,2090,14954.712077076463
bel,2090,10057.662142597857
ben,2090,18618.266619790782
bfa,2090,37622.605813851056
bgd,2090,193389.32674833923
bgr,2090,4871.623237514327
bhr,2090,3240.6299468311377
bhs,2090,645.1391380036634
bih,2090,2008.2502903865425
blr,2090,6414.853276567628
blz,2090,632.7648203856694
bmu,2090,47.5911275448148
bol,2090,19709.162629117774
bra,2090,265354.3440469764
brb,2090,285.63875918249113
brn,2090,711.695834075534
btn,2090,1363.3403125477425
bwa,2090,2117.203197908656
caf,2090,5517.9610654524995
can,2090,40089.64778069665
che,2090,7315.347070761108
chi,2090,123.5768798122087
chl,2090,24314.269584771264
chn,2090,1163912.7293360408
civ,2090,26198.42149591405
cmr,2090,28864.238775444857
cod,2090,137904.57529314057
cog,2090,7239.9743148091875
cok,2090,11.433156060624713
col,2090,80465.11347876278
com,2090,991.6532481238185
cpv,2090,384.1911655294974
cri,2090,8606.06979906651
cub,2090,7424.01298804794
cym,2090,81.31433445820721
cyp,2090,1180.7203271134742
cze,2090,10132.31663981062
deu,2090,51961.881459457065
dji,2090,990.2141198576417
dma,2090,93.77548878456618
dnk,2090,5504.955650211735
dom,2090,16441.084939598553
dza,2090,36164.53165461028
ecu,2090,27717.07910563369
egy,2090,103144.68849340193
eri,2090,5843.37512625614
esh,2090,387.1712422869312
esp,2090,36179.42059103774
est,2090,1114.3807039801252
eth,2090,152842.87333042797
fin,2090,5059.330981137761
fji,2090,923.0782571454525
flk,2090,3.733471969648098
fra,2090,61953.90150725985
fro,2090,35.904058118066565
fsm,2090,93.11396515838865
gab,2090,2078.8093674770353
gbr,2090,64646.55101998011
geo,2090,2058.134579589293
gha,2090,42898.08542204624
gib,2090,25.20778557514087
gin,2090,12778.743891179787
glp,2090,563.9294623356634
gmb,2090,2988.0382005669226
gnb,2090,2067.631004991882
gnq,2090,1921.3785813813654
grc,2090,6880.845906279507
grd,2090,140.95676262725084
grl,2090,42.125306123124155
gtm,2090,38656.28202280897
guf,2090,598.6603569225051
gum,2090,224.18512531594078
guy,2090,758.6021495637854
hkg,2090,9861.239210326845
hnd,2090,17842.356789444097
hrv,2090,3047.3057331653386
hti,2090,15538.229660769637
hun,2090,6672.894972865244
idn,2090,276579.8000533084
imn,2090,62.19305266069703
ind,2090,1411440
irl,2090,5158.783280458241
irn,2090,78377.01831209392
irq,2090,84882.36143224797
isl,2090,418.79057784536616
isr,2090,20333.610356515022
ita,2090,40035.77022406036
jam,2090,3176.6730425936544
jor,2090,20990.16786956258
jpn,2090,97414
kaz,2090,19765.0320170212
ken,2090,73237.30081349783
kgz,2090,5973.411125636504
khm,2090,22333.555781321586
kir,2090,122.91211353407786
kna,2090,67.45411618274227
kor,2090,40297
kwt,2090,7973.897437837556
lao,2090,9399.689023423954
lbn,2090,6368.62463868215
lbr,2090,10063.169938274259
lby,2090,6809.276174487585
lca,2090,245.29263922494545
lie,2090,27.997857644668255
lka,2090,23314.267738534112
lso,2090,1687.197227197625
ltu,2090,1830.4658007292103
lux,2090,741.168676450055
lva,2090,1283.1694904273998
mac,2090,878.9540884269754
mar,2090,24552.00035987822
mco,2090,28.183165055820588
mda,2090,1435.6100636017784
mdg,2090,43985.97316307308
mdv,2090,653.489614156539
mex,2090,195359.4606302614
mhl,2090,63.64327854758765
mkd,2090,1934.8053955327428
mli,2090,34083.27037421011
mlt,2090,298.7832520181303
mmr,2090,45485.89240023745
mne,2090,553.3479626487402
mng,2090,4967.988819642822
mnp,2090,61.80508151925415
moz,2090,38399.99630032705
mrt,2090,5629.824441022847
msr,2090,6.543456342004977
mtq,2090,287.1072727214926
mus,2090,939.7250684342782
mwi,2090,45088.62923123963
mys,2090,50222.81757186699
myt,2090,442.75847711449546
nam,2090,2354.4827079592333
ncl,2090,475.46219669478546
ner,2090,72627.34579142467
nga,2090,414163.3134746389
nic,2090,8613.81639708047
niu,2090,1.0525576971540664
nld,2090,14362.139767939956
nor,2090,6468.699961317946
npl,2090,49177.70646153556
nru,2090,11.50452064206554
nzl,2090,4256.9549033549065
omn,2090,7784.722257577655
pak,2090,382197.2573572013
pan,2090,7181.812337786675
per,2090,39398.83765656093
phl,2090,181873.57847341392
plw,2090,19.573086501212345
png,2090,14558.596115893413
pol,2090,25280.572443138673
pri,2090,2107.2812767667074
prk,2090,25834.706991986288
prt,2090,7580.490667057733
pry,2090,12858.870101712817
pse,2090,6008.618313568568
pyf,2090,390.7059683913982
qat,2090,4181.158683069444
reu,2090,895.3716250035967
rom,2090,10623.8494942095
rus,2090,125537.20151833813
rwa,2090,20752.88384378013
sau,2090,64413.35778112943
sdn,2090,54518.69131976863
sen,2090,23190.5376304395
sgp,2090,6664.713952042081
shn,2090,4.315260911893312
slb,2090,1212.3109236045357
sle,2090,10611.4221556452
slv,2090,6540.670727698772
smr,2090,24.86108138653329
som,2090,18590.56077432389
spm,2090,4.352219303343517
srb,2090,6936.828763114397
stp,2090,168.77387254301874
sur,2090,865.8683563562747
svk,2090,4206.607100911259
svn,2090,2008.0476930946438
swe,2090,11164.893832029975
swz,2090,1001.1119943788296
syc,2090,69.88147500252396
syr,2090,29477.408124097503
tca,2090,47.400866245556884
tcd,2090,27133.68327441631
tgo,2090,9333.285584862657
tha,2090,63137.41775493159
tjk,2090,8191.478170199092
tkl,2090,0.813960615711483
tkm,2090,5870.411658341519
tls,2090,2653.7479442781523
ton,2090,95.45859462376411
tto,2090,1139.448032861533
tun,2090,8330.109718113123
tur,2090,70471.83820228274
tuv,2090,12.297859443926171
twn,2090,26102.0399134628
tza,2090,103000.22365394328
uga,2090,106121.90259238788
ukr,2090,34128.639373393955
ury,2090,3656.6794121784333
usa,2090,530215.7187232333
uzb,2090,31018.973247062906
vct,2090,111.9222231553516
ven,2090,52621.45399840817
vgb,2090,38.404437141560116
vir,2090,133.99068904944107
vnm,2090,111701.01907100852
vut,2090,552.3653665518292
wlf,2090,7.97447357213822
wsm,2090,159.5340945785429
yem,2090,71291.43588440758
zaf,2090,47354.671276652945
zmb,2090,32741.466181820437
zwe,2090,9346.61271681561
abw,2091,184.7015180566525
afg,2091,116561.40755460782
ago,2091,52601.31717808192
aia,2091,18.884632093630472
alb,2091,2061.409829367494
and,2091,58.30847775468196
ant,2091,265.4204027059742
are,2091,16198.22258901474
arg,2091,64642.63877358467
arm,2091,1730.5731468751155
asm,2091,61.76101109241658
atg,2091,123.74532435553112
aus,2091,27673.572334910295
aut,2091,6457.512565283966
aze,2091,9364.461697806086
bdi,2091,14875.774738897377
bel,2091,10050.086307166219
ben,2091,18561.80258346287
bfa,2091,37624.23027318529
bgd,2091,192225.12668744344
bgr,2091,4865.339611783889
bhr,2091,3241.1015098494804
bhs,2091,645.5163882138347
bih,2091,1999.440708938687
blr,2091,6402.831273551778
blz,2091,634.706477120834
bmu,2091,47.60589615760858
bol,2091,19762.973722246024
bra,2091,264833.18829448853
brb,2091,284.6572393730964
brn,2091,708.6242220798623
btn,2091,1357.7527354715255
bwa,2091,2100.9524645302095
caf,2091,5487.284430900533
can,2091,40139.44055442549
che,2091,7298.03839985633
chi,2091,123.61522853774565
chl,2091,24282.43418849698
chn,2091,1157210.6338010628
civ,2091,26081.127385279
cmr,2091,28719.23859337236
cod,2091,137556.82428429637
cog,2091,7208.1787452335875
cok,2091,11.407964393006743
col,2091,80541.78565496318
com,2091,987.1730524208319
cpv,2091,381.79427652952654
cri,2091,8605.166057875234
cub,2091,7367.669415062339
cym,2091,81.63281961952849
cyp,2091,1176.2780488402436
cze,2091,10144.49122077308
deu,2091,51751.08435159415
dji,2091,984.4228160524485
dma,2091,94.14278074941508
dnk,2091,5513.159809499867
dom,2091,16458.597441507743
dza,2091,35915.17010832561
ecu,2091,27747.700157847936
egy,2091,102590.00039118514
eri,2091,5820.818933088701
esh,2091,385.6882761907745
esp,2091,36065.34506197339
est,2091,1115.6982161546425
eth,2091,152332.68352029318
fin,2091,5065.458400573164
fji,2091,918.446179023467
flk,2091,3.7480949193465056
fra,2091,61970.1190650036
fro,2091,35.91519996654603
fsm,2091,92.74316579089903
gab,2091,2065.4035386610335
gbr,2091,64713.21426289578
geo,2091,2052.762432566461
gha,2091,42786.3618209988
gib,2091,25.215608126186698
gin,2091,12732.17722796134
glp,2091,565.6981866754431
gmb,2091,2979.2960503214204
gnb,2091,2056.7341888745705
gnq,2091,1913.6305382886137
grc,2091,6853.630893793507
grd,2091,141.01921363424623
grl,2091,42.13837856681371
gtm,2091,38822.600965431666
guf,2091,600.3654956718835
gum,2091,223.1234689439287
guy,2091,757.6568528223236
hkg,2091,9786.42445200663
hnd,2091,17887.042603317877
hrv,2091,3041.289307286291
hti,2091,15537.377764768233
hun,2091,6663.834482983652
idn,2091,274478.9591346549
imn,2091,62.212352584035564
ind,2091,1404630
irl,2091,5162.005426196327
irn,2091,78013.50853602281
irq,2091,85114.13758850918
isl,2091,419.32235806373103
isr,2091,20517.25248979461
ita,2091,39873.92141006689
jam,2091,3176.653671564248
jor,2091,20987.291359599494
jpn,2091,97162.2
kaz,2091,19769.823070505674
ken,2091,73039.46893486295
kgz,2091,5974.400171844237
khm,2091,22371.12763202261
kir,2091,122.75404860033275
kna,2091,67.71831480426928
kor,2091,40163.4
kwt,2091,7963.177922538721
lao,2091,9363.802491648425
lbn,2091,6339.631508866618
lbr,2091,10029.927195408878
lby,2091,6769.696273932158
lca,2091,245.0017939334035
lie,2091,28.006546018740085
lka,2091,23198.59626550629
lso,2091,1675.108673337194
ltu,2091,1828.7199277933046
lux,2091,740.6220283983964
lva,2091,1280.2788999123422
mac,2091,873.3225484444409
mar,2091,24361.347232920547
mco,2091,28.19191093501037
mda,2091,1425.7200625203855
mdg,2091,43876.87501768409
mdv,2091,648.62773449461
mex,2091,195737.94941806086
mhl,2091,63.56143331429292
mkd,2091,1930.3195914815183
mli,2091,34030.640916156786
mlt,2091,297.3586194752768
mmr,2091,45196.52319704863
mne,2091,552.0065422677177
mng,2091,4980.180664390413
mnp,2091,61.72560020667593
moz,2091,38265.59309229623
mrt,2091,5610.228447584434
msr,2091,6.569085202679638
mtq,2091,286.72392666585597
mus,2091,932.7059630449268
mwi,2091,45173.718398867364
mys,2091,50056.24111177368
myt,2091,442.17496352786327
nam,2091,2338.5554598379326
ncl,2091,474.22963137627596
ner,2091,72925.49546217291
nga,2091,414676.5926628756
nic,2091,8623.66667894437
niu,2091,1.0502385051903742
nld,2091,14360.56105615236
nor,2091,6481.049351265039
npl,2091,48987.73082981909
nru,2091,11.489725832662534
nzl,2091,4246.800392325436
omn,2091,7788.31610467606
pak,2091,381538.40109892166
pan,2091,7189.141130726343
per,2091,39402.921705770634
phl,2091,181391.6286886402
plw,2091,19.547915519019906
png,2091,14502.633775852963
pol,2091,25236.879344522076
pri,2091,2097.075890139443
prk,2091,25734.38073931033
prt,2091,7559.539881344626
pry,2091,12881.644772280502
pse,2091,6015.680570194561
pyf,2091,390.0120730893959
qat,2091,4165.161689402879
reu,2091,892.6620242521924
rom,2091,10581.406314001539
rus,2091,125585.34511590979
rwa,2091,20729.508518846367
sau,2091,64392.96156279428
sdn,2091,54243.31639758065
sen,2091,23166.583303898507
sgp,2091,6613.124598879347
shn,2091,4.29873234538458
slb,2091,1209.3229364762328
sle,2091,10565.23818321348
slv,2091,6538.951621669815
smr,2091,24.868796347358426
som,2091,18559.797386849372
spm,2091,4.359445574505025
srb,2091,6916.430839591241
stp,2091,167.98330164130533
sur,2091,866.8382022289833
svk,2091,4202.059600836896
svn,2091,2011.8926061659229
swe,2091,11186.34929636318
swz,2091,994.9262570128689
syc,2091,69.61381086102926
syr,2091,29453.732905780995
tca,2091,47.58652198059514
tcd,2091,27097.5857600207
tgo,2091,9291.359468114842
tha,2091,62594.13317394811
tjk,2091,8205.132281937102
tkl,2091,0.8121671454591405
tkm,2091,5868.370622537002
tls,2091,2662.528832179453
ton,2091,95.1882634712054
tto,2091,1133.6947159118783
tun,2091,8261.493865476376
tur,2091,70283.74108453337
tuv,2091,12.282044401109648
twn,2091,26068.472699533235
tza,2091,102956.69916242166
uga,2091,106332.3296907612
ukr,2091,34097.642030319665
ury,2091,3652.3826937298627
usa,2091,532564.3241098606
uzb,2091,31007.44104976643
vct,2091,111.82383443264727
ven,2091,52638.68902375715
vgb,2091,38.55485641806258
vir,2091,133.9414929815688
vnm,2091,111423.67716321394
vut,2091,550.7810189305817
wlf,2091,7.956902720608481
wsm,2091,158.96965097714337
yem,2091,71521.62366295552
zaf,2091,46991.26039708369
zmb,2091,32746.394090257058
zwe,2091,9288.73553842191
abw,2092,184.57372763670782
afg,2092,116896.13965448728
ago,2092,52452.21775193107
aia,2092,18.958839962767954
alb,2092,2052.225210681699
and,2092,58.32663456703004
ant,2092,266.46338211975194
are,2092,16130.321783166986
arg,2092,64731.20874520877
arm,2092,1725.8601061862094
asm,2092,61.68107008321173
atg,2092,124.23158624247823
aus,2092,27596.380233257394
aut,2092,6431.028023696461
aze,2092,9358.901612615919
bdi,2092,14797.250776236617
bel,2092,10042.515538452473
ben,2092,18505.533053327985
bfa,2092,37625.361714616614
bgd,2092,191062.00162130842
bgr,2092,4859.073704037898
bhr,2092,3241.572197042687
bhs,2092,645.8949455717328
bih,2092,1990.5887284510986
blr,2092,6390.724587667067
blz,2092,636.6617675876988
bmu,2092,47.620720268209325
bol,2092,19817.157077942502
bra,2092,264307.2549098914
brb,2092,283.6672717750239
brn,2092,705.5534266357853
btn,2092,1352.165955119139
bwa,2092,2084.7991142415995
caf,2092,5456.772194525279
can,2092,40189.23332211404
che,2092,7280.726066283577
chi,2092,123.65372137093826
chl,2092,24250.286119757453
chn,2092,1150503.3184468541
civ,2092,25964.396714155795
cmr,2092,28574.97993659154
cod,2092,137209.9743622437
cog,2092,7176.534144747928
cok,2092,11.382746168064813
col,2092,80618.85364781716
com,2092,982.7144933219795
cpv,2092,379.41083233810156
cri,2092,8604.233100752259
cub,2092,7310.863957657947
cym,2092,81.9535988417879
cyp,2092,1171.8341526756994
cze,2092,10156.904394942767
deu,2092,51540.206514860816
dji,2092,978.6632060454873
dma,2092,94.51271833249605
dnk,2092,5521.374433837313
dom,2092,16476.20532998817
dza,2092,35667.25590320196
ecu,2092,27778.49064395923
egy,2092,102038.24185117957
eri,2092,5798.360805265324
esh,2092,384.2117191684179
esp,2092,35951.233686416635
est,2092,1117.0259343131092
eth,2092,151824.44773095415
fin,2092,5071.594558159806
fji,2092,913.8168378831176
flk,2092,3.7628231987173035
fra,2092,61986.40699609558
fro,2092,35.92638368410045
fsm,2092,92.37239282007953
gab,2092,2052.073800677497
gbr,2092,64779.981915564975
geo,2092,2047.352032544027
gha,2092,42674.94569105033
gib,2092,25.223460072981062
gin,2092,12685.80388164988
glp,2092,567.4793625312508
gmb,2092,2970.5826681284184
gnb,2092,2045.8943955261234
gnq,2092,1905.9172768193896
grc,2092,6826.405626407476
grd,2092,141.08179325890728
grl,2092,42.15150013440992
gtm,2092,38990.127693471964
guf,2092,602.082496972073
gum,2092,222.0623133712619
guy,2092,756.7021776889499
hkg,2092,9711.704505912254
hnd,2092,17932.03376027848
hrv,2092,3035.2672944522897
hti,2092,15536.47924805273
hun,2092,6654.7946379319665
idn,2092,272380.7838995122
imn,2092,62.2317250330361
ind,2092,1397820
irl,2092,5165.234597480293
irn,2092,77649.28243624908
irq,2092,85346.29764573208
isl,2092,419.85487689686096
isr,2092,20701.224138057103
ita,2092,39712.010748852605
jam,2092,3176.625985810861
jor,2092,20984.398180065844
jpn,2092,96910.4
kaz,2092,19774.659238521534
ken,2092,72842.21629183386
kgz,2092,5975.399495357921
khm,2092,22410.19322483017
kir,2092,122.59516061654622
kna,2092,67.98441645868812
kor,2092,40029.8
kwt,2092,7952.434225399064
lao,2092,9327.91462498492
lbn,2092,6310.581182496719
lbr,2092,9996.810439608818
lby,2092,6730.332446657189
lca,2092,244.70803258562103
lie,2092,28.015267042168613
lka,2092,23082.990500115855
lso,2092,1663.0911266157595
ltu,2092,1826.9622146676236
lux,2092,740.075760966008
lva,2092,1277.3678161040996
mac,2092,867.6967751312242
mar,2092,24171.84026712392
mco,2092,28.200689679650807
mda,2092,1415.7584401664653
mdg,2092,43768.050344617615
mdv,2092,643.7718894248371
mex,2092,196118.9107999723
mhl,2092,63.47916190979715
mkd,2092,1925.824918926043
mli,2092,33977.97905863213
mlt,2092,295.9333903714247
mmr,2092,44907.44707830566
mne,2092,550.6621180420702
mng,2092,4992.741561158127
mnp,2092,61.64570503192056
moz,2092,38131.72846440755
mrt,2092,5590.71058184879
msr,2092,6.594898669029233
mtq,2092,286.34062118720783
mus,2092,925.7285973406865
mwi,2092,45257.580112460186
mys,2092,49889.5923706922
myt,2092,441.590262088298
nam,2092,2322.7200870275888
ncl,2092,472.995490153968
ner,2092,73220.43455917832
nga,2092,415180.6514093775
nic,2092,8633.572241644408
niu,2092,1.047916868309845
nld,2092,14358.99533371093
nor,2092,6493.412725448654
npl,2092,48797.75396863522
nru,2092,11.47485398613179
nzl,2092,4236.639418576019
omn,2092,7791.912410947863
pak,2092,380877.41877718474
pan,2092,7196.509067477157
per,2092,39406.9366162152
phl,2092,180909.10319241884
plw,2092,19.522613470578644
png,2092,14446.670351777911
pol,2092,25193.189600580834
pri,2092,2086.72843857121
prk,2092,25634.40321534719
prt,2092,7538.583422661514
pry,2092,12904.565389725445
pse,2092,6022.752676098157
pyf,2092,389.3160571274981
qat,2092,4149.132777101818
reu,2092,889.9617329959137
rom,2092,10538.772087646845
rus,2092,125633.90484287869
rwa,2092,20706.047081556822
sau,2092,64372.49273952641
sdn,2092,53969.35354364349
sen,2092,23142.516160409465
sgp,2092,6561.601980111884
shn,2092,4.282275211933447
slb,2092,1206.3305305803567
sle,2092,10519.27228224125
slv,2092,6537.202198754485
smr,2092,24.87654029962728
som,2092,18529.032076341682
spm,2092,4.366677885951405
srb,2092,6895.966635065803
stp,2092,167.19662806713086
sur,2092,867.813445337712
svk,2092,4197.534419767235
svn,2092,2015.7962494734643
swe,2092,11207.828984858279
swz,2092,988.7750943133669
syc,2092,69.34730350878345
syr,2092,29429.997870669824
tca,2092,47.77351500107526
tcd,2092,27061.418037328094
tgo,2092,9249.635148073383
tha,2092,62051.622030861225
tjk,2092,8218.890454298702
tkl,2092,0.810371784511381
tkm,2092,5866.317644411795
tls,2092,2671.2603840809556
ton,2092,94.91767512543859
tto,2092,1127.8932553929246
tun,2092,8193.296980125095
tur,2092,70095.59538296329
tuv,2092,12.266147008771716
twn,2092,26034.73069986112
tza,2092,102912.19223266681
uga,2092,106539.79003474908
ukr,2092,34066.435298656295
ury,2092,3648.0428111835004
usa,2092,534913.0715614288
uzb,2092,30995.840281610526
vct,2092,111.72438488059497
ven,2092,52655.924289234084
vgb,2092,38.7063591704329
vir,2092,133.8915659880165
vnm,2092,111149.34355181028
vut,2092,549.1952350911085
wlf,2092,7.9393133457001595
wsm,2092,158.40506917873824
yem,2092,71752.19973744637
zaf,2092,46630.02716505325
zmb,2092,32750.866037355412
zwe,2092,9231.182119596157
abw,2093,184.4444536053403
afg,2093,117228.8188098024
ago,2093,52303.58667707715
aia,2093,19.03358428610787
alb,2093,2042.995650606883
and,2093,58.344859737872866
ant,2093,267.5139013092445
are,2093,16062.286288302512
arg,2093,64820.3104914263
arm,2093,1721.1133395263175
asm,2093,61.60071173161335
atg,2093,124.72136335275364
aus,2093,27519.194654043928
aut,2093,6404.533244892808
aze,2093,9353.305483473343
bdi,2093,14719.137515086755
bel,2093,10034.949865070108
ben,2093,18449.45677118144
bfa,2093,37626.00332733616
bgd,2093,189899.95996815807
bgr,2093,4852.825821890774
bhr,2093,3242.042006739441
bhs,2093,646.2748242515596
bih,2093,1981.693612804138
blr,2093,6378.532268347735
blz,2093,638.6308396251534
bmu,2093,47.63560019003216
bol,2093,19871.716732877852
bra,2093,263776.49208639853
brb,2093,282.66876478373507
brn,2093,702.4834541376721
btn,2093,1346.5799777296816
bwa,2093,2068.7425170996057
caf,2093,5426.423292882178
can,2093,40239.02608375474
che,2093,7263.410049358511
chi,2093,123.69235912561182
chl,2093,24217.821988053965
chn,2093,1143790.6223996866
civ,2093,25848.22583781617
cmr,2093,28431.458008388407
cod,2093,136864.01969811105
cog,2093,7145.039536776559
cok,2093,11.357501343781252
col,2093,80696.32174940675
com,2093,978.2774308662863
cpv,2093,377.0407459846198
cri,2093,8603.27061089137
cub,2093,7253.591607339569
cym,2093,82.27669700089098
cyp,2093,1167.3886294830536
cze,2093,10169.560304704659
deu,2093,51329.247493353454
dji,2093,972.9350848186854
dma,2093,94.88533022186543
dnk,2093,5529.5995823237945
dom,2093,16493.90963937476
dza,2093,35420.77967680531
ecu,2093,27809.45240124292
egy,2093,101489.39392288918
eri,2093,5776.000108429485
esh,2093,382.741529761405
esp,2093,35837.08626193003
est,2093,1118.363973017764
eth,2093,151318.153322412
fin,2093,5077.739503245018
fji,2093,909.1902551575545
flk,2093,3.7776579499145386
fra,2093,62002.76569795823
fro,2093,35.937609507178834
fsm,2093,92.00164645264095
gab,2093,2038.8196613166988
gbr,2093,64846.85456762533
geo,2093,2041.9029501318205
gha,2093,42563.83504325864
gib,2093,25.23134158153182
gin,2093,12639.62260173389
glp,2093,569.2731249224886
gmb,2093,2961.897867895653
gnb,2093,2035.1112560826352
gnq,2093,1898.2385719813656
grc,2093,6799.170046208476
grd,2093,141.14450289591403
grl,2093,42.164671103332324
gtm,2093,39158.875303685716
guf,2093,603.8114894559662
gum,2093,221.001662519672
guy,2093,755.7380224680262
hkg,2093,9637.080114512975
hnd,2093,17977.33357134771
hrv,2093,3029.239597664268
hti,2093,15535.533605086219
hun,2093,6645.7757961396355
idn,2093,270285.29522269906
imn,2093,62.251170417275894
ind,2093,1391010
irl,2093,5168.470833985804
irn,2093,77284.33864583254
irq,2093,85578.84233650395
isl,2093,420.38813851596666
isr,2093,20885.525930106593
ita,2093,39550.03789114504
jam,2093,3176.589895171859
jor,2093,20981.488299151548
jpn,2093,96658.6
kaz,2093,19779.541027479703
ken,2093,72645.53913750187
kgz,2093,5976.409211540386
khm,2093,22450.79859656124
kir,2093,122.43544313745915
kna,2093,68.25244178174812
kor,2093,39896.2
kwt,2093,7941.666300273064
lao,2093,9292.025412980003
lbn,2093,6281.4735504258915
lbr,2093,9963.818855899963
lby,2093,6691.183294946728
lca,2093,244.41132356101696
lie,2093,28.024020899335937
lka,2093,22967.45095691565
lso,2093,1651.1441277085469
ltu,2093,1825.1925284459612
lux,2093,739.5298763023776
lva,2093,1274.4360089653212
mac,2093,862.07681364579
mar,2093,23983.47204830119
mco,2093,28.209501475344357
mda,2093,1405.7243925907626
mdg,2093,43659.49737485979
mdv,2093,638.922126203775
mex,2093,196502.37158784593
mhl,2093,63.39646099677739
mkd,2093,1921.321223893957
mli,2093,33925.285011219006
mlt,2093,294.5075613375895
mmr,2093,44618.66633913651
mne,2093,549.314637819932
mng,2093,5005.682884051461
mnp,2093,61.56539275405635
moz,2093,37998.39893274086
mrt,2093,5571.270338430257
msr,2093,6.6208987428459825
mtq,2093,285.9573565147003
mus,2093,918.7927013195302
mwi,2093,45340.222312065445
mys,2093,49722.87078259412
myt,2093,441.0043804796787
nam,2093,2306.9759952132204
ncl,2093,471.7597606870464
ner,2093,73512.1838507197
nga,2093,415675.54935853224
nic,2093,8643.533684624485
niu,2093,1.0455927826442537
nld,2093,14357.442673970954
nor,2093,6505.790162842563
npl,2093,48607.77586835601
nru,2093,11.45990449919984
nzl,2093,4226.4719718816605
omn,2093,7795.5111810858225
pak,2093,380214.293742906
pan,2093,7203.916572499395
per,2093,39410.881638180734
phl,2093,180425.99747638547
plw,2093,19.49717932951605
png,2093,14390.70583517924
pol,2093,25149.50326955783
pri,2093,2076.2392290035
prk,2093,25534.785167842314
prt,2093,7517.6212589711895
pry,2093,12927.63353663888
pse,2093,6029.834650074453
pyf,2093,388.6179038989348
qat,2093,4133.071885256831
reu,2093,887.2706910143125
rom,2093,10495.94349825849
rus,2093,125682.88537030011
rwa,2093,20682.500088947563
sau,2093,64351.951172775836
sdn,2093,53696.79362369342
sen,2093,23118.336929752782
sgp,2093,6510.146618333022
shn,2093,4.265889049459994
slb,2093,1203.3336713137837
sle,2093,10473.523042086917
slv,2093,6535.422130208242
smr,2093,24.884313407064464
som,2093,18498.264855240377
spm,2093,4.37391624525924
srb,2093,6875.434998786838
stp,2093,166.41382660980355
sur,2093,868.7941442079917
svk,2093,4193.031945198261
svn,2093,2019.7596426743294
swe,2093,11229.33303431742
swz,2093,982.6582826267436
syc,2093,69.08194546284933
syr,2093,29406.20290461729
tca,2093,47.961859808001066
tcd,2093,27025.18056049578
tgo,2093,9208.111319373376
tha,2093,61509.89038241998
tjk,2093,8232.75385536509
tkl,2093,0.8085745298768411
tkm,2093,5864.252589913273
tls,2093,2679.9422136351945
ton,2093,94.64682757239795
tto,2093,1122.0431292545095
tun,2093,8125.516351880325
tur,2093,69907.400823203
tuv,2093,12.250166622037852
twn,2093,26000.812545709025
tza,2093,102866.70921978929
uga,2093,106744.30281543297
ukr,2093,34035.016828015534
ury,2093,3643.6592964846395
usa,2093,537261.9607709964
uzb,2093,30984.17017288687
vct,2093,111.62386299597341
ven,2093,52673.15979744285
vgb,2093,38.858957147462476
vir,2093,133.84090014291007
vnm,2093,110878.11095185838
vut,2093,547.6080037864641
wlf,2093,7.921705418106496
wsm,2093,157.84034810111413
yem,2093,71983.16484885426
zaf,2093,46270.957493985516
zmb,2093,32754.88497259836
zwe,2093,9173.95036603075
abw,2094,184.31367981648344
afg,2094,117559.42890198417
ago,2094,52155.42093040878
aia,2094,19.10887090185359
alb,2094,2033.720364342061
and,2094,58.36315365398235
ant,2094,268.57204232944144
are,2094,15994.115847234503
arg,2094,64909.94979951264
arm,2094,1716.3324668993723
asm,2094,61.51993276088312
atg,2094,125.2146939423512
aus,2094,27442.01560759483
aut,2094,6378.028170950906
aze,2094,9347.672904265217
bdi,2094,14641.432304453938
bel,2094,10027.389315848479
ben,2094,18393.572489647206
bfa,2094,37626.15827308763
bgd,2094,188739.01023434356
bgr,2094,4846.596280119348
bhr,2094,3242.510937264178
bhs,2094,646.6560386331934
bih,2094,1972.7546087385865
blr,2094,6366.253350747779
blz,2094,640.6138432173187
bmu,2094,47.65053623885662
bol,2094,19926.656782297265
bra,2094,263240.84726547584
brb,2094,281.6616254654547
brn,2094,699.4143110468337
btn,2094,1340.9948096075682
bwa,2094,2052.7820485825473
caf,2094,5396.2366716790975
can,2094,40288.818839339976
che,2094,7246.090328240747
chi,2094,123.73114262173117
chl,2094,24185.03835368959
chn,2094,1137072.3781064192
civ,2094,25732.611142899827
cmr,2094,28288.668053331356
cod,2094,136518.95451319256
cog,2094,7113.693953148617
cok,2094,11.332229878049713
col,2094,80774.19431409461
com,2094,973.8617262973389
cpv,2094,374.6839312469819
cri,2094,8602.278266889307
cub,2094,7195.847282935746
cym,2094,82.60213933370761
cyp,2094,1162.9414700565928
cze,2094,10182.463188893746
deu,2094,51118.20682772915
dji,2094,967.2382491184378
dma,2094,95.26064552186034
dnk,2094,5537.835314504876
dom,2094,16511.71141901124
dza,2094,35175.73214727844
ecu,2094,27840.587293634337
egy,2094,100943.43781891347
eri,2094,5753.73621368418
esh,2094,381.2776668680872
esp,2094,35722.90258454898
est,2094,1119.7124485518984
eth,2094,150813.7877634525
fin,2094,5083.893285548413
fji,2094,904.5664525043036
flk,2094,3.792600331665597
fra,2094,62019.1955710121
fro,2094,35.948877674013985
fsm,2094,91.63092689745822
gab,2094,2025.6406326050626
gbr,2094,64913.83281316271
geo,2094,2036.4147494889862
gha,2094,42453.027905799216
gib,2094,25.239252819099207
gin,2094,12593.632148464256
glp,2094,571.0796108277715
gmb,2094,2953.241465132444
gnb,2094,2024.3844048547921
gnq,2094,1890.594200718589
grc,2094,6771.924094846683
grd,2094,141.2073439601841
grl,2094,42.17789175309331
gtm,2094,39328.85708287053
guf,2094,605.5526036229955
gum,2094,219.94152035194588
guy,2094,754.7642839882487
hkg,2094,9562.55202805065
hnd,2094,18022.945395592287
hrv,2094,3023.206117664663
hti,2094,15534.54032299614
hun,2094,6636.778324381681
idn,2094,268192.5141975648
imn,2094,62.27068914942208
ind,2094,1384200
irl,2094,5171.714175687839
irn,2094,76918.67579435284
irq,2094,85811.7723952772
isl,2094,420.9221471237263
isr,2094,21070.15849634808
ita,2094,39388.00248503684
jam,2094,3176.5453081773044
jor,2094,20978.561684965556
jpn,2094,96406.8
kaz,2094,19784.46895139884
ken,2094,72449.4337572057
kgz,2094,5977.429437487543
khm,2094,22492.991695462722
kir,2094,122.2748896503398
kna,2094,68.52241170863572
kor,2094,39762.6
kwt,2094,7930.874100897714
lao,2094,9256.134845070806
lbn,2094,6252.308503229688
lbr,2094,9930.951636322185
lby,2094,6652.247433114115
lca,2094,244.11163478017667
lie,2094,28.032807776015154
lka,2094,22851.978155845154
lso,2094,1639.2672212439106
ltu,2094,1823.4107342254722
lux,2094,738.9843765732084
lva,2094,1271.4832450028312
mac,2094,856.4627096193514
mar,2094,23796.23522607463
mco,2094,28.218346509093664
mda,2094,1395.617103766382
mdg,2094,43551.21435462162
mdv,2094,634.078492582688
mex,2094,196888.35898258738
mhl,2094,63.31332720297365
mkd,2094,1916.8083488278592
mli,2094,33872.558981696544
mlt,2094,293.0811289793712
mmr,2094,44330.183298695876
mne,2094,547.9640482351502
mng,2094,5019.016479424149
mnp,2094,61.484660098223685
moz,2094,37865.60104336002
mrt,2094,5551.90721629273
msr,2094,6.647087454969309
mtq,2094,285.5741328792143
mus,2094,911.8980073031752
mwi,2094,45421.652869395395
mys,2094,49556.07577552558
myt,2094,440.41732631975435
nam,2094,2291.3225951947547
ncl,2094,470.52243050550584
ner,2094,73800.76392633595
nga,2094,416161.3456414044
nic,2094,8653.551616026805
niu,2094,1.0432662443172118
nld,2094,14355.903150841104
nor,2094,6518.181743016325
npl,2094,48417.79651925282
nru,2094,11.444876762277817
nzl,2094,4216.29804199579
omn,2094,7799.112419794666
pak,2094,379549.00917270855
pan,2094,7211.364076412511
per,2094,39414.756011074496
phl,2094,179942.30698497966
plw,2094,19.471612058714978
png,2094,14334.740217479064
pol,2094,25105.82041105206
pri,2094,2065.6085674942137
prk,2094,25435.537790783175
prt,2094,7496.653357994758
pry,2094,12950.850818576397
pse,2094,6036.926510966394
pyf,2094,387.91759662308726
qat,2094,4116.9789528034235
reu,2094,884.5888386052209
rom,2094,10452.917151720198
rus,2094,125732.29143940199
rwa,2094,20658.868093260608
sau,2094,64331.336723639906
sdn,2094,53425.627582079855
sen,2094,23094.04633542809
sgp,2094,6458.759041606905
shn,2094,4.249573399861143
slb,2094,1200.3323237111465
sle,2094,10427.989064249412
slv,2094,6533.6110825162705
smr,2094,24.89211583462974
som,2094,18467.49573587794
spm,2094,4.381160660017788
srb,2094,6854.834753209384
stp,2094,165.63487227560475
sur,2094,869.7803582145931
svk,2094,4188.552573648299
svn,2094,2023.7838291669564
swe,2094,11250.861582574777
swz,2094,976.5756002242692
syc,2094,68.81772930469081
syr,2094,29382.347893186085
tca,2094,48.15157111279458
tcd,2094,26988.873779772417
tgo,2094,9166.78668788441
tha,2094,60968.94434877908
tjk,2094,8246.723670765394
tkl,2094,0.8067753785578438
tkm,2094,5862.175322974945
tls,2094,2688.5739304501913
ton,2094,94.3757187769334
tto,2094,1116.1438078712113
tun,2094,8058.149293887967
tur,2094,69719.15712881321
tuv,2094,12.234102589282623
twn,2094,25966.7168540108
tza,2094,102820.25642420513
uga,2094,106945.88705872839
ukr,2094,34003.38423269949
ury,2094,3639.2316747868203
usa,2094,539610.9914325058
uzb,2094,30972.42994232386
vct,2094,111.52225710864258
ven,2094,52690.395551025045
vgb,2094,39.01266226842467
vir,2094,133.78948740536617
vnm,2094,110610.0759279108
vut,2094,546.0193136519646
wlf,2094,7.904078908458875
wsm,2094,157.275486650729
yem,2094,72214.51974003977
zaf,2094,45914.03741853904
zmb,2094,32758.45382008434
zwe,2094,9117.038201442527
abw,2095,184.18138988892883
afg,2095,117887.9536432821
ago,2095,52007.717514776785
aia,2095,19.184705733232736
alb,2095,2024.3985487061973
and,2095,58.38151670505375
ant,2095,269.63788843033433
are,2095,15925.810202120932
arg,2095,65000.13254102584
arm,2095,1711.5171025791506
asm,2095,61.43872985988984
atg,2095,125.71161682440327
aus,2095,27364.843104256808
aut,2095,6351.512743510864
aze,2095,9342.0034627544
bdi,2095,14564.132516110798
bel,2095,10019.833919834835
ben,2095,18337.87897206157
bfa,2095,37625.82968646191
bgd,2095,187579.16101549892
bgr,2095,4840.38540087252
bhr,2095,3242.9789869370607
bhs,2095,647.0386033059331
bih,2095,1963.770945353884
blr,2095,6353.886855471784
blz,2095,642.6109305325986
bmu,2095,47.665528732849
bol,2095,19981.981381086724
bra,2095,262700.26712315704
brb,2095,280.6457595329733
brn,2095,696.3460038923979
btn,2095,1335.4104571233847
bwa,2095,2036.9170895320806
caf,2095,5366.211285678072
can,2095,40338.61158886217
che,2095,7228.766881932386
chi,2095,123.77007268545864
chl,2095,24151.931726873656
chn,2095,1130348.410984205
civ,2095,25617.549047077686
cmr,2095,28146.60535682806
cod,2095,136174.77307840934
cog,2095,7082.496434007815
cok,2095,11.30693172867492
col,2095,80852.47575965793
com,2095,969.4672420503504
cpv,2095,372.340302643557
cri,2095,8601.255742662075
cub,2095,7137.625829275745
cym,2095,82.929951444643
cyp,2095,1158.4926651210228
cze,2095,10195.617385618576
deu,2095,50907.084055173145
dji,2095,961.572497436663
dma,2095,95.63869376067692
dnk,2095,5546.081690376191
dom,2095,16529.61173352341
dza,2095,34932.10411247592
ecu,2095,27871.89721221409
egy,2095,100400.35491319648
eri,2095,5731.568497533317
esh,2095,379.82008973979316
esp,2095,35608.68244876726
est,2095,1121.0714789523026
eth,2095,150311.33863047865
fin,2095,5090.055955165393
fji,2095,899.9454518082088
flk,2095,3.807651519572909
fra,2095,62035.69701870425
fro,2095,35.960188424639306
fsm,2095,91.26023436559845
gab,2095,2012.5362307596884
gbr,2095,64980.91725075331
geo,2095,2030.886988202403
gha,2095,42342.52232378134
gib,2095,25.247193954207653
gin,2095,12547.831292738714
glp,2095,572.8989592205925
gmb,2095,2944.6132769325004
gnb,2095,2013.7134792937857
gnq,2095,1882.98394189069
grc,2095,6744.667713531237
grd,2095,141.27031788724122
grl,2095,42.191162365317894
gtm,2095,39500.08651132535
guf,2095,607.3059718731131
gum,2095,218.88189087246386
guy,2095,753.7808575757875
hkg,2095,9488.121004641729
hnd,2095,18068.87264099846
hrv,2095,3017.1667528713
hti,2095,15533.498881440764
hun,2095,6627.80259802299
idn,2095,266102.46213885496
imn,2095,62.29028164526085
ind,2095,1377390
irl,2095,5174.964662863518
irn,2095,76552.2925078983
irq,2095,86045.08855837546
isl,2095,421.4569069545833
isr,2095,21255.122468792593
ita,2095,39225.904175960866
jam,2095,3176.492132025148
jor,2095,20975.61830553557
jpn,2095,96155
kaz,2095,19789.44353204877
ken,2095,72253.89646818527
kgz,2095,5978.46029206105
khm,2095,22536.822481454263
kir,2095,122.11349357409843
kna,2095,68.79434747942543
kor,2095,39629
kwt,2095,7920.057580892152
lao,2095,9220.2429105836
lbn,2095,6223.085931204896
lbr,2095,9898.207979854045
lby,2095,6613.523487372848
lca,2095,243.80893369649965
lie,2095,28.041627859383464
lka,2095,22736.572622301188
lso,2095,1627.459955760899
ltu,2095,1821.616695069045
lux,2095,738.4392639605722
lva,2095,1268.5092872024882
mac,2095,850.8545091620666
mar,2095,23610.122513190916
mco,2095,28.227224969314808
mda,2095,1385.4357453611353
mdg,2095,43443.19954517543
mdv,2095,629.2410368140404
mex,2095,197276.90058124135
mhl,2095,63.22975712073054
mkd,2095,1912.2861324803494
mli,2095,33819.80117605946
mlt,2095,291.6540898767143
mmr,2095,44042.000300480446
mne,2095,546.6102946717351
mng,2095,5032.754690644693
mnp,2095,61.40350375518984
moz,2095,37733.33137199095
mrt,2095,5532.620718702955
msr,2095,6.673466865814622
mtq,2095,285.19095051337575
mus,2095,905.0442499121353
mwi,2095,45501.87958856063
mys,2095,49389.2067715294
myt,2095,439.82910716085297
nam,2095,2275.7593028321185
ncl,2095,469.28348700845453
ner,2095,74086.19519874471
nga,2095,416638.09888124606
nic,2095,8663.626652850213
niu,2095,1.040937249444143
nld,2095,14354.376838788701
nor,2095,6530.5875461409
npl,2095,48227.81591149485
nru,2095,11.429770159378561
nzl,2095,4206.117618650196
omn,2095,7802.716131791095
pak,2095,378881.5480666366
pan,2095,7218.852016107256
per,2095,39418.558963226984
phl,2095,179458.02711482564
plw,2095,19.445910610172614
png,2095,14278.773490009471
pol,2095,25062.141086058342
pri,2095,2054.836759220841
prk,2095,25336.672747801924
prt,2095,7475.679687209359
pry,2095,12974.21886447597
pse,2095,6044.028277664937
pyf,2095,387.2151183432064
qat,2095,4100.853918521531
reu,2095,881.9161165791886
rom,2095,10409.689574425429
rus,2095,125782.12786290771
rwa,2095,20635.151641995355
sau,2095,64310.64925286208
sdn,2095,53155.8464409213
sen,2095,23069.645094721684
sgp,2095,6407.439783540268
shn,2095,4.233327808967965
slb,2095,1197.3264524400777
sle,2095,10382.668962237884
slv,2095,6531.768717306633
smr,2095,24.899947748529673
som,2095,18436.724730480953
spm,2095,4.388411137829015
srb,2095,6834.164693210347
stp,2095,164.8597402854598
sur,2095,870.7721475969879
svk,2095,4184.09671092213
svn,2095,2027.8698767861922
swe,2095,11272.414768506318
swz,2095,970.5268272814006
syc,2095,68.55464767948156
syr,2095,29358.432721647376
tca,2095,48.342663841126615
tcd,2095,26952.498141539938
tgo,2095,9125.659970589952
tha,2095,60428.790114330666
tjk,2095,8260.801104007474
tkl,2095,0.8049743275503811
tkm,2095,5860.085705478512
tls,2095,2697.1551400363937
ton,2095,94.10434668253377
tto,2095,1110.1947539044465
tun,2095,7991.193142368409
tur,2095,69530.86402126518
tuv,2095,12.21795425204109
twn,2095,25932.44222718355
tza,2095,102772.84009222285
uga,2095,107144.56162715786
ukr,2095,33971.53509103505
ury,2095,3634.759464328189
usa,2095,541960.1632407792
uzb,2095,30960.618796868723
vct,2095,111.41955537850538
ven,2095,52707.6315526608
vgb,2095,39.16748662617835
vir,2095,133.73731961739887
vnm,2095,110345.33909589399
vut,2095,544.4291532036407
wlf,2095,7.886433787326657
wsm,2095,156.71048372256254
yem,2095,72446.26515575605
zaf,2095,45559.2530933055
zmb,2095,32761.575478799903
zwe,2095,9060.44356737927
abw,2096,184.09308664184164
afg,2096,118219.43239332442
ago,2096,51914.221141230155
aia,2096,19.28050469831763
alb,2096,2009.9974966030386
and,2096,58.364595925401645
ant,2096,270.984327151808
are,2096,15854.91387103742
arg,2096,65145.73637157107
arm,2096,1706.4957253736964
asm,2096,61.41023377716843
atg,2096,126.33935868077506
aus,2096,27282.977223548074
aut,2096,6316.520690898024
aze,2096,9323.00883560792
bdi,2096,14502.315545666333
bel,2096,9997.22548809872
ben,2096,18306.55118549284
bfa,2096,37674.55001993735
bgd,2096,186596.3652470005
bgr,2096,4818.863849955946
bhr,2096,3242.2636712795984
bhs,2096,647.7818841715108
bih,2096,1950.2144084926358
blr,2096,6335.145066162104
blz,2096,645.3925064291216
bmu,2096,47.651713779860295
bol,2096,20054.34586797055
bra,2096,262423.01299552503
brb,2096,280.00233164383553
brn,2096,693.3890874762683
btn,2096,1330.1871803323256
bwa,2096,2022.8914340305591
caf,2096,5344.704910920106
can,2096,40393.39909523832
che,2096,7202.196710277622
chi,2096,123.73420026820001
chl,2096,24135.217174228386
chn,2096,1124991.2448754618
civ,2096,25548.333401798955
cmr,2096,28044.206389195584
cod,2096,135984.42736525758
cog,2096,7059.7832716585635
cok,2096,11.291663689135953
col,2096,80986.66453411647
com,2096,966.6743796987002
cpv,2096,370.97665472595264
cri,2096,8605.2568494142
cub,2096,7094.067331629737
cym,2096,83.34406274941924
cyp,2096,1152.8700328567315
cze,2096,10175.329892944348
deu,2096,50627.756683022984
dji,2096,957.6230182585259
dma,2096,96.11626626096671
dnk,2096,5548.666370375526
dom,2096,16560.486150890567
dza,2096,34754.30559261257
ecu,2096,27926.21912742834
egy,2096,100019.23807048381
eri,2096,5715.004376789601
esh,2096,379.1225106797928
esp,2096,35454.60361669021
est,2096,1120.9714091447001
eth,2096,150000.03638523674
fin,2096,5089.775956044406
fji,2096,896.263939771958
flk,2096,3.8266650546279255
fra,2096,61982.50850817261
fro,2096,35.94976604339739
fsm,2096,91.06937219776474
gab,2096,2002.9407803584581
gbr,2096,64979.35647271205
geo,2096,2025.0563653121942
gha,2096,42294.21439678586
gib,2096,25.2398765320192
gin,2096,12525.496192492557
glp,2096,575.0570701658756
gmb,2096,2940.335472533143
gnb,2096,2006.3090691839773
gnq,2096,1877.5012594613115
grc,2096,6709.508948664986
grd,2096,141.50756815696585
grl,2096,42.1789340539971
gtm,2096,39689.63433354116
guf,2096,609.3800653763572
gum,2096,217.93164012798957
guy,2096,754.2584848579261
hkg,2096,9412.173751823535
hnd,2096,18130.122763188418
hrv,2096,3002.107077861228
hti,2096,15551.059284346165
hun,2096,6599.72140273897
idn,2096,264242.60545363545
imn,2096,62.27222798393663
ind,2096,1370020
irl,2096,5171.984250318595
irn,2096,76279.62847402113
irq,2096,86278.25624723073
isl,2096,421.4013023800305
isr,2096,21455.027755707335
ita,2096,39021.3899461789
jam,2096,3181.047604841011
jor,2096,20971.07250445174
jpn,2096,95765.6
kaz,2096,19761.749547307714
ken,2096,72162.26474127788
kgz,2096,5973.345989504284
khm,2096,22593.20764726851
kir,2096,122.05685574609932
kna,2096,69.13787254485311
kor,2096,39464.2
kwt,2096,7906.092108288179
lao,2096,9190.778772933785
lbn,2096,6199.014525303986
lbr,2096,9875.524134852301
lby,2096,6585.330706848778
lca,2096,243.75370386354916
lie,2096,28.03350052332106
lka,2096,22635.798799478325
lso,2096,1618.7556681971225
ltu,2096,1818.9367234909025
lux,2096,736.5675560765868
lva,2096,1264.3796221087005
mac,2096,844.9391108298249
mar,2096,23477.466666180422
mco,2096,28.219043841436456
mda,2096,1376.2602741364117
mdg,2096,43381.68355163637
mdv,2096,625.0056110415746
mex,2096,197852.3560030501
mhl,2096,63.200430336249866
mkd,2096,1901.243489431499
mli,2096,33812.27224874058
mlt,2096,290.09885554540864
mmr,2096,43811.071810342524
mne,2096,543.4609828282108
mng,2096,5046.734620961975
mnp,2096,61.37502401079436
moz,2096,37656.47180781792
mrt,2096,5521.0296146820965
msr,2096,6.70679087026708
mtq,2096,284.55819028972036
mus,2096,900.0042273187049
mwi,2096,45637.034383253136
mys,2096,49245.41147604754
myt,2096,439.65529430415074
nam,2096,2264.1036355334218
ncl,2096,468.1483672154104
ner,2096,74453.84965464138
nga,2096,417695.09098171146
nic,2096,8685.265875690606
niu,2096,1.0395316452127321
nld,2096,14333.16283203424
nor,2096,6532.280514913232
npl,2096,48060.61854483558
nru,2096,11.424468883185334
nzl,2096,4196.8119092337065
omn,2096,7808.403521724533
pak,2096,378344.332930797
pan,2096,7230.186209620352
per,2096,39473.447168708706
phl,2096,179023.24625666844
plw,2096,19.4368913436838
png,2096,14227.112972846984
pol,2096,24954.225352542195
pri,2096,2045.0875094251826
prk,2096,25253.72931770155
prt,2096,7445.787171403666
pry,2096,13004.83189125068
pse,2096,6058.137336368193
pyf,2096,386.83655999209003
qat,2096,4085.450346335936
reu,2096,880.8312693371699
rom,2096,10342.703464832242
rus,2096,125637.5251124795
rwa,2096,20636.05911206071
sau,2096,64277.410808852714
sdn,2096,52955.00884647768
sen,2096,23081.505823795647
sgp,2096,6357.525510635688
shn,2096,4.225552862583017
slb,2096,1194.5811301172723
sle,2096,10352.887402685972
slv,2096,6540.496160129204
smr,2096,24.892730969093638
som,2096,18437.91059958799
spm,2096,4.400904761684566
srb,2096,6791.379339024233
stp,2096,164.43578714276003
sur,2096,872.3146328144297
svk,2096,4167.399901806428
svn,2096,2025.1533409390343
swe,2096,11277.275591886804
swz,2096,966.0001711547511
syc,2096,68.42873994584993
syr,2096,29340.38268646822
tca,2096,48.58406327825244
tcd,2096,26949.96424725158
tgo,2096,9098.090375016815
tha,2096,59943.86920046252
tjk,2096,8267.876470271374
tkl,2096,0.8038873500965662
tkm,2096,5850.742295279685
tls,2096,2708.425576197474
ton,2096,93.97347387769366
tto,2096,1106.1387174905678
tun,2096,7940.3505702813
tur,2096,69286.56772123829
tuv,2096,12.212287405805066
twn,2096,25920.41442288878
tza,2096,102838.78793228552
uga,2096,107475.51704684379
ukr,2096,33887.76525056506
ury,2096,3634.674984756545
usa,2096,544099.7124905748
uzb,2096,30920.141313255754
vct,2096,111.47205967569067
ven,2096,52756.10016869298
vgb,2096,39.36306975035755
vir,2096,133.73605708248277
vnm,2096,110159.08353860625
vut,2096,542.9741486209128
wlf,2096,7.8757845337735475
wsm,2096,156.40106697719642
yem,2096,72680.54614293025
zaf,2096,45271.99428659203
zmb,2096,32802.96254743334
zwe,2096,9024.739547759682
abw,2097,184.00163192395317
afg,2097,118550.22878369929
ago,2097,51821.00466364008
aia,2097,19.377026668891105
alb,2097,1995.5844446385681
and,2097,58.347593122639715
ant,2097,272.3409275966865
are,2097,15783.750113468343
arg,2097,65291.99786772328
arm,2097,1701.461433772389
asm,2097,61.3815699455297
atg,2097,126.97183817504484
aus,2097,27201.119125068664
aut,2097,6281.539029967542
aze,2097,9303.986268647323
bdi,2097,14440.707695807017
bel,2097,9974.614459572058
ben,2097,18275.316076839485
bfa,2097,37723.04592917792
bgd,2097,185613.8935641673
bgr,2097,4797.343727274451
bhr,2097,3241.539935648824
bhs,2097,648.5246417596295
bih,2097,1936.6471951131666
blr,2097,6316.354825913195
blz,2097,648.1940217602572
bmu,2097,47.63783185918869
bol,2097,20127.188910425302
bra,2097,262139.74894932302
brb,2097,279.34900664549536
brn,2097,690.4327286322664
btn,2097,1324.96455523792
bwa,2097,2008.9147645868425
caf,2097,5323.270926750493
can,2097,40448.18656441344
che,2097,7175.630642734349
chi,2097,123.69815396018214
chl,2097,24118.037949326103
chn,2097,1119628.614549431
civ,2097,25479.340604241574
cmr,2097,27942.148945442532
cod,2097,135794.61470719654
cog,2097,7037.144844063396
cok,2097,11.27634852303206
col,2097,81121.20153370142
com,2097,963.8905872272077
cpv,2097,369.61755790528184
cri,2097,8609.192132021291
cub,2097,7049.984842360594
cym,2097,83.7612993984617
cyp,2097,1147.2488533124601
cze,2097,10155.10383255868
deu,2097,50348.51193999041
dji,2097,953.6868620524187
dma,2097,96.59744305425278
dnk,2097,5551.240815914245
dom,2097,16591.46620905968
dza,2097,34577.116992865354
ecu,2097,27980.74182102282
egy,2097,99639.39762943621
eri,2097,5698.494070501332
esh,2097,378.4270298987006
esp,2097,35300.55851568962
est,2097,1120.8790082777596
eth,2097,149689.69381167713
fin,2097,5089.488109243516
fji,2097,892.5830176812253
flk,2097,3.845822086955486
fra,2097,61929.253354584755
fro,2097,35.93929313989002
fsm,2097,90.87839951789033
gab,2097,1993.3780916435717
gbr,2097,64977.694335942804
geo,2097,2019.211064253087
gha,2097,42246.03230664428
gib,2097,25.232523638786496
gin,2097,12503.22780551016
glp,2097,577.2297363526019
gmb,2097,2936.0697884662463
gnb,2097,1998.9293806295946
gnq,2097,1872.0364066595935
grc,2097,6674.36005386033
grd,2097,141.7454547767213
grl,2097,42.166646466204234
gtm,2097,39880.59372120531
guf,2097,611.4674493419636
gum,2097,216.98158406710138
guy,2097,754.731614996729
hkg,2097,9336.267383267108
hnd,2097,18191.763710699594
hrv,2097,2987.0444566118017
hti,2097,15568.604285477099
hun,2097,6571.64540019125
idn,2097,262383.6432131327
imn,2097,62.25408680788342
ind,2097,1362650
irl,2097,5168.997429834494
irn,2097,76005.90752397318
irq,2097,86512.04650481521
isl,2097,421.34506690674857
isr,2097,21655.564284677384
ita,2097,38816.93314035642
jam,2097,3185.6095849815106
jor,2097,20966.4725142183
jpn,2097,95376.2
kaz,2097,19734.05981113045
ken,2097,72070.88149211076
kgz,2097,5968.249417824181
khm,2097,22651.259072019267
kir,2097,121.99988450615656
kna,2097,69.48399023231538
kor,2097,39299.4
kwt,2097,7892.065078165379
lao,2097,9161.312974026852
lbn,2097,6174.850805789846
lbr,2097,9852.911499024653
lby,2097,6557.233334525704
lca,2097,243.69491966558493
lie,2097,28.025333790174585
lka,2097,22535.047127872473
lso,2097,1610.081340182312
ltu,2097,1816.2564817771984
lux,2097,734.6957765577257
lva,2097,1260.2383218692614
mac,2097,839.026543110504
mar,2097,23345.26885931037
mco,2097,28.21082305571938
mda,2097,1367.0485018136628
mdg,2097,43320.3405178691
mdv,2097,620.7721486296257
mex,2097,198431.14455420978
mhl,2097,63.170930912729894
mkd,2097,1890.195485030026
mli,2097,33804.72989012117
mlt,2097,288.5440683470672
mmr,2097,43580.219577410164
mne,2097,540.310155124513
mng,2097,5061.101750602946
mnp,2097,61.346376613660986
moz,2097,37579.84842866229
mrt,2097,5509.474321133476
msr,2097,6.740366374702858
mtq,2097,283.9253498996101
mus,2097,894.9815974092644
mwi,2097,45771.63807373993
mys,2097,49101.59418227376
myt,2097,439.4815852364512
nam,2097,2252.487969116454
ncl,2097,467.0128225836228
ner,2097,74820.06529019059
nga,2097,418747.69932594866
nic,2097,8707.015106281026
niu,2097,1.0381217024217508
nld,2097,14311.938594260831
nor,2097,6533.962219339962
npl,2097,47893.42470003385
nru,2097,11.419136399778452
nzl,2097,4187.498505278249
omn,2097,7814.0955089181625
pak,2097,377806.4207710042
pan,2097,7241.545018641342
per,2097,39528.39967861361
phl,2097,178588.30359123234
plw,2097,19.42781898315384
png,2097,14175.455513416853
pol,2097,24846.325217819274
pri,2097,2035.2079476190613
prk,2097,25171.067374640657
prt,2097,7415.900306847643
pry,2097,13035.591709945324
pse,2097,6072.282512417041
pyf,2097,386.4571301460076
qat,2097,4069.9874813829656
reu,2097,879.7493317223567
rom,2097,10275.67213342866
rus,2097,125493.10827324308
rwa,2097,20636.93820351484
sau,2097,64243.94146553047
sdn,2097,52754.843578183914
sen,2097,23093.29503262223
sgp,2097,6307.637564884168
shn,2097,4.217801302803181
slb,2097,1191.8345830761616
sle,2097,10323.20250500247
slv,2097,6549.230576915348
smr,2097,24.885479206476887
som,2097,18439.069737356556
spm,2097,4.413435586558755
srb,2097,6748.567077294857
stp,2097,164.01318931588196
sur,2097,873.8618424538881
svk,2097,4150.708775237133
svn,2097,2022.4520996776262
swe,2097,11282.11584242936
swz,2097,961.4889447333477
syc,2097,68.3032109356591
syr,2097,29322.217593085166
tca,2097,48.82728458389038
tcd,2097,26947.406931680536
tgo,2097,9070.610851737934
tha,2097,59459.20981401653
tjk,2097,8275.047858489539
tkl,2097,0.8027970175614774
tkm,2097,5841.394364513345
tls,2097,2719.6769592103456
ton,2097,93.84242556271343
tto,2097,1102.0284035292063
tun,2097,7889.684833789056
tur,2097,69042.3043293609
tuv,2097,12.20658720034104
twn,2097,25908.31581408492
tza,2097,102904.36905961702
uga,2097,107805.1281613285
ukr,2097,33803.81947938487
ury,2097,3634.544914046283
usa,2097,546239.3920523808
uzb,2097,30879.68488909065
vct,2097,111.52371804853823
ven,2097,52804.405220083914
vgb,2097,39.56012896221819
vir,2097,133.73313554839478
vnm,2097,109975.95725330604
vut,2097,541.5187801081512
wlf,2097,7.865102410071151
wsm,2097,156.09144335251824
yem,2097,72915.47867790975
zaf,2097,44985.73409815539
zmb,2097,32844.15800158969
zwe,2097,8989.155523967693
abw,2098,183.90698992337204
afg,2098,118880.33677131281
ago,2098,51728.0668210359
aia,2098,19.474279860861106
alb,2098,1981.1591832810068
and,2098,58.33050769891107
ant,2098,273.70780523820673
are,2098,15712.318026687646
arg,2098,65438.92450289755
arm,2098,1696.4140730235397
asm,2098,61.35273687936056
atg,2098,127.60910914359062
aus,2098,27119.268844905397
aut,2098,6246.567836463179
aze,2098,9284.9354270731
bdi,2098,14379.308024415173
bel,2098,9952.000815327148
ben,2098,18244.173228574437
bfa,2098,37771.318425246405
bgd,2098,184631.74883715747
bgr,2098,4775.8250577667095
bhr,2098,3240.8077516222374
bhs,2098,649.2668701240002
bih,2098,1923.0691187908342
blr,2098,6297.515554143138
blz,2098,651.0157031087381
bmu,2098,47.623882482714535
bol,2098,20200.51594654041
bra,2098,261850.4066905498
brb,2098,278.6856720716723
brn,2098,687.4769322983461
btn,2098,1319.742587611705
bwa,2098,1994.9868605118472
caf,2098,5301.909007039447
can,2098,40502.973996221146
che,2098,7149.068709216958
chi,2098,123.66193249393557
chl,2098,24100.38877184105
chn,2098,1114260.3578578574
civ,2098,25410.569650445206
cmr,2098,27840.431486955767
cod,2098,135605.33270273797
cog,2098,7014.580814531728
cok,2098,11.260986011833618
col,2098,81256.09071548583
com,2098,961.1158237747851
cpv,2098,368.2629916782125
cri,2098,8613.060842487486
cub,2098,7005.3724070640865
cym,2098,84.18169690677155
cyp,2098,1141.6291370769172
cze,2098,10134.94027714202
deu,2098,50069.35042834944
dji,2098,949.7639687964776
dma,2098,97.08226509809343
dnk,2098,5553.804952394557
dom,2098,16622.553108485125
dza,2098,34400.535565458325
ecu,2098,28035.467574552396
egy,2098,99260.82783968448
eri,2098,5682.037336226812
esh,2098,377.73363794347455
esp,2098,35146.54739162739
est,2098,1120.7943682474965
eth,2098,149380.30658634382
fin,2098,5089.192357561905
fji,2098,888.9026907606694
flk,2098,3.8651242471938065
fra,2098,61875.931072187224
fro,2098,35.928769345866286
fsm,2098,90.68731534726176
gab,2098,1983.8480170190223
gbr,2098,64975.93010165362
geo,2098,2013.3509091383046
gha,2098,42197.975486443844
gib,2098,25.225135015965233
gin,2098,12481.02583123888
glp,2098,579.4171231799634
gmb,2098,2931.8161701280073
gnb,2098,1991.5743022565503
gnq,2098,1866.5893031605528
grc,2098,6639.221101059
grd,2098,141.98398497770202
grl,2098,42.15429916988
gtm,2098,40072.980714710226
guf,2098,613.5682747967462
gum,2098,216.03172441395037
guy,2098,755.2001968886899
hkg,2098,9260.402261050462
hnd,2098,18253.79992469447
hrv,2098,2971.978837678197
hti,2098,15586.13370981474
hun,2098,6543.574681051146
idn,2098,260525.58333870198
imn,2098,62.23585747921657
ind,2098,1355280
irl,2098,5166.004154704498
irn,2098,75731.1260900234
irq,2098,86746.46143267464
isl,2098,421.2881959361905
isr,2098,21856.73418652622
ita,2098,38612.534177049994
jam,2098,3190.1781463929465
jor,2098,20961.81815191411
jpn,2098,94986.8
kaz,2098,19706.374374427032
ken,2098,71979.74560125663
kgz,2098,5963.170789487759
khm,2098,22711.02620121102
kir,2098,121.94257690151703
kna,2098,69.83273000319849
kor,2098,39134.6
kwt,2098,7877.976282729915
lao,2098,9131.845499150433
lbn,2098,6150.594461048229
lbr,2098,9830.369751563756
lby,2098,6529.230940576249
lca,2098,243.63254071240758
lie,2098,28.01712737278329
lka,2098,22434.317803658578
lso,2098,1601.4368367444813
ltu,2098,1813.5759666909312
lux,2098,732.823924881851
lva,2098,1256.085247061586
mac,2098,833.1168310724956
mar,2098,23213.52702904546
mco,2098,28.20256232310222
mda,2098,1357.7999934010911
mdg,2098,43259.16966466552
mdv,2098,616.54066696605
mex,2098,199013.30411089762
mhl,2098,63.14125732124976
mkd,2098,1879.14202566037
mli,2098,33797.17416071114
mlt,2098,286.9897315407902
mmr,2098,43349.44427703023
mne,2098,537.1577850919293
mng,2098,5075.867569538027
mnp,2098,61.31756007902839
moz,2098,37503.46017047734
mrt,2098,5497.954676725877
msr,2098,6.774196237054213
mtq,2098,283.29242875872103
mus,2098,889.9762818273248
mwi,2098,45905.693142822995
mys,2098,48957.75469538741
myt,2098,439.30797949016994
nam,2098,2240.912123371615
ncl,2098,465.87684935064686
ner,2098,75184.84858748046
nga,2098,419795.94366339623
nic,2098,8728.875594699875
niu,2098,1.0367074009529527
nld,2098,14290.704050895758
nor,2098,6535.63257731659
npl,2098,47726.23440827979
nru,2098,11.413772432781494
nzl,2098,4178.177371103632
omn,2098,7819.792108890519
pak,2098,377267.8054142947
pan,2098,7252.928722889739
per,2098,39583.417223668126
phl,2098,178153.19768552438
plw,2098,19.418693058372828
png,2098,14123.801138798875
pol,2098,24738.440954262984
pri,2098,2025.1981664566435
prk,2098,25088.695271623925
prt,2098,7386.0191347325945
pry,2098,13066.499988636999
pse,2098,6086.463927729352
pyf,2098,386.0768210868509
qat,2098,4054.4651235136894
reu,2098,878.6702906264687
rom,2098,10208.594790588357
rus,2098,125348.87957295042
rwa,2098,20637.789044207373
sau,2098,64210.240443470604
sdn,2098,52555.34760711604
sen,2098,23105.01304341022
sgp,2098,6257.776179443478
shn,2098,4.2100730242685085
slb,2098,1189.086800470431
sle,2098,10293.613833712056
slv,2098,6557.9720469140375
smr,2098,24.878192205691107
som,2098,18440.20226421511
spm,2098,4.426003778853974
srb,2098,6705.727438184677
stp,2098,163.5919406989371
sur,2098,875.4138302015615
svk,2098,4134.023430438229
svn,2098,2019.7664200635318
swe,2098,11286.93537018097
swz,2098,956.9930785041965
syc,2098,68.17805894270664
syr,2098,29303.937053107227
tca,2098,49.07234846093167
tcd,2098,26944.826300342975
tgo,2098,9043.220994964953
tha,2098,58974.814271124254
tjk,2098,8282.316419281784
tkl,2098,0.801703314387336
tkm,2098,5832.041859010067
tls,2098,2730.9091203370676
ton,2098,93.71120018324523
tto,2098,1097.8631952348187
tun,2098,7839.195136222431
tur,2098,68798.07408549666
tuv,2098,12.200853340213985
twn,2098,25896.14577371512
tza,2098,102969.58512630976
uga,2098,108133.40102689606
ukr,2098,33719.69566933744
ury,2098,3634.3687341202844
usa,2098,548379.2018335434
uzb,2098,30839.249776726312
vct,2098,111.57452088434579
ven,2098,52852.54484815892
vgb,2098,39.75868103535423
vir,2098,133.72853616301725
vnm,2098,109796.05309976966
vut,2098,540.0630444423291
wlf,2098,7.854387263797973
wsm,2098,155.78161101636942
yem,2098,73151.06496006221
zaf,2098,44700.46802907972
zmb,2098,32885.16270451913
zwe,2098,8953.690955405207
abw,2099,183.8091242835436
afg,2099,119209.75024150153
ago,2099,51635.40636001001
aia,2099,19.57227261509138
alb,2099,1966.7214980917902
and,2099,58.31333905053434
ant,2099,275.0850773058389
are,2099,15640.616703901736
arg,2099,65586.52386417217
arm,2099,1691.3534858930473
asm,2099,61.32373307545352
atg,2099,128.25122624158834
aus,2099,27037.426419368545
aut,2099,6211.6071868666095
aze,2099,9265.855970715136
bdi,2099,14318.115595023824
bel,2099,9929.384536251888
ben,2099,18213.122225674906
bfa,2099,37819.36851314134
bgd,2099,183649.93397012076
bgr,2099,4754.307866955412
bhr,2099,3240.067090649271
bhs,2099,650.0085632278972
bih,2099,1909.4799887353283
blr,2099,6278.626660956754
blz,2099,653.8577805033949
bmu,2099,47.60986515756282
bol,2099,20274.33249711328
bra,2099,261554.9168865202
brb,2099,278.01221374558537
brn,2099,684.521703470943
btn,2099,1314.5212832935713
bwa,2099,1981.1075024401462
caf,2099,5280.61882761325
can,2099,40557.76139049403
che,2099,7122.510939931272
chi,2099,123.62553458964278
chl,2099,24082.264281139007
chn,2099,1108886.3061728196
civ,2099,25342.01954247108
cmr,2099,27739.052484350508
cod,2099,135416.57896479746
cog,2099,6992.09084839239
cok,2099,11.245575935657786
col,2099,81391.33609672602
com,2099,958.3500487254252
cpv,2099,366.91293566438804
cri,2099,8616.862221440642
cub,2099,6960.22398077541
cym,2099,84.6052913294979
cyp,2099,1136.010894841965
cze,2099,10114.840324494728
deu,2099,49790.27275624155
dji,2099,945.8542788288406
dma,2099,97.57077397297076
dnk,2099,5556.358704491924
dom,2099,16653.748067879
dza,2099,34224.55857909625
ecu,2099,28090.398704272116
egy,2099,98883.52298534935
eri,2099,5665.633932978475
esh,2099,377.0423254177708
esp,2099,34992.57049276063
est,2099,1120.7175824240546
eth,2099,149071.87041171224
fin,2099,5088.888643241478
fji,2099,885.2229642968251
flk,2099,3.8845731907814947
fra,2099,61822.541170494245
fro,2099,35.9181942894877
fsm,2099,90.49611869557434
gab,2099,1974.3504097740592
gbr,2099,64974.06302385508
geo,2099,2007.4757212596273
gha,2099,42150.04337267208
gib,2099,25.217710402492298
gin,2099,12458.889970928736
glp,2099,581.6193985627095
gmb,2099,2927.5745632421267
gnb,2099,1984.2437233587632
gnq,2099,1861.1598691209854
grc,2099,6604.0921629035965
grd,2099,142.22316610108177
grl,2099,42.141891728755866
gtm,2099,40266.811598406806
guf,2099,615.6826950644868
gum,2099,215.08206291310714
guy,2099,755.6641786530689
hkg,2099,9184.578751539775
hnd,2099,18316.23591388123
hrv,2099,2956.910168410862
hti,2099,15603.647379678428
hun,2099,6515.509338113319
idn,2099,258668.43384551298
imn,2099,62.21753935383696
ind,2099,1347910
irl,2099,5163.004377766856
irn,2099,75455.2805883652
irq,2099,86981.50314182408
isl,2099,421.2306848250086
isr,2099,22058.539601678574
ita,2099,38408.1934788938
jam,2099,3194.7533641462646
jor,2099,20957.10923379381
jpn,2099,94597.4
kaz,2099,19678.693288924154
ken,2099,71888.85595600252
kgz,2099,5958.110320370265
khm,2099,22772.560456257943
kir,2099,121.88492994445744
kna,2099,70.18412176696715
kor,2099,38969.8
kwt,2099,7863.82551325166
lao,2099,9102.376333417898
lbn,2099,6126.245178060796
lbr,2099,9807.898573586404
lby,2099,6501.323097751079
lca,2099,243.56652599952307
lie,2099,28.008880981188824
lka,2099,22333.611025334954
lso,2099,1592.8220237211885
ltu,2099,1810.8951749431717
lux,2099,730.9520005217371
lva,2099,1251.9202560265765
mac,2099,827.2100000810818
mar,2099,23082.239124227166
mco,2099,28.194261351707507
mda,2099,1348.5143069290864
mdg,2099,43198.170217491046
mdv,2099,612.311183644632
mex,2099,199598.87312534964
mhl,2099,63.11140801478131
mkd,2099,1868.0830155146941
mli,2099,33789.60512065747
mlt,2099,285.4358484174284
mmr,2099,43118.7465925478
mne,2099,534.0038456419068
mng,2099,5091.044026892503
mnp,2099,61.288572904550946
moz,2099,37427.30597559827
mrt,2099,5486.470521095721
msr,2099,6.808283358719719
mtq,2099,282.65942627703663
mus,2099,884.9882026863669
mwi,2099,46039.202058412855
mys,2099,48813.892818260574
myt,2099,439.1344766005276
nam,2099,2229.375919170171
ncl,2099,464.7404437094789
ner,2099,75548.2059897206
nga,2099,420839.843625039
nic,2099,8750.848610038012
niu,2099,1.035288720563514
nld,2099,14269.459126639824
nor,2099,6537.291505938728
npl,2099,47559.04770113304
nru,2099,11.408376702544862
nzl,2099,4168.848470808724
omn,2099,7825.493337230054
pak,2099,376728.4806145977
pan,2099,7264.337606339323
per,2099,39638.50054571231
phl,2099,177717.92708958045
plw,2099,19.40951309356207
png,2099,14072.149876393574
pol,2099,24630.57284062511
pri,2099,2015.0582585042748
prk,2099,25006.621695453443
prt,2099,7356.143696651111
pry,2099,13097.558420772611
pse,2099,6100.681704772347
pyf,2099,385.6956250051043
qat,2099,4038.8830716773314
reu,2099,877.5941330198472
rom,2099,10141.470628193649
rus,2099,125204.84127508945
rwa,2099,20638.61176122114
sau,2099,64176.30695973638
sdn,2099,52356.51792251717
sen,2099,23116.66017643583
sgp,2099,6207.941590232723
shn,2099,4.202367922250987
slb,2099,1186.3377713253105
sle,2099,10264.120955951325
slv,2099,6566.720650579546
smr,2099,24.870869709263804
som,2099,18441.30829986977
spm,2099,4.438609505966529
srb,2099,6662.859940853549
stp,2099,163.17203522265905
sur,2099,876.9706505601625
svk,2099,4117.34396895732
svn,2099,2017.0965754123336
swe,2099,11291.73402372773
swz,2099,952.512503371232
syc,2099,68.05328227102376
syr,2099,29285.540676393368
tca,2099,49.31927592713795
tcd,2099,26942.222458122196
tgo,2099,9015.920401343361
tha,2099,58490.684915347665
tjk,2099,8289.683321725293
tkl,2099,0.8006062249200244
tkm,2099,5822.684723731473
tls,2099,2742.1218888413077
ton,2099,93.57979616653286
tto,2099,1093.6424664411647
tun,2099,7788.880685690484
tur,2099,68553.87723184604
tuv,2099,12.195085526489976
twn,2099,25883.9036672962
tza,2099,103034.43777454722
uga,2099,108460.341663506
ukr,2099,33635.39167844825
ury,2099,3634.145919021999
usa,2099,550519.1417414957
uzb,2099,30798.836232563674
vct,2099,111.62445842421147
ven,2099,52900.51716597462
vgb,2099,39.958742998469354
vir,2099,133.72223978751063
vnm,2099,109619.46764857648
vut,2099,538.606938362249
wlf,2099,7.843638941588674
wsm,2099,155.47156811489288
yem,2099,73387.30719866541
zaf,2099,44416.191607432935
zmb,2099,32925.97751429421
zwe,2099,8918.345304716564
abw,2100,183.7079980928557
afg,2100,119538.46300696988
ago,2100,51543.022034661386
aia,2100,19.67101339978611
alb,2100,1952.2711695810788
and,2100,58.2960865679327
ant,2100,276.47286281880207
are,2100,15568.6452342265
arg,2100,65734.80365445768
arm,2100,1686.2795126144235
asm,2100,61.294557012745386
atg,2100,128.89824495863766
aus,2100,26955.591884993584
aut,2100,6176.657158406419
aze,2100,9246.747553924586
bdi,2100,14257.129476774351
bel,2100,9906.765603047526
ben,2100,18182.162655603635
bfa,2100,37867.1971918425
bgd,2100,182668.45190170372
bgr,2100,4732.792180964444
bhr,2100,3239.3179240505674
bhs,2100,650.7497149424313
bih,2100,1895.8796096621213
blr,2100,6259.687546958107
blz,2100,656.7204874849219
bmu,2100,47.59577938604517
bol,2100,20348.644167227605
bra,2100,261253.20914604294
brb,2100,277.32851574731006
brn,2100,681.5670472058415
btn,2100,1309.3006481927775
bwa,2100,1967.2764723200667
caf,2100,5259.400066239627
can,2100,40612.5487470637
che,2100,7095.957365378101
chi,2100,123.58895895498776
chl,2100,24063.659034744604
chn,2100,1103506.284059795
civ,2100,25273.68928835698
cmr,2100,27638.010417401256
cod,2100,135228.3511205865
cog,2100,6969.674612978523
cok,2100,11.230118073258028
col,2100,81526.94175600991
com,2100,955.5932217063635
cpv,2100,365.56736960550745
cri,2100,8620.595497915248
cub,2100,6914.533426240938
cym,2100,85.03211927224581
cyp,2100,1130.3941374038857
cze,2100,10094.805098276693
deu,2100,49511.279537747345
dji,2100,941.9577328449524
dma,2100,98.06301189417849
dnk,2100,5558.901996146191
dom,2100,16685.05232455955
dza,2100,34049.183318841264
ecu,2100,28145.537561799436
egy,2100,98507.47738478317
eri,2100,5649.283621211996
esh,2100,376.353082981519
esp,2100,34838.62806977094
est,2100,1120.6487456813811
eth,2100,148764.38101599517
fin,2100,5088.576907960091
fji,2100,881.5438436390227
flk,2100,3.904170598430831
fra,2100,61769.083154229964
fro,2100,35.907567595284426
fsm,2100,90.30480856076026
gab,2100,1964.8851240765648
gbr,2100,64972.092349272454
geo,2100,2001.5853190305913
gha,2100,42102.23540519131
gib,2100,25.210249534755068
gin,2100,12436.819927618937
glp,2100,583.8367329791542
gmb,2100,2923.3449138573606
gnb,2100,1976.9375338931561
gnq,2100,1855.7480251758557
grc,2100,6568.973312746145
grd,2100,142.46300560011235
grl,2100,42.12942370230277
gtm,2100,40462.10290526008
guf,2100,617.8108658097698
gum,2100,214.13260132986494
guy,2100,756.1235076170597
hkg,2100,9108.797225453049
hnd,2100,18379.076255802735
hrv,2100,2941.838394920039
hti,2100,15621.145114674822
hun,2100,6487.449466358261
idn,2100,256812.20284394213
imn,2100,62.199131781355334
ind,2100,1340540
irl,2100,5159.9980513992405
irn,2100,75178.36741902544
irq,2100,87217.17375280132
isl,2100,421.1725288845092
isr,2100,22260.98268021452
ita,2100,38203.91147264952
jam,2100,3199.3353144585285
jor,2100,20952.34557528319
jpn,2100,94208
kaz,2100,19651.016607181624
ken,2100,71798.21145029923
kgz,2100,5953.068229823805
khm,2100,22835.915334179936
kir,2100,121.82694061176534
kna,2100,70.53819588971554
kor,2100,38805
kwt,2100,7849.61256005891
lao,2100,9072.905461765806
lbn,2100,6101.802642397198
lbr,2100,9785.497648119155
lby,2100,6473.509381359601
lca,2100,243.49683389641936
lie,2100,28.000594322601145
lka,2100,22232.926993757745
lso,2100,1584.2367677534705
ltu,2100,1808.2141031920207
lux,2100,729.0800029450104
lva,2100,1247.743204823596
mac,2100,821.3060758028423
mar,2100,22951.40310598108
mco,2100,28.18591984680732
mda,2100,1339.1909933097465
mdg,2100,43137.341406449756
mdv,2100,608.0837164681409
mex,2100,200187.89063685448
mhl,2100,63.08138142792021
mkd,2100,1857.018356528329
mli,2100,33782.02282974691
mlt,2100,283.8824222999711
mmr,2100,42888.12721542504
mne,2100,530.8483090477993
mng,2100,5106.643554113539
mnp,2100,61.259413570037594
moz,2100,37351.384792694575
mrt,2100,5475.021694839827
msr,2100,6.842630685393767
mtq,2100,282.02634185877827
mus,2100,880.0172825663238
mwi,2100,46172.1672736401
mys,2100,48670.00835142375
myt,2100,438.96107610552787
nam,2100,2217.879178456168
ncl,2100,463.6036018078938
ner,2100,75910.14390153305
nga,2100,421879.4187242943
nic,2100,8772.935440761574
niu,2100,1.0338656408850648
nld,2100,14248.203745458442
nor,2100,6538.938921492358
npl,2100,47391.864610527955
nru,2100,11.402948926097176
nzl,2100,4159.511768269739
omn,2100,7831.199209595548
pak,2100,376188.440051649
pan,2100,7275.771957299311
per,2100,39693.650397911944
phl,2100,177282.49033621317
plw,2100,19.400278607291394
png,2100,14020.501753926923
pol,2100,24522.721162223672
pri,2100,2004.7883162405885
prk,2100,24924.855683570804
prt,2100,7326.274034601981
pry,2100,13128.768725653008
pse,2100,6114.935966565689
pyf,2100,385.31353399848797
qat,2100,4023.2411239161843
reu,2100,876.5208459508665
rom,2100,10074.298819090991
rus,2100,125060.99567960345
rwa,2100,20639.40648087786
sau,2100,64142.14022785926
sdn,2100,52158.35153166141
sen,2100,23128.23675005719
sgp,2100,6158.134035973336
shn,2100,4.194685892649803
slb,2100,1183.5874845356682
sle,2100,10234.723441449229
slv,2100,6575.476469594444
smr,2100,24.863511457208045
som,2100,18442.38796330976
spm,2100,4.45125293629408
srb,2100,6619.964093134763
stp,2100,162.7534668541295
sur,2100,878.5323588644999
svk,2100,4100.670494734034
svn,2100,2014.4428454777737
swe,2100,11296.511650177052
swz,2100,948.0471506521965
syc,2100,67.92887923479847
syr,2100,29267.02807104265
tca,2100,49.56808832115021
tcd,2100,26939.59550927339
tgo,2100,8988.708669934289
tha,2100,58006.824118086384
tjk,2100,8297.149753726231
tkl,2100,0.7995057334083393
tkm,2100,5813.322902752751
tls,2100,2753.3150919586615
ton,2100,93.44821192113822
tto,2100,1089.3655814222898
tun,2100,7738.740695044804
tur,2100,68309.71401297481
tuv,2100,12.189283456684246
twn,2100,25871.58885280833
tza,2100,103098.92863667803
uga,2100,108785.95605506496
ukr,2100,33550.90533024444
ury,2100,3633.8759347650625
usa,2100,552659.2116837595
uzb,2100,30758.44451713325
vct,2100,111.67352076024362
ven,2100,52948.32025777963
vgb,2100,40.160332140245444
vir,2100,133.7142269908416
vnm,2100,109446.30136834054
vut,2100,537.1504585679755
wlf,2100,7.832857289126748
wsm,2100,155.16131277221055
yem,2100,73624.20761296301
zaf,2100,44132.90038806479
zmb,2100,32966.60328384857
zwe,2100,8883.11803776424
